run, initial grid state, final grid state, mean grid cell occupancy, mean binding site occupancy, fraction of time with N TFs bound, warning
1, 000000, 000000, 8.23051974370737e-05, 8.23051974370737e-05, 0.9995061688153775 0.0004938311846224421, 
2, 111111, 111111, 0.988857856269368, 0.988857856269368, 0.0 0.0 0.0 0.0 0.0 0.06685286238379183 0.9331471376162082, 
3, 000000, 000000, 0.00011086098737459869, 0.00011086098737459869, 0.9993348340757524 0.0006651659242475922, 
4, 000000, 000000, 0.00011210996325578202, 0.00011210996325578202, 0.9993273402204653 0.0006726597795346922, 
5, 000000, 000000, 0.00013136897491850373, 0.00013136897491850373, 0.999211786150489 0.0007882138495110225, 
6, 000000, 000000, 8.434974996860946e-05, 8.434974996860946e-05, 0.9994939015001884 0.0005060984998116569, 
7, 000000, 000000, 0.00017548182438253344, 0.00017548182438253344, 0.9989471090537049 0.0010528909462952005, 
8, 000000, 000000, 0.00012201706687611589, 0.00012201706687611589, 0.9992678975987432 0.0007321024012566954, 
9, 000000, 000000, 7.66334000355673e-05, 7.66334000355673e-05, 0.9995401995997866 0.0004598004002134038, 
10, 000000, 000000, 0.0001231618292962422, 0.0001231618292962422, 0.9992610290242225 0.0007389709757774532, 
11, 011111, 111110, 0.9440850011921427, 0.9440850011921427, 0.0 0.0 0.0 0.0 0.0 0.33548999284714376 0.6645100071528562, 
12, 111111, 111111, 1.0, 1.0, 0.0 0.0 0.0 0.0 0.0 0.0 1.0, 
13, 000000, 000000, 6.863391882820375e-05, 6.863391882820375e-05, 0.9995881964870308 0.0004118035129692226, 
14, 000000, 000000, 0.00011822139122021644, 0.00011822139122021644, 0.9992906716526787 0.0007093283473212986, 
15, 000000, 000000, 0.0001020805639436179, 0.0001020805639436179, 0.9993875166163383 0.0006124833836617075, 
16, 000000, 000000, 9.815309977549573e-05, 9.815309977549573e-05, 0.999411081401347 0.0005889185986529744, 
17, 111111, 011111, 0.9395723964812697, 0.9395723964812697, 0.0 0.0 0.0 0.0 0.0 0.3625656211123826 0.6374343788876173, 
18, 000000, 000000, 0.00011222426652567542, 0.00011222426652567542, 0.9993266544008459 0.0006733455991540524, 
19, 000000, 000000, 0.00012038099742409511, 0.00012038099742409511, 0.9992777140154554 0.0007222859845445706, 
20, 000000, 000000, 0.00012429369563890684, 0.00012429369563890684, 0.9992542378261665 0.0007457621738334412, 
21, 000000, 000000, 0.0001270873176115156, 0.0001270873176115156, 0.9992374760943309 0.0007625239056690937, 
22, 000000, 000000, 0.00011057875186939511, 0.00011057875186939511, 0.9993365274887835 0.0006634725112163707, 
23, 000000, 000000, 0.00010260083146396403, 0.00010260083146396403, 0.9993843950112162 0.0006156049887837842, 
24, 000000, 000000, 0.00012829345790007994, 0.00012829345790007994, 0.9992302392525995 0.0007697607474004797, 
25, 000000, 000000, 0.00011419338089226354, 0.00011419338089226354, 0.9993148397146464 0.0006851602853535815, 
26, 111111, 011111, 0.8691279859679966, 0.8691279859679966, 0.0 0.0 0.0 0.0 0.17332318587432463 0.4385857124433709 0.3880911016823045, 
27, 000000, 000000, 9.492810910963129e-05, 9.492810910963129e-05, 0.9994304313453422 0.0005695686546577877, 
28, 000000, 000000, 0.00010921102033822307, 0.00010921102033822307, 0.9993447338779707 0.0006552661220293385, 
29, 000000, 000000, 0.00011670095815216525, 0.00011670095815216525, 0.9992997942510871 0.0007002057489129915, 
30, 000000, 000000, 0.00012576766094736725, 0.00012576766094736725, 0.9992453940343159 0.0007546059656842034, 
31, 000000, 000000, 0.00011625343151497615, 0.00011625343151497615, 0.9993024794109102 0.000697520589089857, 
32, 000000, 000000, 5.3770635463164445e-05, 5.3770635463164445e-05, 0.999677376187221 0.0003226238127789866, 
33, 000000, 000000, 9.405004865408117e-05, 9.405004865408117e-05, 0.9994356997080756 0.000564300291924487, 
34, 000000, 000000, 0.00012082655631238923, 0.00012082655631238923, 0.9992750406621257 0.0007249593378743355, 
35, 011110, 111110, 0.6903574831843576, 0.6903574831843576, 0.0 0.0 0.18637975348864508 0.1204583452527361 0.30172167640195086 0.14751769837716425 0.24392252647950372, 
36, 000000, 000000, 0.00012775958008521925, 0.00012775958008521925, 0.9992334425194888 0.0007665574805113156, 
37, 000000, 000000, 8.877605433229079e-05, 8.877605433229079e-05, 0.9994673436740061 0.0005326563259937448, 
38, 000000, 000000, 9.522924335395298e-05, 9.522924335395298e-05, 0.9994286245398764 0.0005713754601237178, 
39, 000000, 000000, 0.00012128589713876939, 0.00012128589713876939, 0.9992722846171673 0.0007277153828326163, 
40, 011110, 111111, 0.9456988862826035, 0.9456988862826035, 0.0 0.0 0.0 0.0 0.0299373797056292 0.2659319228931213 0.7041306974012495, 
41, 000000, 000000, 8.49956428540969e-05, 8.49956428540969e-05, 0.9994900261428754 0.0005099738571245814, 
42, 111111, 111111, 0.84817089751469, 0.84817089751469, 0.0 0.0 0.0 0.0 0.22655518972791647 0.45786423545602656 0.3155805748160569, 
43, 000000, 000000, 0.0001505009914134781, 0.0001505009914134781, 0.9990969940515191 0.0009030059484808686, 
44, 000000, 000000, 0.00011975142995703734, 0.00011975142995703734, 0.9992814914202577 0.000718508579742224, 
45, 000000, 000000, 7.24656747235046e-05, 7.24656747235046e-05, 0.999565205951659 0.00043479404834102754, 
46, 000000, 000000, 0.00013662813731460394, 0.00013662813731460394, 0.9991802311761123 0.0008197688238876236, 
47, 000000, 000000, 0.00010560342182624938, 0.00010560342182624938, 0.9993663794690425 0.0006336205309574964, 
48, 000000, 000000, 9.069716830096674e-05, 9.069716830096674e-05, 0.9994558169901943 0.0005441830098058004, 
49, 111111, 011110, 0.6747463935474707, 0.6747463935474707, 0.0 0.0 0.08826437339324716 0.29706958121239424 0.2212601338601155 0.26473513378477315 0.12867077774946997, 
50, 000000, 000000, 9.637809484784768e-05, 9.637809484784768e-05, 0.9994217314309128 0.0005782685690870861, 
51, 000000, 000000, 0.0001245066372200853, 0.0001245066372200853, 0.9992529601766795 0.0007470398233205118, 
52, 000000, 000000, 0.00012998283466446434, 0.00012998283466446434, 0.9992201029920132 0.0007798970079867859, 
53, 000000, 000000, 0.00015531149376787773, 0.00015531149376787773, 0.9990681310373927 0.0009318689626072663, 
54, 000000, 000000, 0.00013839932769394383, 0.00013839932769394383, 0.9991696040338364 0.000830395966163663, 
55, 000000, 000000, 0.00015968597799086127, 0.00015968597799086127, 0.9990418841320547 0.0009581158679451675, 
56, 000000, 000000, 9.234147216750776e-05, 9.234147216750776e-05, 0.9994459511669949 0.0005540488330050466, 
57, 000000, 000000, 7.626323408042087e-05, 7.626323408042087e-05, 0.9995424205955175 0.0004575794044825252, 
58, 111111, 011111, 0.9317546607167507, 0.9317546607167507, 0.0 0.0 0.0 0.0 0.0 0.40947203569949536 0.5905279643005046, 
59, 000000, 000000, 0.00011245088226503593, 0.00011245088226503593, 0.9993252947064099 0.0006747052935902156, 
60, 000000, 000000, 0.0001339200535074661, 0.0001339200535074661, 0.9991964796789553 0.0008035203210447967, 
61, 000000, 000000, 8.444365765709914e-05, 8.444365765709914e-05, 0.9994933380540574 0.0005066619459425948, 
62, 000000, 000000, 0.0001415659717350795, 0.0001415659717350795, 0.9991506041695897 0.0008493958304104769, 
63, 000000, 000000, 7.795608186409673e-05, 7.795608186409673e-05, 0.9995322635088154 0.00046773649118458043, 
64, 011111, 111110, 0.7120114782161414, 0.7120114782161414, 0.0 0.0 0.0 0.2804156707682315 0.29029712430838955 0.306089869781678 0.12319733514170098, 
65, 111111, 111111, 0.8639874093231179, 0.8639874093231179, 0.0 0.0 0.0 0.06520261355612778 0.11314106970607982 0.3941855639807503 0.4274707527570422, 
66, 000000, 000000, 0.0001576104385699603, 0.0001576104385699603, 0.9990543373685802 0.0009456626314197617, 
67, 000000, 000000, 7.280827823144884e-05, 7.280827823144884e-05, 0.9995631503306113 0.000436849669388693, 
68, 000000, 000000, 0.00011868247885385623, 0.00011868247885385623, 0.9992879051268767 0.0007120948731231374, 
69, 000000, 000000, 8.616868824715602e-05, 8.616868824715602e-05, 0.999482987870517 0.000517012129482936, 
70, 000000, 000000, 7.379424220724386e-05, 7.379424220724386e-05, 0.9995572345467566 0.0004427654532434631, 
71, 000000, 000000, 9.300989443257536e-05, 9.300989443257536e-05, 0.9994472323981392 0.0005474758371261183 5.291764734666903e-06, 
72, 000000, 000000, 0.00016807174487497672, 0.00016807174487497672, 0.9989915695307502 0.0010084304692498604, 
73, 000000, 000000, 0.00011181868118934261, 0.00011181868118934261, 0.9993354124979785 0.0006582629169069114 6.324585114572161e-06, 
74, 000000, 000000, 0.00010081085411664063, 0.00010081085411664063, 0.9993951348753001 0.0006048651246998439, 
75, 000000, 000000, 9.975991510317027e-05, 9.975991510317027e-05, 0.999401440509381 0.0005985594906190218, 
76, 000000, 000000, 0.01098070780966048, 0.01098070780966048, 0.9667382841724195 0.0006391847971981122 0.03262253103038239, 
77, 000000, 000000, 0.00012591997380253654, 0.00012591997380253654, 0.9992444801571847 0.0007555198428152194, 
78, 111111, 111111, 0.928515796707754, 0.928515796707754, 0.0 0.0 0.0 0.0 0.0 0.4289052197534769 0.571094780246523, 
79, 000000, 000000, 7.459926708852418e-05, 7.459926708852418e-05, 0.9995524043974688 0.00044759560253114505, 
80, 000000, 000000, 7.882008772931869e-05, 7.882008772931869e-05, 0.999527079473624 0.00047292052637591214, 
81, 000000, 000000, 9.332570846999493e-05, 9.332570846999493e-05, 0.99944004574918 0.0005599542508199696, 
82, 011111, 111111, 0.8008678929645482, 0.8008678929645482, 0.0 0.0 0.00979346797042031 0.1999803607154628 0.19359858308368783 0.16848052201726613 0.42814706621316295, 
83, 000000, 000000, 9.105687396886783e-05, 9.105687396886783e-05, 0.9994536587561867 0.000546341243813207, 
84, 000000, 000000, 0.00010543065613588309, 0.00010543065613588309, 0.9993674160631847 0.0006325839368152986, 
85, 000000, 000000, 7.485070795133901e-05, 7.485070795133901e-05, 0.9995508957522921 0.00044910424770803407, 
86, 000000, 000000, 0.0001027768297367142, 0.0001027768297367142, 0.9993833390215796 0.0006166609784202853, 
87, 000000, 000000, 0.00010558850977388912, 0.00010558850977388912, 0.9993664689413567 0.0006335310586433348, 
88, 000000, 000000, 9.738245420459289e-05, 9.738245420459289e-05, 0.9994157052747724 0.0005842947252275573, 
89, 000000, 000000, 0.00010452027711006063, 0.00010452027711006063, 0.9993728783373396 0.0006271216626603639, 
90, 011111, 111100, 0.912695574084184, 0.912695574084184, 0.0 0.0 0.0 0.0 0.10724156225616563 0.30934343098256467 0.5834150067612697, 
91, 000000, 000000, 0.00011485660495445496, 0.00011485660495445496, 0.9993108603702733 0.0006891396297267299, 
92, 000000, 000000, 8.944494701603531e-05, 8.944494701603531e-05, 0.9994633303179037 0.000536669682096212, 
93, 000000, 000000, 0.0001237439844745538, 0.0001237439844745538, 0.9992575360931527 0.0007424639068473228, 
94, 000000, 000000, 8.252945790479996e-05, 8.252945790479996e-05, 0.9995048232525713 0.0004951767474287998, 
95, 000000, 000000, 0.0001604695640624308, 0.0001604695640624308, 0.9990371826156255 0.0009628173843745848, 
96, 000000, 000000, 0.0001180472443003741, 0.0001180472443003741, 0.9992917165341978 0.0007082834658022446, 
97, 000000, 000000, 0.00010547107451754816, 0.00010547107451754816, 0.9993671735528947 0.0006328264471052891, 
98, 000000, 000000, 0.00011940136834833021, 0.00011940136834833021, 0.99928359178991 0.0007164082100899813, 
99, 000000, 000000, 0.00011263078148849479, 0.00011263078148849479, 0.9993242153110691 0.0006757846889309687, 
100, 000000, 000000, 9.636086826866788e-05, 9.636086826866788e-05, 0.999421834790388 0.0005781652096120072, 
