run, initial grid state, final grid state, mean grid cell occupancy, mean binding site occupancy, fraction of time with N TFs bound, warning
1, 000000, 000000, 0.00015329043564824577, 0.00015329043564824577, 0.9990802573861105 0.0009197426138894747, 
2, 000000, 000000, 5.788027223049741e-05, 5.788027223049741e-05, 0.999652718366617 0.0003472816333829845, 
3, 000000, 000000, 7.099346527384945e-05, 7.099346527384945e-05, 0.999574039208357 0.00042596079164309675, 
4, 000000, 000000, 2.5231086100633038e-05, 2.5231086100633038e-05, 0.9998486134833963 0.00015138651660379822, 
5, 000000, 000000, 0.000240026876980346, 0.000240026876980346, 0.9985598387381178 0.001440161261882076, 
6, 000000, 000000, 8.237396527132595e-07, 8.237396527132595e-07, 0.9999950575620836 4.9424379162795575e-06, 
7, 000000, 000000, 0.00011339343800830754, 0.00011339343800830754, 0.9993196393719501 0.0006803606280498453, 
8, 000000, 000000, 0.00020142477303254703, 0.00020142477303254703, 0.9987914513618047 0.0012085486381952823, 
9, 000000, 000000, 0.00010123844527867017, 0.00010123844527867017, 0.9993925693283279 0.000607430671672021, 
10, 111111, 011111, 0.9763349721584171, 0.9763349721584171, 0.0 0.0 0.0 0.0 0.0 0.14199016704949724 0.8580098329505028, 
11, 000000, 000000, 2.113167863261476e-05, 2.113167863261476e-05, 0.9998732099282044 0.00012679007179568853, 
12, 001111, 011111, 0.6854467136894629, 0.6854467136894629, 0.0 0.0 0.0 0.0 0.8873197178632233 0.11268028213677674, 
13, 000000, 000000, 0.00036128761559794595, 0.00036128761559794595, 0.9978322743064124 0.0021677256935876757, 
14, 000000, 000000, 1.9539196959843102e-05, 1.9539196959843102e-05, 0.999882764818241 0.00011723518175905862, 
15, 000000, 000000, 0.00013073886406554235, 0.00013073886406554235, 0.9992155668156067 0.000784433184393254, 
16, 000000, 000000, 8.544976522126096e-05, 8.544976522126096e-05, 0.9994873014086725 0.0005126985913275659, 
17, 000000, 000000, 4.2651537796359836e-05, 4.2651537796359836e-05, 0.9997440907732218 0.00025590922677815904, 
18, 000000, 000000, 3.9997085542771803e-05, 3.9997085542771803e-05, 0.9997600174867434 0.00023998251325663082, 
19, 000000, 000000, 1.7906197162929776e-05, 1.7906197162929776e-05, 0.9998925628170223 0.00010743718297757865, 
20, 111111, 111111, 1.0, 1.0, 0.0 0.0 0.0 0.0 0.0 0.0 1.0, 
21, 000000, 000000, 0.00019732866797657721, 0.00019732866797657721, 0.9988160279921405 0.0011839720078594634, 
22, 000000, 000000, 0.0002824635697153245, 0.0002824635697153245, 0.9983052185817081 0.0016947814182919467, 
23, 000000, 000000, 0.00013415904535188014, 0.00013415904535188014, 0.9991992851496023 0.0007964754286843278 4.239421713476624e-06, 
24, 000000, 000000, 0.00012348046315021737, 0.00012348046315021737, 0.9992591172210986 0.0007408827789013042, 
25, 000000, 000000, 0.00012083819778428752, 0.00012083819778428752, 0.9992749708132943 0.0007250291867057251, 
26, 000000, 000000, 3.8477059007743534e-05, 3.8477059007743534e-05, 0.9997691376459535 0.00023086235404646126, 
27, 000000, 000000, 3.0258816292809484e-05, 3.0258816292809484e-05, 0.9998184471022432 0.00018155289775685692, 
28, 000000, 000000, 5.682218187773473e-05, 5.682218187773473e-05, 0.9996590669087336 0.0003409330912664084, 
29, 000000, 000000, 0.0002628066544157068, 0.0002628066544157068, 0.9984231600735057 0.001576839926494241, 
30, 000000, 000000, 1.0093424903972755e-05, 1.0093424903972755e-05, 0.9999394394505761 6.0560549423836535e-05, 
31, 000000, 000000, 0.00017799523166057076, 0.00017799523166057076, 0.9989320286100366 0.0010679713899634246, 
32, 000000, 000000, 3.5793334191801214e-05, 3.5793334191801214e-05, 0.9997852399948494 0.00021476000515080728, 
33, 000000, 000000, 0.00011886104455990026, 0.00011886104455990026, 0.9992868337326406 0.0007131662673594016, 
34, 000000, 000000, 4.327996012334904e-05, 4.327996012334904e-05, 0.99974032023926 0.00025967976074009426, 
35, 000000, 000000, 0.00012243692385390217, 0.00012243692385390217, 0.9992653784568766 0.0007346215431234131, 
36, 000000, 000000, 0.00010650033569400208, 0.00010650033569400208, 0.999360997985836 0.0006390020141640125, 
37, 000000, 000000, 9.811147525015523e-05, 9.811147525015523e-05, 0.9994113311484991 0.0005886688515009314, 
38, 000000, 000000, 6.418376831962964e-05, 6.418376831962964e-05, 0.9996148973900822 0.00038510260991777786, 
39, 111110, 111110, 0.8333333333333334, 0.8333333333333334, 0.0 0.0 0.0 0.0 0.0 1.0, 
40, 000000, 000000, 3.428219052250599e-05, 3.428219052250599e-05, 0.999794306856865 0.00020569314313503595, 
41, 000000, 000000, 0.0002592971663030837, 0.0002592971663030837, 0.9984442170021817 0.0015557829978185022, 
42, 000000, 000000, 7.867002163391255e-05, 7.867002163391255e-05, 0.9995279798701965 0.0004720201298034753, 
43, 000000, 000000, 0.00016509699386168264, 0.00016509699386168264, 0.99900941803683 0.000990581963170096, 
44, 111111, 111111, 1.0, 1.0, 0.0 0.0 0.0 0.0 0.0 0.0 1.0, 
45, 000000, 000000, 7.356276598319312e-05, 7.356276598319312e-05, 0.999558623404101 0.00044137659589915874, 
46, 111111, 111111, 1.0, 1.0, 0.0 0.0 0.0 0.0 0.0 0.0 1.0, 
47, 000000, 000000, 6.957215817228697e-05, 6.957215817228697e-05, 0.9995825670509663 0.00041743294903372186, 
48, 000000, 000000, 0.00010249174329188517, 0.00010249174329188517, 0.9993850495402486 0.0006149504597513111, 
49, 111111, 111111, 1.0, 1.0, 0.0 0.0 0.0 0.0 0.0 0.0 1.0, 
50, 000000, 000000, 5.6402669714896075e-05, 5.6402669714896075e-05, 0.9996615839817106 0.0003384160182893765, 
51, 000000, 000000, 2.215481894752592e-06, 2.215481894752592e-06, 0.9999867071086314 1.3292891368515554e-05, 
52, 111111, 111111, 1.0, 1.0, 0.0 0.0 0.0 0.0 0.0 0.0 1.0, 
53, 000000, 000000, 8.218881976771041e-05, 8.218881976771041e-05, 0.9995068670813937 0.0004931329186062625, 
54, 000000, 000000, 7.172755228225166e-05, 7.172755228225166e-05, 0.9995696346863066 0.0004303653136935099, 
55, 000000, 000000, 9.485449496889601e-06, 9.485449496889601e-06, 0.9999430873030187 5.691269698133761e-05, 
56, 000000, 000000, 0.0001602587326625402, 0.0001602587326625402, 0.9990384476040247 0.0009615523959752414, 
57, 000000, 000000, 0.00028102700913880787, 0.00028102700913880787, 0.9983138379451673 0.0016861620548328474, 
58, 000000, 000000, 5.990348369056878e-05, 5.990348369056878e-05, 0.9996405790978566 0.0003594209021434127, 
59, 111111, 111111, 1.0, 1.0, 0.0 0.0 0.0 0.0 0.0 0.0 1.0, 
60, 000000, 000000, 7.532987183763591e-05, 7.532987183763591e-05, 0.9995480207689741 0.0004519792310258154, 
61, 000000, 000000, 0.0001329330506851328, 0.0001329330506851328, 0.9992024016958893 0.0007975983041107969, 
62, 000000, 000000, 0.0001631703942787082, 0.0001631703942787082, 0.9990209776343278 0.0009790223656722494, 
63, 000000, 000000, 0.00015608871235449608, 0.00015608871235449608, 0.9990634677258732 0.0009365322741269766, 
64, 000000, 000000, 7.126823985938157e-05, 7.126823985938157e-05, 0.9995723905608438 0.0004276094391562894, 
65, 111111, 111110, 0.8875099974542552, 0.8875099974542552, 0.0 0.0 0.0 0.0 0.0 0.6749400152744691 0.32505998472553094, 
66, 000000, 000000, 0.00011209744629826798, 0.00011209744629826798, 0.9993274153222104 0.0006725846777896078, 
67, 000000, 000000, 6.879030262416471e-05, 6.879030262416471e-05, 0.999587258184255 0.00041274181574498827, 
68, 000000, 000000, 0.00012979908021048481, 0.00012979908021048481, 0.999221205518737 0.0007787944812629089, 
69, 000000, 000000, 3.0231859425911367e-05, 3.0231859425911367e-05, 0.9998186088434444 0.00018139115655546823, 
70, 000000, 000000, 0.00010823766432010331, 0.00010823766432010331, 0.9993505740140795 0.00064942598592062, 
71, 000000, 000000, 0.0001723168551491273, 0.0001723168551491273, 0.9989660988691051 0.0010339011308947638, 
72, 000000, 000000, 5.1893219675611014e-05, 5.1893219675611014e-05, 0.9996886406819463 0.00031135931805366607, 
73, 000000, 000000, 0.00012362692275166913, 0.00012362692275166913, 0.99925823846349 0.0007417615365100149, 
74, 000000, 000000, 8.823248402110515e-06, 8.823248402110515e-06, 0.9999470605095871 5.2939490412663084e-05, 
75, 000000, 000000, 5.7103566497687605e-05, 5.7103566497687605e-05, 0.9996573786010139 0.00034262139898612564, 
76, 000000, 000000, 1.6476619138427467e-05, 1.6476619138427467e-05, 0.9999011402851694 9.885971483056483e-05, 
77, 000000, 000000, 2.7509344700337467e-05, 2.7509344700337467e-05, 0.999834943931798 0.0001650560682020248, 
78, 111110, 111100, 0.7308059952736955, 0.7308059952736955, 0.0 0.0 0.0 0.0 0.6151640283578268 0.38483597164217326, 
79, 000000, 000000, 0.00013896802416266647, 0.00013896802416266647, 0.999166191855024 0.0008338081449759988, 
80, 000000, 000000, 6.844838002620182e-05, 6.844838002620182e-05, 0.9995893097198426 0.000410690280157211, 
81, 000000, 000000, 5.502273514151504e-05, 5.502273514151504e-05, 0.999669863589151 0.0003301364108490903, 
82, 000000, 000000, 3.361087696570844e-05, 3.361087696570844e-05, 0.9997983347382058 0.0002016652617942506, 
83, 000000, 000000, 0.00010343060085302092, 0.00010343060085302092, 0.9993794163948818 0.0006205836051181255, 
84, 000000, 000000, 5.8444931595835133e-05, 5.8444931595835133e-05, 0.999649330410425 0.0003506695895750108, 
85, 111111, 111111, 1.0, 1.0, 0.0 0.0 0.0 0.0 0.0 0.0 1.0, 
86, 000000, 000000, 7.742123462472095e-05, 7.742123462472095e-05, 0.9995354725922517 0.00046452740774832583, 
87, 000000, 000000, 0.00012519987728409782, 0.00012519987728409782, 0.9992488007362954 0.000751199263704587, 
88, 000000, 000000, 0.00013870156596429924, 0.00013870156596429924, 0.9991677906042141 0.0008322093957857956, 
89, 000000, 000000, 1.574302643425163e-05, 1.574302643425163e-05, 0.9999055418413944 9.445815860550978e-05, 
90, 000000, 000000, 8.060363259718626e-05, 8.060363259718626e-05, 0.9995163782044169 0.0004836217955831176, 
91, 111111, 111111, 1.0, 1.0, 0.0 0.0 0.0 0.0 0.0 0.0 1.0, 
92, 111111, 011111, 0.7621537478419804, 0.7621537478419804, 0.0 0.0 0.0 0.0 0.49084815403955606 0.4453812048690055 0.06377064109143846, 
93, 000000, 000000, 0.00012365251230241506, 0.00012365251230241506, 0.9992580849261855 0.0007419150738144903, 
94, 001110, 011000, 0.37686818614010004, 0.37686818614010004, 0.0 0.0 0.7391342851095503 0.2605223129402992 0.0003434019501505634, 
95, 000000, 000000, 0.00012840595352778226, 0.00012840595352778226, 0.9992295642788334 0.0007704357211666935, 
96, 000000, 000000, 0.00014618567210967088, 0.00014618567210967088, 0.9991228859673419 0.0008771140326580253, 
97, 000000, 000000, 0.00015775644588410056, 0.00015775644588410056, 0.9990534613246954 0.0009465386753046034, 
98, 000000, 000000, 5.493823426498568e-05, 5.493823426498568e-05, 0.9996703705944101 0.0003296294055899141, 
99, 000000, 000000, 0.00012045131529295665, 0.00012045131529295665, 0.9992772921082422 0.0007227078917577399, 
100, 000000, 000000, 0.0001591018589153834, 0.0001591018589153834, 0.9990453888465078 0.0009546111534923006, 
