run, initial grid state, final grid state, mean grid cell occupancy, mean binding site occupancy, fraction of time with N TFs bound, warning
1, 000000, 000000, 0.00043168723347059473, 0.00043168723347059473, 0.9974098765991765 0.002590123400823569, 
2, 000000, 000000, 0.0004766113066810823, 0.0004766113066810823, 0.9972583381860595 0.0026236557877944116 0.00011800602614604112, 
3, 000000, 000000, 0.0004447063998972551, 0.0004447063998972551, 0.9973317616006165 0.0026682383993835304, 
4, 000000, 000000, 0.00037829949753034306, 0.00037829949753034306, 0.9977302030148179 0.0022697969851820585, 
5, 000000, 000000, 0.0003673700476950953, 0.0003673700476950953, 0.9977957797138294 0.0022042202861705723, 
6, 000000, 000000, 0.019720259924477974, 0.019720259924477974, 0.9471989548198787 0.0025001321545210326 0.03729970775009291 0.01078280920986895 0.002218396065638537, 
7, 000000, 000000, 0.00043671436323653893, 0.00043671436323653893, 0.9973860106646928 0.002607692491195128 6.296844112052658e-06, 
8, 000000, 000000, 0.0003509874120706629, 0.0003509874120706629, 0.9978940755275759 0.002105924472423977, 
9, 000000, 000000, 0.0005309669277998517, 0.0005309669277998517, 0.9968304630358787 0.003153272361443312 1.6264602677899203e-05, 
10, 000000, 000000, 0.0005483650244053594, 0.0005483650244053594, 0.9967098098535678 0.003290190146432157, 
11, 000000, 000000, 0.0004737694625839076, 0.0004737694625839076, 0.9971573832244965 0.002842616775503446, 
12, 000000, 000000, 0.0003631260781699699, 0.0003631260781699699, 0.9978212435309801 0.00217875646901982, 
13, 000000, 000000, 0.00033778787358148995, 0.00033778787358148995, 0.9979732727585109 0.00202672724148894, 
14, 000000, 000000, 0.0003900999346635137, 0.0003900999346635137, 0.997659400392019 0.0023405996079810826, 
15, 000000, 000000, 0.0004847915103638081, 0.0004847915103638081, 0.997091250937817 0.002908749062182849, 
16, 000000, 000000, 0.00043454038292927143, 0.00043454038292927143, 0.997393636922807 0.0026054838568102512 8.79220382688945e-07, 
17, 000000, 000000, 0.00033012639960278687, 0.00033012639960278687, 0.9980192416023832 0.0019807583976167212, 
18, 000000, 000000, 0.0003612679237778083, 0.0003612679237778083, 0.9978323924573331 0.0021676075426668496, 
19, 000000, 000000, 0.0004653131050106699, 0.0004653131050106699, 0.997208121369936 0.0027918786300640194, 
20, 000000, 000000, 0.00043204346212131854, 0.00043204346212131854, 0.997407739227272 0.002592260772727911, 
21, 000000, 000000, 0.0004650137890467966, 0.0004650137890467966, 0.9972151136665242 0.002779689932670875 5.196400804952248e-06, 
22, 000000, 000000, 0.000499465588016549, 0.000499465588016549, 0.9970032064719007 0.002996793528099294, 
23, 000000, 000000, 0.0043778147511883405, 0.0043778147511883405, 0.9860215110309272 0.002414721338525917 0.010839135723036852 0.0007246319075101414, 
24, 000000, 000000, 0.0015651237935433242, 0.0015651237935433242, 0.9939535134998696 0.002702230239001019 0.0033442562611294634, 
25, 000000, 000000, 0.00048204763267889234, 0.00048204763267889234, 0.9971106213438203 0.002886471516286089 2.9071398936327415e-06, 
26, 000000, 000000, 0.00036784456645908253, 0.00036784456645908253, 0.9977929326012455 0.002207067398754495, 
27, 000000, 000000, 0.00040253234538130677, 0.00040253234538130677, 0.9975848059277123 0.002415194072287841, 
28, 000000, 000000, 0.00044758456399481206, 0.00044758456399481206, 0.9973144926160311 0.0026855073839688725, 
29, 000000, 000000, 0.00043230684321177404, 0.00043230684321177404, 0.9974061589407294 0.0025938410592706448, 
30, 000000, 000000, 0.00042138323549230675, 0.00042138323549230675, 0.9974723312667405 0.002527038053565014 6.306796944131694e-07, 
31, 000000, 000000, 0.0004960936516971832, 0.0004960936516971832, 0.9970254260919484 0.0029725859059202085 1.9880021314452794e-06, 
32, 000000, 000000, 0.0004126045626007737, 0.0004126045626007737, 0.9975243726243953 0.0024756273756046426, 
33, 000000, 000000, 0.00038620353084304975, 0.00038620353084304975, 0.9976827788149417 0.002317221185058299, 
34, 000000, 000000, 0.00044133570198403384, 0.00044133570198403384, 0.9973519857880958 0.0026480142119042027, 
35, 000000, 000000, 0.0003852754502001737, 0.0003852754502001737, 0.997688347298799 0.002311652701201042, 
36, 000000, 000000, 0.00039401547911120384, 0.00039401547911120384, 0.9976359071253328 0.0023640928746672236, 
37, 000000, 000000, 0.00036279253610041587, 0.00036279253610041587, 0.9978232447833976 0.0021767552166024953, 
38, 000000, 000000, 0.0004275169549471784, 0.0004275169549471784, 0.997434898270317 0.0025651017296830707, 
39, 000000, 000000, 0.0004943931888424517, 0.0004943931888424517, 0.9970387919037359 0.0029560570594736758 5.151036790517259e-06, 
40, 000000, 000000, 0.0003281840349145644, 0.0003281840349145644, 0.9980308957905126 0.0019691042094873864, 
41, 000000, 000000, 0.0004086164686106322, 0.0004086164686106322, 0.997571078188915 0.0024061448105062834 2.2777000578754796e-05, 
42, 000000, 000000, 0.0004063497524661935, 0.0004063497524661935, 0.9975619014852029 0.002438098514797161, 
43, 000000, 000000, 0.00041546897869328337, 0.00041546897869328337, 0.9975071861278403 0.0024928138721597008, 
44, 000000, 000000, 0.0003777135938653926, 0.0003777135938653926, 0.9977337184368077 0.002266281563192356, 
45, 000000, 000000, 0.016008938828539734, 0.016008938828539734, 0.96238081760018 0.002241852241122229 0.012320209745977268 0.023057120412720542, 
46, 000000, 000000, 0.0004510810030664856, 0.0004510810030664856, 0.997293513981601 0.0027064860183989136, 
47, 000000, 000000, 0.00042573764319423727, 0.00042573764319423727, 0.9974455741408346 0.002554425859165424, 
48, 000000, 000000, 0.00045003742583694977, 0.00045003742583694977, 0.9972997754449783 0.002700224555021699, 
49, 000000, 000000, 0.00041364555273265324, 0.00041364555273265324, 0.9975184450155863 0.002481236652431462 3.1833198222871675e-07, 
50, 000000, 000000, 0.00045870635724901327, 0.00045870635724901327, 0.9972477618565059 0.0027522381434940796, 
51, 000000, 000000, 0.0004288207403140403, 0.0004288207403140403, 0.9974270755581157 0.002572924441884242, 
52, 000000, 000000, 0.0005024697104155992, 0.0005024697104155992, 0.9969851817375064 0.0030148182624935957, 
53, 000000, 000000, 0.0003815781810322382, 0.0003815781810322382, 0.997710956707839 0.0022886174981284623 4.2579403248350464e-07, 
54, 000000, 000000, 0.0003707323196242318, 0.0003707323196242318, 0.9977756060822546 0.002224393917745391, 
55, 000000, 000000, 0.0004849063394990972, 0.0004849063394990972, 0.9970905619630054 0.0029094380369945835, 
56, 000000, 000000, 0.0004384059398459044, 0.0004384059398459044, 0.9973695643609246 0.0026304356390754267, 
57, 000000, 000000, 0.00045314974124298005, 0.00045314974124298005, 0.9972811015525421 0.0027188984474578798, 
58, 000000, 000000, 0.0004398701514938547, 0.0004398701514938547, 0.9973607790910369 0.002639220908963128, 
59, 000000, 000000, 0.0004223240139584245, 0.0004223240139584245, 0.9974660559162494 0.0025339440837505475, 
60, 000000, 000000, 0.00040479957790027615, 0.00040479957790027615, 0.9975989496018515 0.002373303328895326 2.7747069253165547e-05, 
61, 000000, 000000, 0.00032476418291207433, 0.00032476418291207433, 0.9980514149025276 0.0019485850974724462, 
62, 000000, 000000, 0.0004228272315442603, 0.0004228272315442603, 0.9974630366107344 0.002536963389265562, 
63, 000000, 000000, 0.0004892563420533446, 0.0004892563420533446, 0.99706446194768 0.0029355380523200685, 
64, 000000, 000000, 0.0004686727443231222, 0.0004686727443231222, 0.9971880234398345 0.0028119166543919983 5.990577336723772e-08, 
65, 000000, 000000, 0.0004301562453516729, 0.0004301562453516729, 0.9974190625278899 0.0025809374721100374, 
66, 000000, 000000, 0.00048561944903393917, 0.00048561944903393917, 0.9970927451156347 0.00290079307452712 6.4618098382574735e-06, 
67, 000000, 000000, 0.0004389508458761781, 0.0004389508458761781, 0.9973662949247429 0.002633705075257069, 
68, 000000, 000000, 0.000438067924093459, 0.000438067924093459, 0.9973715924554394 0.0026284075445607547, 
69, 000000, 000000, 0.016592404069896635, 0.016592404069896635, 0.9582733210747102 0.0024022957306847506 0.02337677414745062 0.01339185579482419 0.0025557532523303107, 
70, 000000, 000000, 0.0004574572622600042, 0.0004574572622600042, 0.9972552564264401 0.002744743573560025, 
71, 000000, 000000, 0.0004251997897238898, 0.0004251997897238898, 0.9974488012616566 0.002551198738343339, 
72, 000000, 000000, 0.00045189461838840406, 0.00045189461838840406, 0.9972886322896696 0.002711367710330425, 
73, 000000, 000000, 0.00042984065552148173, 0.00042984065552148173, 0.9974209560668711 0.00257904393312889, 
74, 000000, 000000, 0.0004148087182620167, 0.0004148087182620167, 0.9975111476904278 0.0024888523095721003, 
75, 000000, 000000, 0.0003595370855401843, 0.0003595370855401843, 0.9978427774867589 0.0021572225132411057, 
76, 000000, 000000, 0.00041151776090576144, 0.00041151776090576144, 0.9975308934345654 0.002469106565434569, 
77, 000000, 000000, 0.00047196760764762314, 0.00047196760764762314, 0.9971681943541142 0.002831805645885739, 
78, 000000, 000000, 0.00043957086160459856, 0.00043957086160459856, 0.9973650415524431 0.0026324917254861514 2.4667220707200143e-06, 
79, 000000, 000000, 0.0004075560735081453, 0.0004075560735081453, 0.9975546635589511 0.002445336441048872, 
80, 000000, 000000, 0.00043699801131036933, 0.00043699801131036933, 0.9973806110951924 0.002616789741753093 2.599163054561574e-06, 
81, 000000, 000000, 0.0004572176704609773, 0.0004572176704609773, 0.9972573615368399 0.002741970903554346 6.675596057590041e-07, 
82, 000000, 000000, 0.0004630089293766582, 0.0004630089293766582, 0.99723096186039 0.002760022702960217 9.015436649866276e-06, 
83, 000000, 000000, 0.0004304289895513878, 0.0004304289895513878, 0.9974174260626916 0.0025825739373083263, 
84, 000000, 000000, 0.00042876083570215286, 0.00042876083570215286, 0.997427434985787 0.002572565014212917, 
85, 000000, 000000, 0.00038222054250204693, 0.00038222054250204693, 0.9977066767449877 0.0022933232550122816, 
86, 000000, 000000, 0.00034439110318550175, 0.00034439110318550175, 0.997933653380887 0.0020663466191130106, 
87, 000000, 000000, 0.0004111856236851703, 0.0004111856236851703, 0.9975328862578889 0.002467113742111022, 
88, 000000, 000000, 0.00047672094999826585, 0.00047672094999826585, 0.9971396743000105 0.002860325699989595, 
89, 000000, 000000, 0.00040005629939700055, 0.00040005629939700055, 0.997599662203618 0.0024003377963820035, 
90, 000000, 000000, 0.0003951336986982137, 0.0003951336986982137, 0.9976291978078108 0.0023708021921892823, 
91, 000000, 000000, 0.001526576201710333, 0.001526576201710333, 0.994348240624926 0.002144061539885957 0.003507697835188021, 
92, 000000, 000000, 0.006021075536361971, 0.006021075536361971, 0.9805167228712686 0.002878626665587293 0.016566124836847693 3.8525626296383185e-05, 
93, 000000, 000000, 0.0004347822034611205, 0.0004347822034611205, 0.9973913067792332 0.002608693220766723, 
94, 000000, 000000, 0.0004994218867759442, 0.0004994218867759442, 0.9970034686793444 0.002996531320655665, 
95, 000000, 000000, 0.0004826056299593745, 0.0004826056299593745, 0.9971043662202437 0.002895633779756247, 
96, 000000, 000000, 0.00046500126709345124, 0.00046500126709345124, 0.9972265048577446 0.002756982681950069 1.6512460305319052e-05, 
97, 000000, 000000, 0.0004397808342512036, 0.0004397808342512036, 0.9973613149944929 0.0026386850055072223, 
98, 000000, 000000, 0.0004778154464995978, 0.0004778154464995978, 0.9971331073210024 0.002866892678997587, 
99, 000000, 000000, 0.00043620904038496356, 0.00043620904038496356, 0.9973827457576901 0.0026172542423097815, 
100, 000000, 000000, 0.0004390471014295151, 0.0004390471014295151, 0.997365717391423 0.0026342826085770906, 
