run, initial grid state, final grid state, mean grid cell occupancy, mean binding site occupancy, fraction of time with N TFs bound, warning
1, 000000, 000000, 0.00011327685168006574, 0.00011327685168006574, 0.9993203388899197 0.0006796611100803945, 
2, 111111, 000000, 0.4401803523370792, 0.4401803523370792, 0.496336513214008 0.00027600079257720985 0.0008217707557015048 0.006130175073655786 0.06602476112595633 0.225791672234905 0.20461910680319614, 
3, 000000, 000000, 0.00010600734715646135, 0.00010600734715646135, 0.9993639559170613 0.0006360440829387683, 
4, 000000, 000000, 9.79925157930781e-05, 9.79925157930781e-05, 0.9994120449052415 0.0005879550947584686, 
5, 000000, 000000, 0.00010674579895268055, 0.00010674579895268055, 0.9993595252062839 0.0006404747937160833, 
6, 000000, 000000, 0.00010715022459921451, 0.00010715022459921451, 0.9993570986524046 0.0006429013475952871, 
7, 000000, 000000, 0.00010886180053514315, 0.00010886180053514315, 0.9993468291967891 0.0006531708032108589, 
8, 011111, 111111, 0.9051318558576306, 0.9051318558576306, 0.0 0.0 0.003104871822988028 0.02893650209965699 0.08698869099774259 0.2960024892678085 0.5849674458118039, 
9, 000000, 000000, 0.00012049682349180028, 0.00012049682349180028, 0.9992770190590493 0.0007229809409508018, 
10, 000000, 000000, 9.416096016975983e-05, 9.416096016975983e-05, 0.9994350342389815 0.000564965761018559, 
11, 111111, 111111, 0.9170625604101903, 0.9170625604101903, 0.0 0.0 0.0 0.0014172516449775562 0.025887273547848234 0.4415983355082295 0.5310971392989448, 
12, 000000, 000000, 0.00010972238543796725, 0.00010972238543796725, 0.9993416656873723 0.0006583343126278035, 
13, 000000, 000000, 0.00010936810448853417, 0.00010936810448853417, 0.9993437913730687 0.000656208626931205, 
14, 000000, 000000, 0.00011959556940576025, 0.00011959556940576025, 0.9992824265835654 0.0007175734164345616, 
15, 000000, 111111, 0.860353845881208, 0.860353845881208, 0.024267595157626175 3.3578614890382415e-05 0.02799452258110311 0.00559296919322767 0.11470534929949278 0.33393576418946247 0.4934702209641974, 
16, 000000, 000000, 9.791736751517966e-05, 9.791736751517966e-05, 0.9994131188542559 0.0005862580863972227 6.230593469276606e-07, 
17, 000000, 000000, 0.00010008517231440865, 0.00010008517231440865, 0.9994011374539636 0.000597214058186296 1.6484878500778798e-06, 
18, 000000, 111111, 0.48079952908575285, 0.48079952908575285, 0.4438819954742962 0.0002954320660206132 0.0008317203512686013 0.03287605158592489 0.07735767355556078 0.19376330903563208 0.2509938179312969, 
19, 000000, 111000, 0.8116954464610965, 0.8116954464610965, 0.09084510332839121 5.814104527892164e-05 0.002082812539409532 0.046503291963313355 0.11310807639313418 0.21040871720283263 0.5369938575276403, 
20, 000000, 000000, 0.00011163853245141212, 0.00011163853245141212, 0.9993301688052916 0.0006698311947084727, 
21, 000000, 000000, 0.00012285319756518242, 0.00012285319756518242, 0.9992628808146089 0.0007371191853910945, 
22, 000000, 000000, 9.95669753919312e-05, 9.95669753919312e-05, 0.9994025981476483 0.0005974018523515872, 
23, 000000, 000000, 0.00010149083038820911, 0.00010149083038820911, 0.9993910550176707 0.0006089449823292548, 
24, 000000, 000000, 0.00011035796750640124, 0.00011035796750640124, 0.9993390410068688 0.0006597701812238786 1.1888119072644247e-06, 
25, 000000, 000000, 0.0001047336520029388, 0.0001047336520029388, 0.9993715980879823 0.0006284019120176328, 
26, 011111, 000000, 0.4159471636666956, 0.4159471636666956, 0.5280100500653656 0.0003088887034472968 0.0015607271084757317 0.01033519539965588 0.04606800448780115 0.2053277704819239 0.2083893637533305, 
27, 000000, 000000, 0.00010990571593266589, 0.00010990571593266589, 0.999340565704404 0.0006594342955959954, 
28, 000000, 111110, 0.4471757678956262, 0.4471757678956262, 0.4900992031448437 0.0002951630552749121 0.023845162449148197 0.03668757377255154 0.02412787704843876 0.12117523326968155 0.3037697872600614, 
29, 000000, 000000, 9.3101785502404e-05, 9.3101785502404e-05, 0.9994413892869854 0.000558610713014424, 
30, 000000, 000000, 0.00010364723785988544, 0.00010364723785988544, 0.9993781165728408 0.0006218834271593126, 
31, 000000, 111110, 0.349550395224889, 0.349550395224889, 0.6012747353107172 0.00037200556096991756 0.001747089310612646 0.020788377746873535 0.06399886478879263 0.09583796892085611 0.21598095836117795, 
32, 000000, 000000, 9.163749364411048e-05, 9.163749364411048e-05, 0.9994501750381354 0.000549824961864663, 
33, 000000, 000000, 9.906681188408015e-05, 9.906681188408015e-05, 0.9994055991286955 0.000594400871304481, 
34, 000000, 000000, 0.00010206335136233464, 0.00010206335136233464, 0.999387619891826 0.0006123801081740079, 
35, 000000, 000000, 0.00010841796930034862, 0.00010841796930034862, 0.999349492184198 0.0006505078158020917, 
36, 000000, 000000, 0.00010470106579643898, 0.00010470106579643898, 0.9993717936052214 0.0006282063947786339, 
37, 000000, 000000, 0.00010267354200874854, 0.00010267354200874854, 0.9993839587479475 0.0006160412520524913, 
38, 011111, 111111, 0.8625644735099902, 0.8625644735099902, 0.0 0.0 0.0 0.042023376381283395 0.1705239693713033 0.3574950910536027 0.4299575631938106, 
39, 000000, 000000, 0.0001011546324020978, 0.0001011546324020978, 0.9993930722055875 0.0006069277944125869, 
40, 000000, 000000, 0.00010358449268481836, 0.00010358449268481836, 0.9993790523987446 0.0006203882464018626 5.59354853523823e-07, 
41, 001100, 011110, 0.8657459469062833, 0.8657459469062833, 0.0 0.0 0.005607431002593565 0.024138353019187167 0.1499802113221015 0.4107191128501621 0.40955489180595567, 
42, 000000, 000000, 9.843885196458725e-05, 9.843885196458725e-05, 0.9994093668882125 0.0005906331117875235, 
43, 111110, 001000, 0.6704959320670237, 0.6704959320670237, 0.2558269907817005 0.00015642197224473387 0.006329885576606174 0.017692235382528274 0.07777573100499924 0.20733264258242318 0.4348860926994979, 
44, 000000, 000000, 0.00011014428767265445, 0.00011014428767265445, 0.9993391342739641 0.0006608657260359268, 
45, 000000, 000000, 0.0001167174072020174, 0.0001167174072020174, 0.9992996955567879 0.0007003044432121044, 
46, 000000, 000000, 9.511782942941074e-05, 9.511782942941074e-05, 0.9994292930234235 0.0005707069765764644, 
47, 000000, 111111, 0.833030667834585, 0.833030667834585, 0.07500324872187777 6.640959469111487e-05 0.009515832808226656 0.026244338018169458 0.09045697398907154 0.2537541594222096 0.5449590374457539, 
48, 000000, 000000, 0.00011171805696203061, 0.00011171805696203061, 0.9993296916582279 0.0006703083417721837, 
49, 000000, 000000, 9.797575762794028e-05, 9.797575762794028e-05, 0.9994121454542324 0.0005878545457676415, 
50, 000000, 000000, 9.44374867517944e-05, 9.44374867517944e-05, 0.9994333750794892 0.0005666249205107664, 
51, 011111, 111111, 0.89761064105243, 0.89761064105243, 0.0 0.0 0.0 0.019712791535762466 0.11535655955981362 0.3244846599585057 0.5404459889459182, 
52, 000000, 000000, 0.00010460871397086417, 0.00010460871397086417, 0.9993723477161749 0.0006276522838251851, 
53, 000000, 000000, 0.00010207971072391162, 0.00010207971072391162, 0.9993875217356565 0.0006124782643434697, 
54, 000000, 000000, 0.00010559446265984264, 0.00010559446265984264, 0.9993664332240408 0.0006335667759590558, 
55, 000000, 000000, 0.00011740944449503055, 0.00011740944449503055, 0.9992955433330298 0.0007044566669701833, 
56, 000000, 000000, 0.00011383942359996113, 0.00011383942359996113, 0.9993169634584003 0.0006830365415997668, 
57, 000000, 111111, 0.5708183103216858, 0.5708183103216858, 0.3354329148371634 0.00021076751116917122 0.013224935020663207 0.08371426311297578 0.07390834787384577 0.10957958632178727 0.3839291853223954, 
58, 111111, 011111, 0.9210501530825967, 0.9210501530825967, 0.0 0.0 0.0 0.0028100860944732776 0.10251685953626388 0.26023510414847195 0.6344379502207909, 
59, 000000, 000000, 0.32992876885582767, 0.32992876885582767, 0.631230045655059 0.0003730784272011887 0.008635543347950931 0.011571406781612645 0.02702317704252231 0.10787897297698813 0.2132877757686658, 
60, 011111, 111111, 0.9179648958946321, 0.9179648958946321, 0.0 0.0 0.0 0.012945236606403223 0.11007276404070612 0.23322938673158455 0.6437526126213061, 
61, 000000, 000000, 0.00010523970980454825, 0.00010523970980454825, 0.999368574246557 0.000631413248058791 1.250538424923485e-08, 
62, 000000, 000000, 0.00010905726850426102, 0.00010905726850426102, 0.9993456563889743 0.0006543436110255661, 
63, 111111, 000000, 0.7680722787092197, 0.7680722787092197, 0.16900955615396906 0.00013939843500657674 0.0004884371684113749 0.009757252437074397 0.0516970835317422 0.24219232559748172 0.5267159466763146, 
64, 000000, 000000, 9.974130932447087e-05, 9.974130932447087e-05, 0.9994015521440531 0.0005984478559468252, 
65, 011111, 111111, 0.9007678234643338, 0.9007678234643338, 0.0 0.0 0.0 0.05958061920003649 0.10399690187506273 0.20865739786376283 0.627765081061138, 
66, 000000, 111000, 0.6484683959695243, 0.6484683959695243, 0.2419314383774631 0.00017853104026500566 0.008910479302019773 0.08100365804754074 0.10709016503442012 0.1638751172972091 0.3970106109010822, 
67, 000000, 000000, 0.00011536563114371614, 0.00011536563114371614, 0.9993078062131376 0.0006921937868622969, 
68, 000000, 000000, 0.00010600720088960438, 0.00010600720088960438, 0.9993639567946623 0.0006360432053376263, 
69, 000000, 000000, 0.00013188319071717793, 0.00013188319071717793, 0.9992087008556969 0.0007912991443030677, 
70, 000000, 000000, 0.00010599949835435762, 0.00010599949835435762, 0.9993640030098738 0.0006359969901261458, 
71, 000000, 000000, 0.00010202571701607958, 0.00010202571701607958, 0.9993878456979034 0.0006121543020964776, 
72, 000000, 000000, 0.00010801323622246765, 0.00010801323622246765, 0.9993519205826652 0.000648079417334806, 
73, 000000, 000000, 0.00010355042290136593, 0.00010355042290136593, 0.9993786974625918 0.0006213025374081956, 
74, 000000, 000000, 0.0001104042649462603, 0.0001104042649462603, 0.9993375744103224 0.0006624255896775619, 
75, 000000, 000000, 0.00011031858659311863, 0.00011031858659311863, 0.9993380884804413 0.0006619115195587119, 
76, 000000, 000000, 0.0001061729435054827, 0.0001061729435054827, 0.999362962338967 0.0006370376610328963, 
77, 111111, 111111, 0.8875594638610309, 0.8875594638610309, 0.0 0.0 0.0031536062558891894 0.04554317909701682 0.15427489826122068 0.2168494579967656 0.5801788583891078, 
78, 000000, 000000, 0.00010846010707238433, 0.00010846010707238433, 0.9993492393575657 0.0006507606424343061, 
79, 001111, 011100, 0.9103777100657043, 0.9103777100657043, 0.0 0.0 0.0 0.014324996285110005 0.09419041664350299 0.30637791746343807 0.585106669607949, 
80, 000000, 000000, 0.00010246573958424896, 0.00010246573958424896, 0.9993852055624945 0.0006147944375054939, 
81, 111111, 111111, 0.9394344082604758, 0.9394344082604758, 0.0 0.0 0.0 0.0 0.03246233468883673 0.29846888105947195 0.6690687842516913, 
82, 000000, 000000, 0.00010422377622959363, 0.00010422377622959363, 0.9993746573426224 0.0006253426573775618, 
83, 000000, 000000, 0.00011659194179482443, 0.00011659194179482443, 0.999300448349231 0.0006995516507689467, 
84, 000000, 000000, 0.00010335093809515504, 0.00010335093809515504, 0.9993798943714292 0.0006201056285709304, 
85, 111111, 001111, 0.9300267567874114, 0.9300267567874114, 0.0 0.0 0.015052357250546091 0.013314039322690032 0.04279318353432539 0.23410154523662602 0.6947388746558125, 
86, 000000, 000000, 0.0001087576075036019, 0.0001087576075036019, 0.9993474543549784 0.0006525456450216115, 
87, 000000, 000000, 0.00012559247765344167, 0.00012559247765344167, 0.9992464451340795 0.0007535548659206501, 
88, 000000, 000000, 0.00010360337882813626, 0.00010360337882813626, 0.9993783797270313 0.0006216202729688176, 
89, 000000, 000000, 8.990993589531643e-05, 8.990993589531643e-05, 0.9994605403846281 0.0005394596153718987, 
90, 000000, 000000, 0.0001097462988739263, 0.0001097462988739263, 0.9993415222067564 0.0006584777932435577, 
91, 000000, 000000, 0.00010132186579329998, 0.00010132186579329998, 0.9993920688052401 0.0006079311947597999, 
92, 000000, 000000, 0.00010954014986240027, 0.00010954014986240027, 0.9993427591008257 0.0006572408991744017, 
93, 000000, 000000, 0.0011212040295312106, 0.0011212040295312106, 0.9963338722569514 0.0006050313089100112 0.003061096434138626, 
94, 011111, 011111, 0.8824788059631246, 0.8824788059631246, 0.0 0.0 0.004355921530897736 0.07188645107138208 0.07896519979575403 0.3141137252920082 0.530678702309958, 
95, 000000, 000000, 0.00011191014019732618, 0.00011191014019732618, 0.9993285391588161 0.000671460841183957, 
96, 000000, 000000, 0.00010832979475505635, 0.00010832979475505635, 0.9993500212314697 0.0006499787685303382, 
97, 000000, 000000, 9.4527315451123e-05, 9.4527315451123e-05, 0.9994328361072933 0.0005671638927067379, 
98, 000000, 000000, 0.000110260057533403, 0.000110260057533403, 0.9993384396547994 0.000661560345200418, 
99, 000000, 000000, 0.00010310671055502014, 0.00010310671055502014, 0.9993815934435537 0.0006181728495623707 2.337068838750705e-07, 
100, 011111, 011111, 0.9334650255120308, 0.9334650255120308, 0.0 0.0 0.0 0.014959607141351142 0.04832824517926415 0.25767453514523414 0.6790376125341505, 
