run, initial grid state, final grid state, mean grid cell occupancy, mean binding site occupancy, fraction of time with N TFs bound, warning
1, 000000, 000000, 1.1489065312535796e-06, 1.1489065312535796e-06, 0.9999931065608125 6.893439187521478e-06, 
2, 000000, 000000, 4.874559524213206e-07, 4.874559524213206e-07, 0.9999970752642855 2.9247357145279238e-06, 
3, 000000, 000000, 1.2275487778718941e-06, 1.2275487778718941e-06, 0.9999926347073328 7.365292667231364e-06, 
4, 000000, 000000, 4.798532212491936e-07, 4.798532212491936e-07, 0.9999971208806725 2.8791193274951615e-06, 
5, 000000, 000000, 3.1323449245588084e-06, 3.1323449245588084e-06, 0.9999812059304528 1.8794069547352852e-05, 
6, 000000, 000000, 2.6766981190583886e-07, 2.6766981190583886e-07, 0.9999983939811287 1.6060188714350333e-06, 
7, 000000, 000000, 2.554367478735047e-06, 2.554367478735047e-06, 0.9999846737951277 1.5326204872410285e-05, 
8, 000000, 000000, 2.2840400194003485e-06, 2.2840400194003485e-06, 0.9999862957598836 1.3704240116402091e-05, 
9, 000000, 000000, 1.6868274899301446e-06, 1.6868274899301446e-06, 0.9999898790350604 1.0120964939580868e-05, 
10, 000000, 000000, 1.250115251436354e-06, 1.250115251436354e-06, 0.9999924993084914 7.500691508618123e-06, 
11, 000000, 000000, 2.9357792524042453e-07, 2.9357792524042453e-07, 0.9999982385324487 1.761467551442547e-06, 
12, 000000, 000000, 0.0, 0.0, 1.0, 
13, 000000, 000000, 7.217093241121587e-07, 7.217093241121587e-07, 0.9999956697440553 4.330255944672952e-06, 
14, 000000, 000000, 5.119945608296506e-07, 5.119945608296506e-07, 0.999996928032635 3.071967364977904e-06, 
15, 000000, 000000, 8.252193493358569e-07, 8.252193493358569e-07, 0.9999950486839041 4.951316096015142e-06, 
16, 000000, 000000, 1.0818430284354609e-06, 1.0818430284354609e-06, 0.9999935089418295 6.491058170612766e-06, 
17, 000000, 000000, 5.760101439480964e-07, 5.760101439480964e-07, 0.9999965439391363 3.4560608636885788e-06, 
18, 000000, 000000, 4.051484436506504e-07, 4.051484436506504e-07, 0.9999975691093381 2.430890661903902e-06, 
19, 000000, 000000, 0.0, 0.0, 1.0, 
20, 000000, 000000, 3.4300465654379995e-06, 3.4300465654379995e-06, 0.9999794197206073 2.0580279392627997e-05, 
21, 000000, 000000, 3.2460859383359315e-07, 3.2460859383359315e-07, 0.999998052348437 1.947651563001559e-06, 
22, 000000, 000000, 6.048799180973041e-07, 6.048799180973041e-07, 0.9999963707204915 3.6292795085838246e-06, 
23, 000000, 000000, 0.0, 0.0, 1.0, 
24, 000000, 000000, 5.748333940778384e-07, 5.748333940778384e-07, 0.9999965509996356 3.4490003644670302e-06, 
25, 000000, 000000, 1.4508963054753755e-07, 1.4508963054753755e-07, 0.9999991294622167 8.705377832852253e-07, 
26, 000000, 000000, 1.4226535101956076e-07, 1.4226535101956076e-07, 0.999999146407894 8.535921061173645e-07, 
27, 000000, 000000, 2.2450888526231152e-06, 2.2450888526231152e-06, 0.9999865294668843 1.3470533115738693e-05, 
28, 000000, 000000, 3.645950511139898e-07, 3.645950511139898e-07, 0.9999978124296933 2.187570306683939e-06, 
29, 000000, 000000, 3.408870711563317e-06, 3.408870711563317e-06, 0.9999795467757305 2.0453224269379904e-05, 
30, 000000, 000000, 2.5116726830886144e-07, 2.5116726830886144e-07, 0.9999984929963901 1.5070036098531686e-06, 
31, 000000, 000000, 1.936974101894956e-06, 1.936974101894956e-06, 0.9999883781553887 1.1621844611369738e-05, 
32, 000000, 000000, 2.18315982996774e-06, 2.18315982996774e-06, 0.9999869010410202 1.3098958979806442e-05, 
33, 000000, 000000, 5.672961748876593e-06, 5.672961748876593e-06, 0.9999659622295067 3.403777049325956e-05, 
34, 000000, 000000, 5.952710188866081e-07, 5.952710188866081e-07, 0.9999964283738867 3.5716261133196486e-06, 
35, 000000, 000000, 9.106614194411511e-07, 9.106614194411511e-07, 0.9999945360314834 5.463968516646907e-06, 
36, 000000, 000000, 1.1670496320806537e-06, 1.1670496320806537e-06, 0.9999929977022075 7.002297792483923e-06, 
37, 000000, 000000, 9.967046721642616e-07, 9.967046721642616e-07, 0.999994019771967 5.980228032985571e-06, 
38, 000000, 000000, 1.5324784739564292e-07, 1.5324784739564292e-07, 0.9999990805129156 9.194870843738576e-07, 
39, 000000, 000000, 0.0, 0.0, 1.0, 
40, 000000, 000000, 1.0587118383938297e-06, 1.0587118383938297e-06, 0.9999936477289695 6.352271030362979e-06, 
41, 000000, 000000, 7.282811965679812e-07, 7.282811965679812e-07, 0.9999956303128206 4.369687179407887e-06, 
42, 000000, 000000, 1.7386331956567351e-06, 1.7386331956567351e-06, 0.9999895682008261 1.0431799173940412e-05, 
43, 000000, 000000, 2.0385774749769632e-06, 2.0385774749769632e-06, 0.9999877685351501 1.223146484986178e-05, 
44, 000000, 000000, 3.2103342119075608e-06, 3.2103342119075608e-06, 0.9999807379947285 1.9262005271445365e-05, 
45, 000000, 000000, 3.7692163839828297e-07, 3.7692163839828297e-07, 0.9999977384701696 2.261529830389698e-06, 
46, 000000, 000000, 2.3097574979930726e-06, 2.3097574979930726e-06, 0.9999861414550121 1.3858544987958437e-05, 
47, 000000, 000000, 1.0239276536808335e-06, 1.0239276536808335e-06, 0.9999938564340779 6.143565922085002e-06, 
48, 000000, 000000, 4.717914350970819e-07, 4.717914350970819e-07, 0.9999971692513894 2.830748610582492e-06, 
49, 000000, 000000, 2.406264888684403e-07, 2.406264888684403e-07, 0.9999985562410668 1.443758933210642e-06, 
50, 000000, 000000, 1.6349762801676002e-06, 1.6349762801676002e-06, 0.9999901901423189 9.809857681005602e-06, 
51, 000000, 000000, 2.2804744064984038e-07, 2.2804744064984038e-07, 0.9999986317153561 1.3682846438990424e-06, 
52, 000000, 000000, 2.1669259405434746e-06, 2.1669259405434746e-06, 0.9999869984443568 1.3001555643260847e-05, 
53, 000000, 000000, 1.850702905905179e-06, 1.850702905905179e-06, 0.9999888957825646 1.1104217435431074e-05, 
54, 000000, 000000, 1.1505999343719614e-06, 1.1505999343719614e-06, 0.9999930964003938 6.903599606231769e-06, 
55, 000000, 000000, 0.0, 0.0, 1.0, 
56, 000000, 000000, 8.463562459123939e-07, 8.463562459123939e-07, 0.9999949218625246 5.078137475474363e-06, 
57, 000000, 000000, 2.736347408734882e-07, 2.736347408734882e-07, 0.9999983581915547 1.6418084452409293e-06, 
58, 000000, 000000, 1.6537050257310498e-06, 1.6537050257310498e-06, 0.9999900777698455 9.9222301543863e-06, 
59, 000000, 000000, 3.799615486630291e-06, 3.799615486630291e-06, 0.9999772023070803 2.2797692919781746e-05, 
60, 000000, 000000, 1.612503586667153e-07, 1.612503586667153e-07, 0.999999032497848 9.675021520002918e-07, 
61, 000000, 000000, 0.0, 0.0, 1.0, 
62, 000000, 000000, 9.380145500333035e-07, 9.380145500333035e-07, 0.9999943719126999 5.6280873001998215e-06, 
63, 000000, 000000, 1.6569373769401488e-06, 1.6569373769401488e-06, 0.9999900583757384 9.941624261640894e-06, 
64, 000000, 000000, 3.3605321950517684e-06, 3.3605321950517684e-06, 0.9999798368068297 2.0163193170310612e-05, 
65, 000000, 000000, 7.575516668719871e-07, 7.575516668719871e-07, 0.9999954546899988 4.545310001231923e-06, 
66, 000000, 000000, 1.3936449130382766e-06, 1.3936449130382766e-06, 0.9999916381305217 8.361869478229661e-06, 
67, 000000, 000000, 3.8671444126497056e-07, 3.8671444126497056e-07, 0.9999976797133524 2.3202866475898233e-06, 
68, 000000, 000000, 7.627463550610428e-07, 7.627463550610428e-07, 0.9999954235218695 4.576478130366257e-06, 
69, 000000, 000000, 5.244413440021905e-07, 5.244413440021905e-07, 0.999996853351936 3.146648064013143e-06, 
70, 000000, 000000, 6.305191811212856e-06, 6.305191811212856e-06, 0.9999621688491328 3.783115086727714e-05, 
71, 000000, 000000, 8.899987126191423e-07, 8.899987126191423e-07, 0.9999946600077243 5.339992275714854e-06, 
72, 000000, 000000, 2.485040878444281e-06, 2.485040878444281e-06, 0.9999850897547294 1.4910245270665687e-05, 
73, 000000, 000000, 2.5679733091810835e-07, 2.5679733091810835e-07, 0.9999984592160144 1.5407839855086502e-06, 
74, 000000, 000000, 0.0, 0.0, 1.0, 
75, 000000, 000000, 5.9315745675117e-06, 5.9315745675117e-06, 0.999964410552595 3.558944740507021e-05, 
76, 000000, 000000, 2.264653117598256e-07, 2.264653117598256e-07, 0.9999986412081294 1.3587918705589536e-06, 
77, 000000, 000000, 3.217969859154771e-08, 3.217969859154771e-08, 0.9999998069218085 1.9307819154928626e-07, 
78, 000000, 000000, 2.1768571842031464e-06, 2.1768571842031464e-06, 0.9999869388568948 1.3061143105218879e-05, 
79, 000000, 000000, 2.5857752094991024e-06, 2.5857752094991024e-06, 0.9999844853487431 1.5514651256994616e-05, 
80, 000000, 000000, 2.1004068251654924e-06, 2.1004068251654924e-06, 0.999987397559049 1.2602440950992956e-05, 
81, 000000, 000000, 2.346504164535497e-06, 2.346504164535497e-06, 0.9999859209750127 1.4079024987212983e-05, 
82, 000000, 000000, 1.5777864612249915e-06, 1.5777864612249915e-06, 0.9999905332812327 9.46671876734995e-06, 
83, 000000, 000000, 2.465155029763251e-06, 2.465155029763251e-06, 0.9999852090698214 1.4790930178579507e-05, 
84, 000000, 000000, 5.4570459254385454e-06, 5.4570459254385454e-06, 0.9999672577244474 3.2742275552631276e-05, 
85, 000000, 000000, 2.4634442413899162e-06, 2.4634442413899162e-06, 0.9999852193345516 1.47806654483395e-05, 
86, 000000, 000000, 4.711760294333099e-07, 4.711760294333099e-07, 0.9999971729438234 2.8270561765998597e-06, 
87, 000000, 000000, 7.000309310349361e-07, 7.000309310349361e-07, 0.9999957998144138 4.200185586209617e-06, 
88, 000000, 000000, 4.699905919221751e-07, 4.699905919221751e-07, 0.9999971800564484 2.819943551533051e-06, 
89, 000000, 000000, 0.0, 0.0, 1.0, 
90, 000000, 000000, 2.1303945689628026e-08, 2.1303945689628026e-08, 0.9999998721763259 1.2782367413776816e-07, 
91, 000000, 000000, 0.0, 0.0, 1.0, 
92, 000000, 000000, 4.478295360615853e-06, 4.478295360615853e-06, 0.9999731302278364 2.6869772163695116e-05, 
93, 000000, 000000, 6.549397547494881e-07, 6.549397547494881e-07, 0.9999960703614715 3.9296385284969284e-06, 
94, 000000, 000000, 4.366671188157097e-07, 4.366671188157097e-07, 0.9999973799972871 2.6200027128942584e-06, 
95, 000000, 000000, 3.510640375651027e-08, 3.510640375651027e-08, 0.9999997893615774 2.1063842253906162e-07, 
96, 000000, 000000, 0.0, 0.0, 1.0, 
97, 000000, 000000, 0.0, 0.0, 1.0, 
98, 000000, 000000, 2.900223652873109e-06, 2.900223652873109e-06, 0.9999825986580826 1.7401341917238654e-05, 
99, 000000, 000000, 3.484008907392568e-08, 3.484008907392568e-08, 0.9999997909594656 2.0904053444355407e-07, 
100, 000000, 000000, 1.4558795065290147e-06, 1.4558795065290147e-06, 0.9999912647229607 8.73527703917409e-06, 
