run, initial grid state, final grid state, mean grid cell occupancy, mean binding site occupancy, fraction of time with N TFs bound, warning
1, 000000, 000000, 7.264516381422367e-05, 7.264516381422367e-05, 0.9995641290171147 0.00043587098288534195, 
2, 000000, 000000, 9.718320045204433e-05, 9.718320045204433e-05, 0.9994169007972877 0.000583099202712266, 
3, 000000, 000000, 4.7414758873820585e-05, 4.7414758873820585e-05, 0.9997155114467572 0.00028448855324292354, 
4, 000000, 000000, 3.440889149267931e-05, 3.440889149267931e-05, 0.9997935466510439 0.0002064533489560759, 
5, 000000, 000000, 0.00010714640612087836, 0.00010714640612087836, 0.9993571215632748 0.0006428784367252701, 
6, 000000, 000000, 3.0267058652690218e-05, 3.0267058652690218e-05, 0.9998183976480839 0.00018160235191614133, 
7, 000000, 000000, 0.0, 0.0, 1.0, 
8, 000000, 000000, 0.0, 0.0, 1.0, 
9, 000000, 000000, 0.0, 0.0, 1.0, 
10, 000000, 000000, 3.2277566016755895e-05, 3.2277566016755895e-05, 0.9998063346038994 0.00019366539610053536, 
11, 000000, 000000, 4.916869703962141e-05, 4.916869703962141e-05, 0.9997049878177623 0.0002950121822377285, 
12, 000000, 000000, 0.0, 0.0, 1.0, 
13, 000000, 000000, 0.0, 0.0, 1.0, 
14, 000000, 000000, 0.00012678014479657523, 0.00012678014479657523, 0.9992393191312205 0.0007606808687794514, 
15, 000000, 000000, 0.0, 0.0, 1.0, 
16, 000000, 000000, 0.0, 0.0, 1.0, 
17, 000000, 000000, 0.0, 0.0, 1.0, 
18, 000000, 000000, 3.7235951586804404e-06, 3.7235951586804404e-06, 0.999977658429048 2.2341570952082642e-05, 
19, 000000, 000000, 0.00012554689607384293, 0.00012554689607384293, 0.9992467186235569 0.0007532813764430576, 
20, 000000, 000000, 2.504817595060737e-05, 2.504817595060737e-05, 0.9998497109442963 0.00015028905570364424, 
21, 000000, 000000, 0.0, 0.0, 1.0, 
22, 000000, 000000, 6.703147304774648e-05, 6.703147304774648e-05, 0.9995978111617135 0.00040218883828647896, 
23, 000000, 000000, 2.658003396170884e-05, 2.658003396170884e-05, 0.9998405197962299 0.00015948020377025304, 
24, 000000, 000000, 5.870963708317929e-05, 5.870963708317929e-05, 0.999647742177501 0.0003522578224990758, 
25, 000000, 000000, 0.0, 0.0, 1.0, 
26, 000000, 000000, 0.0, 0.0, 1.0, 
27, 000000, 000000, 0.0, 0.0, 1.0, 
28, 000000, 000000, 0.0, 0.0, 1.0, 
29, 000000, 000000, 1.9160761590263432e-05, 1.9160761590263432e-05, 0.9998850354304584 0.00011496456954158061, 
30, 000000, 000000, 0.0, 0.0, 1.0, 
31, 000000, 000000, 0.00013812661095900666, 0.00013812661095900666, 0.9991712403342459 0.0008287596657540401, 
32, 000000, 000000, 1.1754080803443023e-05, 1.1754080803443023e-05, 0.9999294755151793 7.052448482065813e-05, 
33, 000000, 000000, 0.00016581257654439888, 0.00016581257654439888, 0.9990051245407336 0.0009948754592663932, 
34, 000000, 000000, 9.181091057422615e-06, 9.181091057422615e-06, 0.9999449134536554 5.508654634453569e-05, 
35, 000000, 000000, 5.5074318330582646e-05, 5.5074318330582646e-05, 0.9996695540900165 0.0003304459099834959, 
36, 000000, 000000, 1.404448581394646e-05, 1.404448581394646e-05, 0.9999157330851163 8.426691488367877e-05, 
37, 000000, 000000, 0.0001183973973181332, 0.0001183973973181332, 0.9992896156160912 0.0007103843839087993, 
38, 000000, 000000, 0.0, 0.0, 1.0, 
39, 000000, 000000, 0.00014053134104487165, 0.00014053134104487165, 0.9991568119537307 0.00084318804626923, 
40, 000000, 000000, 4.0227892184711616e-06, 4.0227892184711616e-06, 0.9999758632646891 2.4136735310826974e-05, 
41, 000000, 000000, 6.925560946281439e-05, 6.925560946281439e-05, 0.9995844663432231 0.0004155336567768864, 
42, 000000, 000000, 0.0001774624884372448, 0.0001774624884372448, 0.9989352250693765 0.0010647749306234688, 
43, 000000, 000000, 5.312746687555109e-06, 5.312746687555109e-06, 0.9999681235198747 3.187648012533066e-05, 
44, 000000, 000000, 0.0003601412113644145, 0.0003601412113644145, 0.9978391527318137 0.002160847268186487, 
45, 000000, 000000, 0.0, 0.0, 1.0, 
46, 000000, 000000, 0.0, 0.0, 1.0, 
47, 000000, 000000, 0.0, 0.0, 1.0, 
48, 000000, 000000, 0.0, 0.0, 1.0, 
49, 000000, 000000, 0.0, 0.0, 1.0, 
50, 000000, 000000, 0.0, 0.0, 1.0, 
51, 000000, 000000, 0.0001410612408160157, 0.0001410612408160157, 0.9991536325551039 0.0008463674448960941, 
52, 000000, 000000, 0.00024786908665324784, 0.00024786908665324784, 0.9985127854800806 0.0014872145199194872, 
53, 000000, 000000, 4.17943999842368e-05, 4.17943999842368e-05, 0.9997492336000945 0.0002507663999054208, 
54, 000000, 000000, 6.208919643460427e-05, 6.208919643460427e-05, 0.9996274648213924 0.00037253517860762566, 
55, 000000, 000000, 0.00010206977825682667, 0.00010206977825682667, 0.999387581330459 0.0006124186695409601, 
56, 000000, 000000, 0.0, 0.0, 1.0, 
57, 000000, 000000, 4.402544864633298e-05, 4.402544864633298e-05, 0.9997358473081219 0.0002641526918779979, 
58, 000000, 000000, 0.0, 0.0, 1.0, 
59, 000000, 000000, 0.0, 0.0, 1.0, 
60, 000000, 000000, 0.0, 0.0, 1.0, 
61, 000000, 000000, 0.0001320397339579317, 0.0001320397339579317, 0.9992077615962524 0.0007922384037475903, 
62, 000000, 000000, 9.344726901746822e-06, 9.344726901746822e-06, 0.9999439316385895 5.6068361410480935e-05, 
63, 000000, 000000, 1.6343369126409535e-05, 1.6343369126409535e-05, 0.9999019397852416 9.80602147584572e-05, 
64, 000000, 000000, 8.988657889997638e-06, 8.988657889997638e-06, 0.9999460680526601 5.3931947339985825e-05, 
65, 000000, 000000, 0.0, 0.0, 1.0, 
66, 000000, 000000, 0.00015172855589960332, 0.00015172855589960332, 0.9990896286646023 0.00091037133539762, 
67, 000000, 000000, 0.0, 0.0, 1.0, 
68, 000000, 000000, 5.719135415019488e-05, 5.719135415019488e-05, 0.9996568518750988 0.0003431481249011693, 
69, 000000, 000000, 0.00014746527577252813, 0.00014746527577252813, 0.9991152083453648 0.0008847916546351689, 
70, 000000, 000000, 3.5735444504228084e-08, 3.5735444504228084e-08, 0.999999785587333 2.1441266702536852e-07, 
71, 000000, 000000, 1.854821784355511e-05, 1.854821784355511e-05, 0.9998887106929386 0.00011128930706133067, 
72, 000000, 000000, 0.0, 0.0, 1.0, 
73, 000000, 000000, 0.0, 0.0, 1.0, 
74, 000000, 000000, 3.6651548908941824e-05, 3.6651548908941824e-05, 0.9997800907065463 0.00021990929345365093, 
75, 000000, 000000, 9.467790708908921e-06, 9.467790708908921e-06, 0.9999431932557464 5.6806744253453535e-05, 
76, 000000, 000000, 0.0, 0.0, 1.0, 
77, 000000, 000000, 7.915493397722747e-05, 7.915493397722747e-05, 0.9995250703961366 0.00047492960386336493, 
78, 000000, 000000, 0.00022194874016624218, 0.00022194874016624218, 0.9986683075590026 0.0013316924409974532, 
79, 000000, 000000, 0.0001145747756181961, 0.0001145747756181961, 0.9993125513462909 0.0006874486537091766, 
80, 000000, 000000, 0.0, 0.0, 1.0, 
81, 000000, 000000, 0.00012509296740561302, 0.00012509296740561302, 0.9992494421955663 0.0007505578044336782, 
82, 000000, 000000, 1.4637999946520252e-05, 1.4637999946520252e-05, 0.9999121720003209 8.782799967912152e-05, 
83, 000000, 000000, 3.484886510434735e-05, 3.484886510434735e-05, 0.999790906809374 0.00020909319062608413, 
84, 000000, 000000, 0.0, 0.0, 1.0, 
85, 000000, 000000, 0.0, 0.0, 1.0, 
86, 000000, 000000, 3.0643963109303116e-05, 3.0643963109303116e-05, 0.9998161362213444 0.00018386377865581868, 
87, 000000, 000000, 0.0, 0.0, 1.0, 
88, 000000, 000000, 0.0, 0.0, 1.0, 
89, 000000, 000000, 2.136015078440541e-06, 2.136015078440541e-06, 0.9999871839095293 1.2816090470643246e-05, 
90, 000000, 000000, 1.6437811895929517e-05, 1.6437811895929517e-05, 0.9999013731286244 9.86268713755771e-05, 
91, 000000, 000000, 0.0, 0.0, 1.0, 
92, 000000, 000000, 0.0, 0.0, 1.0, 
93, 000000, 000000, 0.0, 0.0, 1.0, 
94, 000000, 000000, 1.4156845487355256e-07, 1.4156845487355256e-07, 0.9999991505892708 8.494107292413154e-07, 
95, 000000, 000000, 2.844587267438279e-05, 2.844587267438279e-05, 0.9998293247639537 0.00017067523604629675, 
96, 000000, 000000, 0.000125089523964127, 0.000125089523964127, 0.9992494628562152 0.0007505371437847619, 
97, 000000, 000000, 0.00014083850644686804, 0.00014083850644686804, 0.9991549689613187 0.0008450310386812083, 
98, 000000, 000000, 1.8586723402519817e-05, 1.8586723402519817e-05, 0.9998884796595848 0.00011152034041511891, 
99, 000000, 000000, 0.0, 0.0, 1.0, 
100, 000000, 000000, 2.736758191191245e-06, 2.736758191191245e-06, 0.9999835794508529 1.6420549147147472e-05, 
