run, initial grid state, final grid state, mean grid cell occupancy, mean binding site occupancy, fraction of time with N TFs bound, warning
1, 000000, 000000, 1.702081070264274e-06, 1.702081070264274e-06, 0.9999897875135784 1.0212486421585646e-05, 
2, 000000, 000000, 8.419492996362374e-07, 8.419492996362374e-07, 0.9999949483042022 5.051695797817425e-06, 
3, 000000, 000000, 2.3952455740627807e-06, 2.3952455740627807e-06, 0.9999856285265556 1.4371473444376683e-05, 
4, 000000, 000000, 1.8309070064536574e-06, 1.8309070064536574e-06, 0.9999890145579613 1.0985442038721947e-05, 
5, 000000, 000000, 1.9005196864825317e-06, 1.9005196864825317e-06, 0.9999885968818811 1.1403118118895191e-05, 
6, 000000, 000000, 3.7845663344731905e-06, 3.7845663344731905e-06, 0.9999772926019932 2.2707398006839144e-05, 
7, 000000, 000000, 0.0, 0.0, 1.0, 
8, 000000, 000000, 2.5528178770598648e-06, 2.5528178770598648e-06, 0.9999846830927377 1.5316907262359187e-05, 
9, 000000, 000000, 4.355417501340617e-06, 4.355417501340617e-06, 0.999973867494992 2.61325050080437e-05, 
10, 000000, 000000, 5.371993580955763e-07, 5.371993580955763e-07, 0.9999967768038515 3.223196148573458e-06, 
11, 000000, 000000, 3.966455058606476e-07, 3.966455058606476e-07, 0.9999976201269648 2.379873035163886e-06, 
12, 000000, 000000, 7.320001483428046e-06, 7.320001483428046e-06, 0.9999560799910995 4.3920008900568284e-05, 
13, 000000, 000000, 2.3850231489288806e-06, 2.3850231489288806e-06, 0.9999856898611065 1.4310138893573285e-05, 
14, 000000, 000000, 2.3499047189147864e-06, 2.3499047189147864e-06, 0.9999859005716865 1.409942831348872e-05, 
15, 000000, 000000, 1.2019660943305175e-06, 1.2019660943305175e-06, 0.9999927882034341 7.211796565983105e-06, 
16, 000000, 000000, 5.2497908545998604e-06, 5.2497908545998604e-06, 0.9999685012548725 3.1498745127599164e-05, 
17, 000000, 000000, 1.2625439231315645e-06, 1.2625439231315645e-06, 0.9999924247364612 7.575263538789387e-06, 
18, 000000, 000000, 0.0, 0.0, 1.0, 
19, 000000, 000000, 9.684151806964236e-07, 9.684151806964236e-07, 0.9999941895089158 5.810491084178542e-06, 
20, 000000, 000000, 9.08353933432109e-08, 9.08353933432109e-08, 0.99999945498764 5.450123600592654e-07, 
21, 000000, 000000, 0.0, 0.0, 1.0, 
22, 000000, 000000, 0.0, 0.0, 1.0, 
23, 000000, 000000, 9.72259184529416e-07, 9.72259184529416e-07, 0.9999941664448927 5.833555107176496e-06, 
24, 000000, 000000, 8.856146951310464e-07, 8.856146951310464e-07, 0.9999946863118292 5.313688170786278e-06, 
25, 000000, 000000, 7.582579606979762e-06, 7.582579606979762e-06, 0.9999545045223581 4.549547764187857e-05, 
26, 000000, 000000, 3.946467618078026e-06, 3.946467618078026e-06, 0.9999763211942915 2.3678805708468154e-05, 
27, 000000, 000000, 0.0, 0.0, 1.0, 
28, 000000, 000000, 1.5734583766954406e-06, 1.5734583766954406e-06, 0.9999905592497398 9.440750260172644e-06, 
29, 000000, 000000, 4.096507006935399e-06, 4.096507006935399e-06, 0.9999754209579583 2.4579042041612395e-05, 
30, 000000, 000000, 3.132828909647163e-07, 3.132828909647163e-07, 0.9999981203026542 1.879697345788298e-06, 
31, 000000, 000000, 2.590027115871125e-06, 2.590027115871125e-06, 0.9999844598373049 1.554016269522675e-05, 
32, 000000, 000000, 1.1370345352905887e-06, 1.1370345352905887e-06, 0.9999931777927883 6.822207211743534e-06, 
33, 000000, 000000, 9.823360358928789e-07, 9.823360358928789e-07, 0.9999941059837846 5.894016215357273e-06, 
34, 000000, 000000, 1.5311276467904716e-06, 1.5311276467904716e-06, 0.9999908132341192 9.186765880742832e-06, 
35, 000000, 000000, 1.4485967923340442e-06, 1.4485967923340442e-06, 0.9999913084192459 8.691580754004266e-06, 
36, 000000, 000000, 2.9182577741376865e-06, 2.9182577741376865e-06, 0.9999824904533551 1.750954664482612e-05, 
37, 000000, 000000, 5.051112019399375e-06, 5.051112019399375e-06, 0.9999696933278837 3.030667211639625e-05, 
38, 000000, 000000, 3.908730593175398e-06, 3.908730593175398e-06, 0.999976547616441 2.345238355905239e-05, 
39, 000000, 000000, 1.4099161366739453e-06, 1.4099161366739453e-06, 0.99999154050318 8.459496820043672e-06, 
40, 000000, 000000, 4.923350152794699e-06, 4.923350152794699e-06, 0.9999704598990833 2.9540100916768196e-05, 
41, 000000, 000000, 0.0, 0.0, 1.0, 
42, 000000, 000000, 4.419886811500605e-06, 4.419886811500605e-06, 0.9999734806791309 2.6519320869003633e-05, 
43, 000000, 000000, 2.146337309178767e-06, 2.146337309178767e-06, 0.9999871219761448 1.2878023855072602e-05, 
44, 000000, 000000, 0.0, 0.0, 1.0, 
45, 000000, 000000, 7.080933844749268e-06, 7.080933844749268e-06, 0.9999575143969315 4.248560306849561e-05, 
46, 000000, 000000, 8.51853696328337e-07, 8.51853696328337e-07, 0.9999948888778221 5.1111221779700225e-06, 
47, 000000, 000000, 7.3310569980721885e-06, 7.3310569980721885e-06, 0.9999560136580116 4.398634198843313e-05, 
48, 000000, 000000, 0.0, 0.0, 1.0, 
49, 000000, 000000, 2.362928117646769e-06, 2.362928117646769e-06, 0.9999858224312941 1.4177568705880616e-05, 
50, 000000, 000000, 9.169406252314953e-07, 9.169406252314953e-07, 0.9999944983562485 5.501643751388972e-06, 
51, 000000, 000000, 1.486559516610244e-06, 1.486559516610244e-06, 0.9999910806429003 8.919357099661465e-06, 
52, 000000, 000000, 2.1877507405646433e-06, 2.1877507405646433e-06, 0.9999868734955566 1.312650444338786e-05, 
53, 000000, 000000, 3.8530360290994085e-07, 3.8530360290994085e-07, 0.9999976881783825 2.3118216174596454e-06, 
54, 000000, 000000, 3.76089402400787e-06, 3.76089402400787e-06, 0.999977434635856 2.2565364144047223e-05, 
55, 000000, 000000, 0.0, 0.0, 1.0, 
56, 000000, 000000, 8.538615516329479e-07, 8.538615516329479e-07, 0.9999948768306901 5.123169309797687e-06, 
57, 000000, 000000, 4.880107222729991e-06, 4.880107222729991e-06, 0.9999707193566636 2.9280643336379948e-05, 
58, 000000, 000000, 4.916085963238896e-07, 4.916085963238896e-07, 0.9999970503484221 2.949651577943338e-06, 
59, 000000, 000000, 2.6501586366799014e-06, 2.6501586366799014e-06, 0.9999840990481799 1.590095182007941e-05, 
60, 000000, 000000, 0.0, 0.0, 1.0, 
61, 000000, 000000, 1.0938054276550818e-06, 1.0938054276550818e-06, 0.9999934371674339 6.5628325659304915e-06, 
62, 000000, 000000, 4.390836427816129e-06, 4.390836427816129e-06, 0.9999736549814331 2.6345018566896768e-05, 
63, 000000, 000000, 0.0, 0.0, 1.0, 
64, 000000, 000000, 0.0, 0.0, 1.0, 
65, 000000, 000000, 3.714902505717551e-06, 3.714902505717551e-06, 0.9999777105849658 2.228941503430531e-05, 
66, 000000, 000000, 1.9591712671184405e-06, 1.9591712671184405e-06, 0.9999882449723972 1.1755027602710645e-05, 
67, 000000, 000000, 7.2439666089697405e-06, 7.2439666089697405e-06, 0.9999565362003461 4.346379965381845e-05, 
68, 000000, 000000, 5.808365874709511e-07, 5.808365874709511e-07, 0.9999965149804753 3.485019524825707e-06, 
69, 000000, 000000, 2.636544192375163e-06, 2.636544192375163e-06, 0.9999841807348457 1.581926515425098e-05, 
70, 000000, 000000, 3.339463824297027e-07, 3.339463824297027e-07, 0.9999979963217054 2.0036782945782163e-06, 
71, 000000, 000000, 2.1179996896934044e-06, 2.1179996896934044e-06, 0.9999872920018619 1.2707998138160429e-05, 
72, 000000, 000000, 9.87632252386693e-07, 9.87632252386693e-07, 0.9999940742064857 5.925793514320158e-06, 
73, 000000, 000000, 0.0, 0.0, 1.0, 
74, 000000, 000000, 7.628512399744961e-06, 7.628512399744961e-06, 0.9999542289256016 4.5771074398469765e-05, 
75, 000000, 000000, 5.2562618618076624e-06, 5.2562618618076624e-06, 0.9999684624288292 3.153757117084598e-05, 
76, 000000, 000000, 2.472743968429145e-06, 2.472743968429145e-06, 0.9999851635361893 1.4836463810574872e-05, 
77, 000000, 000000, 4.310306696560858e-06, 4.310306696560858e-06, 0.9999741381598206 2.5861840179365145e-05, 
78, 000000, 000000, 3.2649563317965233e-06, 3.2649563317965233e-06, 0.9999804102620092 1.9589737990779142e-05, 
79, 000000, 000000, 1.1169891770379575e-07, 1.1169891770379575e-07, 0.9999993298064938 6.701935062227745e-07, 
80, 000000, 000000, 1.2559332070225152e-06, 1.2559332070225152e-06, 0.9999924644007577 7.5355992421350915e-06, 
81, 000000, 000000, 1.0303330338927344e-07, 1.0303330338927344e-07, 0.9999993818001797 6.181998203356407e-07, 
82, 000000, 000000, 5.583846970372266e-06, 5.583846970372266e-06, 0.9999664969181777 3.3503081822233594e-05, 
83, 000000, 000000, 7.948731596045897e-07, 7.948731596045897e-07, 0.9999952307610424 4.7692389576275385e-06, 
84, 000000, 000000, 6.607229763200063e-07, 6.607229763200063e-07, 0.9999960356621421 3.964337857920038e-06, 
85, 000000, 000000, 4.412445475929345e-06, 4.412445475929345e-06, 0.9999735253271446 2.6474672855576073e-05, 
86, 000000, 000000, 1.9339619451022137e-07, 1.9339619451022137e-07, 0.9999988396228329 1.1603771670613282e-06, 
87, 000000, 000000, 5.867666905384812e-07, 5.867666905384812e-07, 0.9999964793998568 3.520600143230887e-06, 
88, 000000, 000000, 2.3634821359262233e-06, 2.3634821359262233e-06, 0.9999858191071844 1.418089281555734e-05, 
89, 000000, 000000, 1.581595083087585e-06, 1.581595083087585e-06, 0.9999905104295015 9.489570498525511e-06, 
90, 000000, 000000, 5.925546671153575e-06, 5.925546671153575e-06, 0.999964446719973 3.5553280026921454e-05, 
91, 000000, 000000, 5.266787619510125e-07, 5.266787619510125e-07, 0.9999968399274283 3.1600725717060754e-06, 
92, 000000, 000000, 2.6067728721506753e-06, 2.6067728721506753e-06, 0.9999843593627671 1.5640637232904054e-05, 
93, 000000, 000000, 0.0, 0.0, 1.0, 
94, 000000, 000000, 4.665271328063151e-06, 4.665271328063151e-06, 0.9999720083720316 2.7991627968378906e-05, 
95, 000000, 000000, 6.645708015471289e-07, 6.645708015471289e-07, 0.9999960125751906 3.987424809282774e-06, 
96, 000000, 000000, 6.839898223952489e-07, 6.839898223952489e-07, 0.9999958960610656 4.103938934371494e-06, 
97, 000000, 000000, 3.244036493664996e-06, 3.244036493664996e-06, 0.999980535781038 1.9464218961989977e-05, 
98, 000000, 000000, 1.4973870423214239e-06, 1.4973870423214239e-06, 0.9999910156777461 8.984322253928544e-06, 
99, 000000, 000000, 1.7712072344873536e-06, 1.7712072344873536e-06, 0.999989372756593 1.0627243406924121e-05, 
100, 000000, 000000, 3.617780946269633e-08, 3.617780946269633e-08, 0.9999997829331432 2.17066856776178e-07, 
