run, initial grid state, final grid state, mean grid cell occupancy, mean binding site occupancy, fraction of time with N TFs bound, warning
1, 000000, 000000, 0.00010124436735096374, 0.00010124436735096374, 0.9993925337958942 0.0006074662041057825, 
2, 111111, 011111, 0.8614591088325789, 0.8614591088325789, 0.0 0.0 0.05161651252743965 0.009345349955932536 0.06489693371518793 0.46694937959659455 0.4071918242048453, 
3, 000000, 000000, 0.00010662889993043049, 0.00010662889993043049, 0.9993602266004175 0.000639773399582583, 
4, 000000, 000000, 0.00010234043029653698, 0.00010234043029653698, 0.9993859574182208 0.0006140425817792219, 
5, 000000, 000000, 0.00011590265922660488, 0.00011590265922660488, 0.9993045840446404 0.0006954159553596294, 
6, 000000, 000000, 8.347655016284798e-05, 8.347655016284798e-05, 0.9994991406990229 0.0005008593009770879, 
7, 000000, 000000, 8.826449472339798e-05, 8.826449472339798e-05, 0.9994704130316596 0.0005295869683403879, 
8, 000011, 000000, 0.06465655877248855, 0.06465655877248855, 0.8506456092414768 0.0005010821260436287 0.059168313862402636 0.08963833629622514 4.665847385173185e-05, 
9, 000000, 000000, 7.854533873349723e-05, 7.854533873349723e-05, 0.999528727967599 0.00047127203240098344, 
10, 000000, 000000, 0.0001075499545851023, 0.0001075499545851023, 0.9993547002724893 0.0006452997275106138, 
11, 000000, 000000, 9.275842029630241e-05, 9.275842029630241e-05, 0.9994434494782222 0.0005565505217778145, 
12, 000000, 000000, 8.841615275038579e-05, 8.841615275038579e-05, 0.9994695030834976 0.0005304969165023147, 
13, 000000, 000000, 0.00013831172801869804, 0.00013831172801869804, 0.9991839359802117 0.0008022576714642219 1.3806348323983258e-05, 
14, 000000, 000000, 0.00010599293347404087, 0.00010599293347404087, 0.9993640423991559 0.0006359576008442452, 
15, 000000, 000000, 9.046787676110026e-05, 9.046787676110026e-05, 0.9994571927394333 0.0005428072605666016, 
16, 000000, 000000, 0.00010980124115158239, 0.00010980124115158239, 0.9993411925530906 0.0006588074469094943, 
17, 000000, 000000, 0.00010122589157779863, 0.00010122589157779863, 0.9993926446505332 0.0006073553494667918, 
18, 000000, 000000, 0.00011265310934647447, 0.00011265310934647447, 0.9993240813439213 0.0006759186560788469, 
19, 000000, 000000, 0.00010652886109751966, 0.00010652886109751966, 0.9993608268334149 0.000639173166585118, 
20, 000000, 000000, 8.195828187377666e-05, 8.195828187377666e-05, 0.9995082503087575 0.00049174969124266, 
21, 000000, 000000, 0.00010202794458531223, 0.00010202794458531223, 0.9993878323324881 0.0006121676675118734, 
22, 000000, 000000, 0.00010769738335416251, 0.00010769738335416251, 0.9993538156998751 0.0006461843001249752, 
23, 000000, 000000, 9.230492955371513e-05, 9.230492955371513e-05, 0.9994461704226778 0.0005538295773222907, 
24, 000000, 000000, 0.0001092999728931751, 0.0001092999728931751, 0.999344200162641 0.0006557998373590507, 
25, 000000, 000000, 8.741574104274079e-05, 8.741574104274079e-05, 0.9994755055537436 0.0005244944462564448, 
26, 000000, 000000, 8.944488405901163e-05, 8.944488405901163e-05, 0.999463330695646 0.0005366693043540699, 
27, 000000, 000000, 9.071643594416831e-05, 9.071643594416831e-05, 0.999455701384335 0.0005442986156650098, 
28, 000000, 000000, 0.00011536020262145173, 0.00011536020262145173, 0.9993078387842712 0.0006921612157287103, 
29, 001110, 001111, 0.8854345227858029, 0.8854345227858029, 0.0 0.0 0.0 0.007194734168022682 0.12900291511385786 0.4078028305533984 0.45599952016472106, 
30, 000000, 000000, 0.00010292895553791949, 0.00010292895553791949, 0.9993824262667725 0.000617573733227517, 
31, 000000, 000000, 0.00011731405978665974, 0.00011731405978665974, 0.9992961156412801 0.0007038843587199584, 
32, 000000, 000000, 0.00011083434042058411, 0.00011083434042058411, 0.9993349939574766 0.0006650060425235047, 
33, 000000, 000000, 0.00012209400613328363, 0.00012209400613328363, 0.9992674359632003 0.0007325640367997017, 
34, 111111, 111111, 0.9677199238621587, 0.9677199238621587, 0.0 0.0 0.0 0.0 0.0 0.19368045682704782 0.8063195431729522, 
35, 000000, 000000, 0.0001022531202608454, 0.0001022531202608454, 0.9993902220587076 0.0006060371610196441 3.740780272714145e-06, 
36, 000000, 000000, 9.970678260680111e-05, 9.970678260680111e-05, 0.9994017593043593 0.0005982406956408066, 
37, 000000, 000000, 0.00011922183563313791, 0.00011922183563313791, 0.9992846689862012 0.0007153310137988276, 
38, 000000, 000000, 0.00010517880820290788, 0.00010517880820290788, 0.9993689271507825 0.0006310728492174472, 
39, 000000, 000000, 8.726848678993146e-05, 8.726848678993146e-05, 0.9994763890792604 0.0005236109207395888, 
40, 000000, 000000, 9.494940614615558e-05, 9.494940614615558e-05, 0.9994303035631231 0.0005696964368769335, 
41, 000000, 000000, 0.0001025161533557289, 0.0001025161533557289, 0.9993849030798656 0.0006150969201343735, 
42, 000000, 000000, 9.444135056645038e-05, 9.444135056645038e-05, 0.9994333518966013 0.0005666481033987023, 
43, 000000, 000000, 9.020904234100702e-05, 9.020904234100702e-05, 0.9994587457459538 0.000541254254046042, 
44, 000000, 000000, 9.694657360673048e-05, 9.694657360673048e-05, 0.9994183205583597 0.0005816794416403829, 
45, 000000, 000000, 9.038652085090986e-05, 9.038652085090986e-05, 0.9994576808748945 0.0005423191251054593, 
46, 000000, 000000, 9.500157387082965e-05, 9.500157387082965e-05, 0.999429990556775 0.000570009443224978, 
47, 000000, 000000, 0.00011427397589769488, 0.00011427397589769488, 0.9993143561446138 0.0006856438553861692, 
48, 000000, 000000, 0.00011089303548618875, 0.00011089303548618875, 0.9993346417870829 0.0006653582129171326, 
49, 000000, 000000, 0.00010144412917004517, 0.00010144412917004517, 0.9993913352249796 0.0006086647750202709, 
50, 000000, 000000, 7.993184644062045e-05, 7.993184644062045e-05, 0.9995204089213564 0.00047959107864372274, 
51, 000000, 000000, 9.53011286521824e-05, 9.53011286521824e-05, 0.9994281932280868 0.0005718067719130944, 
52, 000000, 000000, 0.0001053519282782093, 0.0001053519282782093, 0.9993678884303308 0.0006321115696692558, 
53, 000000, 000000, 0.00012946310371990657, 0.00012946310371990657, 0.9992232213776805 0.0007767786223194392, 
54, 000000, 000000, 0.00012192080536070408, 0.00012192080536070408, 0.9992684751678357 0.0007315248321642246, 
55, 000000, 000000, 0.00010038083941390457, 0.00010038083941390457, 0.9993977149635166 0.0006022850364834274, 
56, 111110, 011111, 0.7037869401007765, 0.7037869401007765, 0.0 0.0 0.09249887018318663 0.2939739020963721 0.16853735068636932 0.1882864710007399 0.2567034060333321, 
57, 000000, 000000, 0.00015818496092007448, 0.00015818496092007448, 0.9990508902344796 0.000949109765520447, 
58, 000000, 000000, 0.000133442210882267, 0.000133442210882267, 0.9991993467347065 0.000800653265293602, 
59, 000000, 000000, 8.985010420323518e-05, 8.985010420323518e-05, 0.9994608993747806 0.0005391006252194112, 
60, 000000, 000000, 0.0001182049496542888, 0.0001182049496542888, 0.9992907703020742 0.0007092296979257329, 
61, 000000, 000000, 9.797097687095442e-05, 9.797097687095442e-05, 0.9994121741387743 0.0005878258612257265, 
62, 000000, 000000, 9.31731699949207e-05, 9.31731699949207e-05, 0.9994409609800305 0.0005590390199695242, 
63, 111111, 111111, 0.8444357674398401, 0.8444357674398401, 0.0 0.0 0.0 0.05354503133760384 0.23795075432398166 0.2968487927001848 0.41165542163822966, 
64, 000000, 000000, 0.00010864839067668541, 0.00010864839067668541, 0.9993481096559398 0.0006518903440601126, 
65, 000000, 000000, 9.978142956934152e-05, 9.978142956934152e-05, 0.9994013114225839 0.0005986885774160492, 
66, 011111, 111110, 0.8621927344880869, 0.8621927344880869, 0.0 0.0 0.0 0.036394531022744675 0.1303381134378663 0.4569837731275119 0.3762835824118771, 
67, 000000, 000000, 0.00011014757976349225, 0.00011014757976349225, 0.999339114521419 0.0006608854785809535, 
68, 000000, 000000, 9.470884670489572e-05, 9.470884670489572e-05, 0.9994317469197705 0.0005682530802293744, 
69, 000000, 111000, 0.06669881296491997, 0.06669881296491997, 0.8521321619433656 0.0005954131300523062 0.042219810120278735 0.10505261480630335, 
70, 000000, 000000, 0.00013513059666860666, 0.00013513059666860666, 0.9991892164199884 0.00081078358001164, 
71, 000000, 000000, 0.00011261563145576595, 0.00011261563145576595, 0.9993243062112654 0.0006756937887345958, 
72, 000000, 000000, 0.00012287115275463046, 0.00012287115275463046, 0.9992627730834721 0.0007372269165277827, 
73, 011111, 111110, 0.9242537833657751, 0.9242537833657751, 0.0 0.0 0.0 0.0 0.08247051965205264 0.28953626050124365 0.6279932198467038, 
74, 000000, 000000, 0.0001118035502711357, 0.0001118035502711357, 0.9993291786983732 0.0006708213016268142, 
75, 000000, 000000, 0.00010519268097511071, 0.00010519268097511071, 0.9993688439141493 0.0006311560858506643, 
76, 000000, 000000, 9.973330590924347e-05, 9.973330590924347e-05, 0.9994016001645445 0.0005983998354554608, 
77, 000000, 000000, 0.00011668132639340527, 0.00011668132639340527, 0.9992999120416396 0.0007000879583604317, 
78, 000000, 000000, 0.0001279626442405039, 0.0001279626442405039, 0.999232224134557 0.0007677758654430233, 
79, 000000, 000000, 0.00011552412673328337, 0.00011552412673328337, 0.9993068552396003 0.0006931447603997004, 
80, 000000, 000000, 0.000111092756808732, 0.000111092756808732, 0.9993334434591475 0.0006665565408523921, 
81, 001111, 111111, 0.9068526121964428, 0.9068526121964428, 0.0 0.0 0.0 0.008753739299529047 0.18726701031427095 0.15808908829421503 0.6458901620919849, 
82, 111111, 111110, 0.9240771587735402, 0.9240771587735402, 0.0 0.0 0.0 0.0 0.13657107788308118 0.182394891592596 0.6810340305243229, 
83, 000000, 000000, 0.00011080069287155425, 0.00011080069287155425, 0.9993351958427705 0.0006648041572293254, 
84, 000000, 000000, 0.0001426582821580933, 0.0001426582821580933, 0.9991440503070514 0.0008559496929485598, 
85, 000000, 000000, 0.00011222952382276064, 0.00011222952382276064, 0.9993266228570634 0.0006733771429365638, 
86, 000000, 000000, 9.672477786970194e-05, 9.672477786970194e-05, 0.9994196513327818 0.0005803486672182117, 
87, 000000, 000000, 9.146789410252719e-05, 9.146789410252719e-05, 0.9994511926353848 0.0005488073646151632, 
88, 000000, 000000, 0.00011324025302659849, 0.00011324025302659849, 0.9993205584818405 0.0006794415181595911, 
89, 000000, 000000, 0.00010914674391749549, 0.00010914674391749549, 0.9993451195364951 0.000654880463504973, 
90, 000000, 000000, 0.00012037370104448397, 0.00012037370104448397, 0.9992777577937331 0.0007222422062669041, 
91, 011110, 111111, 0.9287000399155262, 0.9287000399155262, 0.0 0.0 0.0 0.04976484357595937 0.08137627833160427 0.11575267311575672 0.7531062049766797, 
92, 000000, 000000, 0.00010181967129533161, 0.00010181967129533161, 0.9993890819722281 0.0006109180277719897, 
93, 000000, 000000, 8.870134648764788e-05, 8.870134648764788e-05, 0.999467791921074 0.0005322080789258873, 
94, 000000, 000000, 8.516022462922502e-05, 8.516022462922502e-05, 0.9994890386522246 0.0005109613477753501, 
95, 000000, 000000, 8.590607994433743e-05, 8.590607994433743e-05, 0.999484563520334 0.0005154364796660248, 
96, 111111, 111111, 0.8728144499089918, 0.8728144499089918, 0.0 0.0 0.0 0.0 0.1577929392916225 0.4475274219628037 0.39467963874557377, 
97, 000000, 000000, 6.843823843574009e-05, 6.843823843574009e-05, 0.9995893705693856 0.00041062943061444056, 
98, 000000, 000000, 0.00010607560243183897, 0.00010607560243183897, 0.999363546385409 0.0006364536145910338, 
99, 000111, 111111, 0.7902234256157132, 0.7902234256157132, 0.0 0.0 0.005131943660179629 0.11854058134298953 0.26388532146233984 0.35473928471135446 0.2577028688231366, 
100, 000000, 000000, 8.377562380312068e-05, 8.377562380312068e-05, 0.9994973462571813 0.0005026537428187242, 
