run, initial grid state, final grid state, mean grid cell occupancy, mean binding site occupancy, fraction of time with N TFs bound, warning
1, 000000, 000000, 0.0, 0.0, 1.0, 
2, 000000, 000000, 9.349996947902609e-06, 9.349996947902609e-06, 0.9999439000183126 5.6099981687415656e-05, 
3, 000000, 000000, 7.746364473716123e-06, 7.746364473716123e-06, 0.9999535218131577 4.647818684229673e-05, 
4, 000000, 000000, 0.0, 0.0, 1.0, 
5, 000000, 000000, 0.0, 0.0, 1.0, 
6, 000000, 000000, 1.900034091268896e-05, 1.900034091268896e-05, 0.9998859979545238 0.00011400204547613375, 
7, 000000, 000000, 7.294931267652692e-05, 7.294931267652692e-05, 0.9995623041239409 0.00043769587605916156, 
8, 000000, 000000, 2.375698810612948e-05, 2.375698810612948e-05, 0.9998574580713632 0.00014254192863677687, 
9, 000000, 000000, 0.000144668362696366, 0.000144668362696366, 0.9991319898238219 0.000868010176178196, 
10, 000000, 000000, 9.642396098320944e-06, 9.642396098320944e-06, 0.9999421456234102 5.785437658992567e-05, 
11, 000000, 000000, 2.1353194694121035e-05, 2.1353194694121035e-05, 0.9998718808318353 0.0001281191681647262, 
12, 000000, 000000, 6.237063598970423e-05, 6.237063598970423e-05, 0.9996257761840617 0.00037422381593822543, 
13, 000000, 000000, 3.0179904103431474e-05, 3.0179904103431474e-05, 0.9998189205753795 0.00018107942462058886, 
14, 000000, 000000, 8.632993643291825e-05, 8.632993643291825e-05, 0.9994820203814024 0.0005179796185975095, 
15, 000000, 000000, 4.0647076587878704e-05, 4.0647076587878704e-05, 0.9997561175404727 0.00024388245952727225, 
16, 000000, 000000, 7.843566420243634e-05, 7.843566420243634e-05, 0.9995293860147855 0.0004706139852146181, 
17, 000000, 000000, 0.00017818818220732683, 0.00017818818220732683, 0.9989308709067559 0.0010691290932439612, 
18, 000000, 000000, 0.0, 0.0, 1.0, 
19, 000000, 000000, 1.3804993281458194e-05, 1.3804993281458194e-05, 0.9999171700403112 8.282995968874918e-05, 
20, 000000, 000000, 6.61245324270012e-05, 6.61245324270012e-05, 0.999603252805438 0.00039674719456200716, 
21, 000000, 000000, 0.00012046246317630963, 0.00012046246317630963, 0.999277225220942 0.0007227747790578579, 
22, 000000, 000000, 1.5036288223892805e-06, 1.5036288223892805e-06, 0.9999909782270656 9.021772934335683e-06, 
23, 000000, 000000, 8.158680984879232e-05, 8.158680984879232e-05, 0.9995104791409073 0.0004895208590927539, 
24, 000000, 000000, 6.156221387004985e-05, 6.156221387004985e-05, 0.9996306267167797 0.00036937328322029914, 
25, 000000, 000000, 6.991026439568239e-05, 6.991026439568239e-05, 0.9995805384136259 0.0004194615863740944, 
26, 000000, 000000, 5.4132467865827816e-05, 5.4132467865827816e-05, 0.9996752051928051 0.00032479480719496695, 
27, 000000, 000000, 0.0, 0.0, 1.0, 
28, 000000, 000000, 9.548144853727272e-06, 9.548144853727272e-06, 0.9999427111308776 5.7288869122363635e-05, 
29, 000000, 000000, 0.0, 0.0, 1.0, 
30, 000000, 000000, 0.0, 0.0, 1.0, 
31, 000000, 000000, 1.9299955032305483e-05, 1.9299955032305483e-05, 0.9998842002698063 0.00011579973019383291, 
32, 000000, 000000, 2.9484723150080542e-05, 2.9484723150080542e-05, 0.9998230916610996 0.0001769083389004833, 
33, 000000, 000000, 4.296642801302793e-05, 4.296642801302793e-05, 0.9997422014319218 0.00025779856807816757, 
34, 000000, 000000, 5.4491769371642964e-05, 5.4491769371642964e-05, 0.9996730493837701 0.00032695061622985784, 
35, 000000, 000000, 6.35146576134921e-05, 6.35146576134921e-05, 0.9996189120543191 0.00038108794568095266, 
36, 000000, 000000, 4.6680524915536215e-05, 4.6680524915536215e-05, 0.9997199168505068 0.00028008314949321727, 
37, 000000, 000000, 0.0, 0.0, 1.0, 
38, 000000, 000000, 0.0, 0.0, 1.0, 
39, 000000, 000000, 3.904726366613393e-05, 3.904726366613393e-05, 0.9997657164180032 0.0002342835819968036, 
40, 000000, 000000, 3.8523469434754324e-05, 3.8523469434754324e-05, 0.9997688591833914 0.00023114081660852596, 
41, 000000, 000000, 0.0, 0.0, 1.0, 
42, 000000, 000000, 0.0, 0.0, 1.0, 
43, 000000, 000000, 7.92010139071797e-05, 7.92010139071797e-05, 0.9995247939165569 0.00047520608344307823, 
44, 000000, 000000, 0.00010648211549097095, 0.00010648211549097095, 0.9993611073070542 0.0006388926929458257, 
45, 000000, 000000, 1.8637455349243739e-06, 1.8637455349243739e-06, 0.9999888175267905 1.1182473209546245e-05, 
46, 000000, 000000, 3.0282470428472007e-05, 3.0282470428472007e-05, 0.9998183051774292 0.00018169482257083204, 
47, 000000, 000000, 8.801791533372713e-06, 8.801791533372713e-06, 0.9999471892507997 5.281074920023628e-05, 
48, 000000, 000000, 0.0, 0.0, 1.0, 
49, 000000, 000000, 6.956470082766668e-05, 6.956470082766668e-05, 0.999582611795034 0.00041738820496600005, 
50, 000000, 000000, 6.50163636945688e-05, 6.50163636945688e-05, 0.9996099018178326 0.00039009818216741274, 
51, 000000, 000000, 3.177531295675083e-05, 3.177531295675083e-05, 0.9998093481222594 0.000190651877740505, 
52, 000000, 000000, 0.0, 0.0, 1.0, 
53, 000000, 000000, 1.4761167454421084e-05, 1.4761167454421084e-05, 0.9999114329952734 8.856700472652651e-05, 
54, 000000, 000000, 5.821636427945504e-06, 5.821636427945504e-06, 0.9999650701814322 3.492981856767303e-05, 
55, 000000, 000000, 0.00012427568512778285, 0.00012427568512778285, 0.9992543458892333 0.0007456541107666971, 
56, 000000, 000000, 2.191221549152634e-05, 2.191221549152634e-05, 0.9998685267070508 0.00013147329294915805, 
57, 000000, 000000, 3.0095749073184137e-06, 3.0095749073184137e-06, 0.9999819425505561 1.8057449443910484e-05, 
58, 000000, 000000, 3.1227267450648445e-05, 3.1227267450648445e-05, 0.9998126363952962 0.00018736360470389068, 
59, 000000, 000000, 3.0273261718948162e-05, 3.0273261718948162e-05, 0.9998183604296863 0.00018163957031368897, 
60, 000000, 000000, 3.0094075792736116e-06, 3.0094075792736116e-06, 0.9999819435545244 1.805644547564167e-05, 
61, 000000, 000000, 0.0, 0.0, 1.0, 
62, 000000, 000000, 6.741023519327002e-05, 6.741023519327002e-05, 0.9995955385888404 0.00040446141115962013, 
63, 000000, 000000, 3.137011654825509e-05, 3.137011654825509e-05, 0.9998117793007104 0.00018822069928953056, 
64, 000000, 000000, 1.6803718918672953e-07, 1.6803718918672953e-07, 0.9999989917768649 1.008223135120377e-06, 
65, 000000, 000000, 0.0, 0.0, 1.0, 
66, 000000, 000000, 1.0065744399170497e-05, 1.0065744399170497e-05, 0.999939605533605 6.039446639502298e-05, 
67, 000000, 000000, 1.7787352325503578e-05, 1.7787352325503578e-05, 0.999893275886047 0.00010672411395302147, 
68, 000000, 000000, 0.0, 0.0, 1.0, 
69, 000000, 000000, 0.0001108799721067677, 0.0001108799721067677, 0.9993347201673592 0.0006652798326406062, 
70, 000000, 000000, 4.439759598336571e-05, 4.439759598336571e-05, 0.9997336144240998 0.0002663855759001943, 
71, 000000, 000000, 0.00017290174354389731, 0.00017290174354389731, 0.9989625895387366 0.001037410461263384, 
72, 000000, 000000, 4.052065976347878e-05, 4.052065976347878e-05, 0.999756876041419 0.00024312395858087267, 
73, 000000, 000000, 0.0, 0.0, 1.0, 
74, 000000, 000000, 9.879202919198373e-06, 9.879202919198373e-06, 0.9999407247824849 5.927521751519024e-05, 
75, 000000, 000000, 3.412857383472862e-05, 3.412857383472862e-05, 0.9997952285569917 0.0002047714430083717, 
76, 000000, 000000, 0.0, 0.0, 1.0, 
77, 000000, 000000, 3.149865850504178e-05, 3.149865850504178e-05, 0.9998110080489697 0.00018899195103025065, 
78, 000000, 000000, 0.0001508717112448664, 0.0001508717112448664, 0.9990947697325308 0.0009052302674691984, 
79, 000000, 000000, 8.770120876238815e-06, 8.770120876238815e-06, 0.9999473792747425 5.2620725257432894e-05, 
80, 000000, 000000, 9.002905653405489e-05, 9.002905653405489e-05, 0.9994598256607957 0.0005401743392043295, 
81, 000000, 000000, 3.0374672988758828e-05, 3.0374672988758828e-05, 0.9998177519620673 0.00018224803793255297, 
82, 000000, 000000, 3.198912161051611e-05, 3.198912161051611e-05, 0.999808065270337 0.0001919347296630967, 
83, 000000, 000000, 0.0, 0.0, 1.0, 
84, 000000, 000000, 5.1801506975986156e-05, 5.1801506975986156e-05, 0.9996891909581441 0.00031080904185591695, 
85, 000000, 000000, 2.881350462396189e-05, 2.881350462396189e-05, 0.9998271189722562 0.00017288102774377134, 
86, 000000, 000000, 2.3596898121665385e-05, 2.3596898121665385e-05, 0.99985841861127 0.00014158138872999234, 
87, 000000, 000000, 5.472688533330438e-05, 5.472688533330438e-05, 0.9996716386880001 0.00032836131199982625, 
88, 000000, 000000, 1.075362206752611e-05, 1.075362206752611e-05, 0.9999354782675949 6.452173240515667e-05, 
89, 000000, 000000, 9.041520191116919e-05, 9.041520191116919e-05, 0.9994575087885329 0.0005424912114670151, 
90, 000000, 000000, 0.00018362389307946875, 0.00018362389307946875, 0.9988982566415232 0.0011017433584768128, 
91, 000000, 000000, 6.15931250602736e-05, 6.15931250602736e-05, 0.9996304412496384 0.0003695587503616416, 
92, 000000, 000000, 0.0, 0.0, 1.0, 
93, 000000, 000000, 0.00011359356997728062, 0.00011359356997728062, 0.9993184385801364 0.0006815614198636838, 
94, 000000, 000000, 3.0383111112282065e-05, 3.0383111112282065e-05, 0.9998177013333264 0.00018229866667369242, 
95, 000000, 000000, 2.8470476597302807e-06, 2.8470476597302807e-06, 0.9999829177140416 1.7082285958381686e-05, 
96, 000000, 000000, 1.5023845999269477e-05, 1.5023845999269477e-05, 0.9999098569240044 9.014307599561687e-05, 
97, 000000, 000000, 0.0, 0.0, 1.0, 
98, 000000, 000000, 6.578137110365824e-06, 6.578137110365824e-06, 0.9999605311773377 3.946882266219495e-05, 
99, 000000, 000000, 4.885441508335238e-05, 4.885441508335238e-05, 0.9997068735094999 0.00029312649050011427, 
100, 000000, 000000, 6.214660188856053e-06, 6.214660188856053e-06, 0.9999627120388669 3.728796113313632e-05, 
