run, initial grid state, final grid state, mean grid cell occupancy, mean binding site occupancy, fraction of time with N TFs bound, warning
1, 000000, 000000, 6.331091907736277e-05, 6.331091907736277e-05, 0.9996201344855359 0.00037986551446417667, 
2, 000000, 000000, 6.536963522924737e-05, 6.536963522924737e-05, 0.9996077821886246 0.00039221781137548426, 
3, 000000, 000000, 6.385210490618339e-05, 6.385210490618339e-05, 0.9996168873705629 0.0003831126294371002, 
4, 000000, 000000, 6.304491224016603e-05, 6.304491224016603e-05, 0.9996217305265589 0.00037826947344099613, 
5, 000000, 000000, 6.780760538427062e-05, 6.780760538427062e-05, 0.9995931543676944 0.0004068456323056238, 
6, 000000, 000000, 6.655422187369537e-05, 6.655422187369537e-05, 0.9996006746687579 0.0003993253312421724, 
7, 000000, 000000, 6.331356317160139e-05, 6.331356317160139e-05, 0.9996201186209704 0.00037988137902960836, 
8, 001110, 000000, 0.004159546205740353, 0.004159546205740353, 0.9928429205829177 0.00040192037880910025 0.0009691733758177075 0.001988441668561334 0.0023360348711577066 0.001461509122736555, 
9, 000000, 000000, 6.667841591797355e-05, 6.667841591797355e-05, 0.9995999295044921 0.0004000704955078413, 
10, 000000, 000000, 6.319997505551985e-05, 6.319997505551985e-05, 0.9996212240417571 0.00037835206615270504 4.2389209020705443e-07, 
11, 000000, 000000, 6.498923663417501e-05, 6.498923663417501e-05, 0.999610064580195 0.00038993541980505, 
12, 000000, 000000, 6.497900115193776e-05, 6.497900115193776e-05, 0.9996101259930884 0.0003898740069116266, 
13, 000000, 000000, 6.295769927582873e-05, 6.295769927582873e-05, 0.9996222976088965 0.0003776585865519058 4.3804551533290316e-08, 
14, 000000, 000000, 6.676271617644568e-05, 6.676271617644568e-05, 0.9995994237029413 0.00040057629705867414, 
15, 000000, 000000, 0.2984849468789011, 0.2984849468789011, 0.6294246005226044 0.00025670579470468105 0.013303559523909488 0.04037326071811369 0.07298708239369664 0.11095100158007115 0.1327037894668999, 
16, 000000, 000000, 6.248370393627217e-05, 6.248370393627217e-05, 0.9996250977763824 0.0003749022236176331, 
17, 000000, 000000, 6.337854892358333e-05, 6.337854892358333e-05, 0.9996197287064585 0.0003802712935415, 
18, 000000, 000000, 6.727362297837924e-05, 6.727362297837924e-05, 0.9995963582621298 0.0004036417378702755, 
19, 000000, 000000, 6.396740410770622e-05, 6.396740410770622e-05, 0.9996161955753537 0.0003838044246462373, 
20, 000000, 000000, 6.612981667428591e-05, 6.612981667428591e-05, 0.9996032210999543 0.00039677890004571545, 
21, 000000, 000000, 6.366536407653762e-05, 6.366536407653762e-05, 0.9996180078155408 0.00038199218445922567, 
22, 000000, 000000, 6.488595018877705e-05, 6.488595018877705e-05, 0.9996109310110673 0.00038882227673262785 2.4671220001720245e-07, 
23, 000000, 000000, 0.09405939570795548, 0.09405939570795548, 0.8820170368538134 0.0003424109709444263 0.0017715898314288824 0.016023081130301056 0.02935138641877045 0.027970974220505738 0.04252352057423617, 
24, 000000, 000000, 6.651131708034108e-05, 6.651131708034108e-05, 0.999600932097518 0.0003990679024820465, 
25, 000000, 000000, 6.46453032946171e-05, 6.46453032946171e-05, 0.9996124325475826 0.0003872630850670654 3.043673503186021e-07, 
26, 000000, 000000, 6.383296970723588e-05, 6.383296970723588e-05, 0.9996170021817566 0.00038299781824341534, 
27, 000000, 000000, 6.410891612179724e-05, 6.410891612179724e-05, 0.9996153465032692 0.00038465349673078345, 
28, 000000, 000000, 0.0005553783770357439, 0.0005553783770357439, 0.9981350932738827 0.0003975431900200456 0.0014673635360972085, 
29, 000000, 000000, 6.065501785998102e-05, 6.065501785998102e-05, 0.99963606989284 0.00036393010715988616, 
30, 000000, 000000, 0.003928993962022673, 0.003928993962022673, 0.9905822497494501 0.00039722170091516565 0.003885288607543593 0.005134794912230628 4.4502986045110786e-07, 
31, 000000, 000000, 0.03321312798559226, 0.03321312798559226, 0.9528294198602586 0.000356454630510178 0.002526764426929042 0.007120624612042449 0.015831216751728168 0.01883107472504428 0.0025044449934873126, 
32, 000000, 000000, 6.513173799127864e-05, 6.513173799127864e-05, 0.9996092095720523 0.00039079042794767184, 
33, 000000, 000000, 0.0007646750845117923, 0.0007646750845117923, 0.9975181022953834 0.0003765264422007606 0.002104589722377459 7.815400383585975e-07, 
34, 000000, 000000, 0.060187413377927816, 0.060187413377927816, 0.9306186586487317 0.0003573446920713237 0.004483906326379321 0.005161334157669317 0.003390775307650793 0.013175665985858892 0.042812314881638565, 
35, 000000, 000000, 0.1602658791383295, 0.1602658791383295, 0.8065790799857894 0.0003392859299217216 0.006356231675499734 0.01418997622079219 0.03899965785647216 0.05123964452835826 0.08229612380316655, 
36, 000000, 000000, 6.490682955286746e-05, 6.490682955286746e-05, 0.9996105590226828 0.0003894409773172049, 
37, 000000, 000000, 6.297013957034156e-05, 6.297013957034156e-05, 0.9996221791625779 0.00037782083742204936, 
38, 000000, 000000, 6.778121435956233e-05, 6.778121435956233e-05, 0.9995933127138426 0.00040668728615737403, 
39, 001111, 000000, 0.04059775483587648, 0.04059775483587648, 0.9490302317447806 0.0003730115574396366 0.0006838632901656059 0.009508043169547354 0.007201354411096261 0.014704731237361794 0.018498764589608648, 
40, 000000, 000000, 6.506017867796136e-05, 6.506017867796136e-05, 0.9996096389279322 0.00039036107206776813, 
41, 000000, 000000, 6.282777132030887e-05, 6.282777132030887e-05, 0.9996230333720781 0.0003769666279218532, 
42, 000000, 000000, 6.506176145149362e-05, 6.506176145149362e-05, 0.999609629431291 0.0003903705687089618, 
43, 000000, 000000, 0.09596135312385416, 0.09596135312385416, 0.8837573425350174 0.0003252990734047403 0.0008405919092302946 0.014999678907973792 0.020173726163844607 0.03135247399121542 0.048550887419313786, 
44, 000000, 000000, 6.409079441300918e-05, 6.409079441300918e-05, 0.9996154552335219 0.0003845447664780551, 
45, 000000, 000000, 6.33705176619963e-05, 6.33705176619963e-05, 0.9996197768940279 0.0003802231059719778, 
46, 000000, 000000, 0.19509870716886069, 0.19509870716886069, 0.7230344036765898 0.00029070811848611034 0.030423373112277996 0.05657297840479335 0.05856695707541784 0.08120145252053881 0.04991012709189607, 
47, 000000, 000000, 6.522396832022937e-05, 6.522396832022937e-05, 0.9996087818940472 0.0003910924019842242 1.2570396857602255e-07, 
48, 000000, 000000, 6.397432196826635e-05, 6.397432196826635e-05, 0.9996161680680785 0.0003838179320333936 1.399988810221354e-08, 
49, 000000, 000000, 6.731502083365029e-05, 6.731502083365029e-05, 0.9995961390568051 0.0004038317613880464 2.9181806927635554e-08, 
50, 000000, 000000, 6.315151184601346e-05, 6.315151184601346e-05, 0.9996210909289238 0.00037890907107608065, 
51, 000000, 000000, 0.00030400101372972296, 0.00030400101372972296, 0.9988933349036768 0.00038951004388888236 0.0007169691188136736 1.859336207026527e-07, 
52, 000000, 000000, 6.382146090224143e-05, 6.382146090224143e-05, 0.9996170712345864 0.00038292876541344865, 
53, 000000, 000000, 0.004470969850630416, 0.004470969850630416, 0.9899216360252598 0.00037546831223111564 0.002659678159325009 0.007041875539834726 1.341963349296933e-06, 
54, 000000, 000000, 6.390302682831308e-05, 6.390302682831308e-05, 0.9996165818390301 0.0003834181609698785, 
55, 000000, 000000, 6.338737990767724e-05, 6.338737990767724e-05, 0.999619675720554 0.00038032427944606343, 
56, 000000, 000000, 6.808176017274546e-05, 6.808176017274546e-05, 0.9995915094389635 0.0004084905610364727, 
57, 000000, 000000, 6.562769669078093e-05, 6.562769669078093e-05, 0.9996062338198554 0.00039376618014468556, 
58, 000000, 000000, 6.223095554106723e-05, 6.223095554106723e-05, 0.9996266142667536 0.0003733857332464034, 
59, 000000, 000000, 6.295517646917754e-05, 6.295517646917754e-05, 0.9996222817739386 0.00037770539330752163 1.2832753771827333e-08, 
60, 000000, 000000, 6.524847417549442e-05, 6.524847417549442e-05, 0.999608509154947 0.0003914908450529666, 
61, 000000, 000000, 6.488194999293415e-05, 6.488194999293415e-05, 0.9996107083000424 0.00038929169995760484, 
62, 000000, 000000, 6.61572040270772e-05, 6.61572040270772e-05, 0.9996030567758375 0.00039694322416246314, 
63, 000000, 000000, 6.283771668034747e-05, 6.283771668034747e-05, 0.9996229736999179 0.0003770263000820848, 
64, 000000, 000000, 6.206885984584771e-05, 6.206885984584771e-05, 0.9996275868409249 0.0003724131590750863, 
65, 000000, 000000, 6.349190573890878e-05, 6.349190573890878e-05, 0.9996190485655665 0.0003809514344334528, 
66, 000000, 000000, 0.049492798991253174, 0.049492798991253174, 0.939334198456978 0.00036007684106242573 0.004112361112151827 0.006457705882865587 0.006914785969216028 0.01558549706966434 0.02723537466806173, 
67, 000000, 000000, 6.450427258426147e-05, 6.450427258426147e-05, 0.9996131132514701 0.0003867478615544471 1.3888697556086946e-07, 
68, 000000, 000000, 6.257603691775187e-05, 6.257603691775187e-05, 0.999625098319376 0.0003743471397416089 5.545408824511936e-07, 
69, 000000, 000000, 6.844904944324393e-05, 6.844904944324393e-05, 0.9995893057033406 0.0004106942966594635, 
70, 000000, 000000, 6.462237960911529e-05, 6.462237960911529e-05, 0.9996126208614237 0.0003870239994979301 3.551390783808061e-07, 
71, 000000, 000000, 6.218832737641936e-05, 6.218832737641936e-05, 0.9996268700357416 0.0003731299642585162, 
72, 000000, 000000, 0.00011630422913310064, 0.00011630422913310064, 0.9994584302879755 0.00038531404925005726 0.00015625566277427332, 
73, 000000, 000000, 6.522006179110874e-05, 6.522006179110874e-05, 0.9996086796292534 0.00039132037074665247, 
74, 000000, 000000, 6.578233581461603e-05, 6.578233581461603e-05, 0.9996053059851123 0.0003946940148876962, 
75, 000000, 000000, 6.369606007169532e-05, 6.369606007169532e-05, 0.9996178236395699 0.00038217636043017195, 
76, 000000, 000000, 6.42688783794296e-05, 6.42688783794296e-05, 0.9996145023701141 0.0003853819894951496 1.1564039071400959e-07, 
77, 000000, 000000, 6.704903833293344e-05, 6.704903833293344e-05, 0.9995977332225828 0.00040223932483676484 2.7452580417905532e-08, 
78, 000000, 000000, 6.677796797126499e-05, 6.677796797126499e-05, 0.9995996117874595 0.00040010861725355706 2.7959528701645985e-07, 
79, 000000, 000000, 6.61150894299892e-05, 6.61150894299892e-05, 0.999603375063821 0.0003965593357780632 6.560040093603587e-08, 
80, 000000, 000000, 6.257608549910674e-05, 6.257608549910674e-05, 0.9996245434870054 0.0003754565129946404, 
81, 000000, 000000, 6.150752999466231e-05, 6.150752999466231e-05, 0.9996310421312372 0.0003688705575578354 8.731120506922403e-08, 
82, 000000, 000000, 6.44869272155284e-05, 6.44869272155284e-05, 0.9996130889477406 0.00038690054122564625 1.0511033762068974e-08, 
83, 000000, 000000, 6.627697863043636e-05, 6.627697863043636e-05, 0.9996023381282174 0.00039766187178261815, 
84, 000000, 000000, 6.444292244106738e-05, 6.444292244106738e-05, 0.9996133922795334 0.0003865579062867289 4.98141798377037e-08, 
85, 000000, 000000, 6.548356007610173e-05, 6.548356007610173e-05, 0.9996072046040877 0.00039268943136817685 1.0596454421679178e-07, 
86, 000000, 000000, 6.554231020576692e-05, 6.554231020576692e-05, 0.9996067461387653 0.0003932538612346016, 
87, 000000, 000000, 6.285735467735109e-05, 6.285735467735109e-05, 0.9996228558719359 0.0003771441280641065, 
88, 000000, 000000, 6.496991398642129e-05, 6.496991398642129e-05, 0.9996104092606907 0.0003893619947000997 2.2874460921401067e-07, 
89, 000000, 000000, 6.485592318663636e-05, 6.485592318663636e-05, 0.9996108644608802 0.00038913553911981816, 
90, 000000, 000000, 6.456540318056751e-05, 6.456540318056751e-05, 0.9996126257666464 0.0003873560476238983 1.8185729753403435e-08, 
91, 000000, 000000, 6.419186943125888e-05, 6.419186943125888e-05, 0.9996148487834124 0.0003851512165875533, 
92, 000000, 000000, 6.368942291430253e-05, 6.368942291430253e-05, 0.9996178634625142 0.0003821365374858152, 
93, 000000, 000000, 6.247892200068594e-05, 6.247892200068594e-05, 0.9996252724354663 0.00037458159706341425 1.4596747035071961e-07, 
94, 000000, 000000, 6.16578479068141e-05, 6.16578479068141e-05, 0.9996300529125591 0.0003699470874408846, 
95, 000000, 000000, 6.579237223587032e-05, 6.579237223587032e-05, 0.9996052457665847 0.000394754233415222, 
96, 000000, 000000, 6.42985794991745e-05, 6.42985794991745e-05, 0.999614208523005 0.00038579147699504705, 
97, 000000, 000000, 0.13720642562090532, 0.13720642562090532, 0.8377768633083127 0.00032932389433086893 0.00542434257588466 0.010647377129353795 0.02748996095777273 0.03983422334589208 0.07849790878845316, 
98, 000000, 000000, 6.59925944552935e-05, 6.59925944552935e-05, 0.9996041435574333 0.00039575731840163345 9.912416506381261e-08, 
99, 000000, 000000, 0.002152979046826298, 0.002152979046826298, 0.9934631181977346 0.0003722158551623217 0.00594874182818566 0.00021552170624539963 4.024126719860803e-07, 
100, 000000, 000000, 6.619786512998606e-05, 6.619786512998606e-05, 0.9996028331770208 0.0003971464551784458 2.0367800735291977e-08, 
