run, initial grid state, final grid state, mean grid cell occupancy, mean binding site occupancy, fraction of time with N TFs bound, warning
1, 000000, 000000, 9.842542866287041e-05, 9.842542866287041e-05, 0.9994094474280228 0.0005905525719772225, 
2, 000000, 000000, 0.00010859646162753993, 0.00010859646162753993, 0.9993484212302347 0.0006515787697652398, 
3, 011111, 111111, 0.8564091371142692, 0.8564091371142692, 0.0 0.0 0.0 0.0 0.0030551016915913976 0.8554349739312014 0.1415099243772073, 
4, 000000, 000000, 0.0001151574086624286, 0.0001151574086624286, 0.9993090555480254 0.0006909444519745717, 
5, 000000, 000000, 0.00010526842369316587, 0.00010526842369316587, 0.999368389457841 0.0006316105421589952, 
6, 000000, 000000, 0.00010064437858951063, 0.00010064437858951063, 0.999396133728463 0.000603866271537064, 
7, 011111, 111111, 0.8710649013041327, 0.8710649013041327, 0.0 0.0 0.0 0.0 0.04867536116401562 0.6762598698471721 0.2750647689888122, 
8, 000000, 000000, 0.00010309048845766604, 0.00010309048845766604, 0.999381457069254 0.0006185429307459964, 
9, 111111, 111110, 0.942508988159823, 0.942508988159823, 0.0 0.0 0.0 0.0 0.09656671883777043 0.15181263336552203 0.7516206477967076, 
10, 000000, 000000, 0.00010791273699812164, 0.00010791273699812164, 0.9993525235780112 0.0006474764219887299, 
11, 000000, 000000, 8.283282174121451e-05, 8.283282174121451e-05, 0.9995030030695526 0.0004969969304472871, 
12, 000000, 000000, 6.691205012861533e-05, 6.691205012861533e-05, 0.9995985276992282 0.00040147230077169205, 
13, 000000, 000000, 0.0001597444263302974, 0.0001597444263302974, 0.9990415334420183 0.0009584665579817844, 
14, 000000, 000000, 0.00010605254565616087, 0.00010605254565616087, 0.999363684726063 0.0006363152739369653, 
15, 000000, 000000, 0.00014927276489297826, 0.00014927276489297826, 0.9991043634106421 0.0008956365893578697, 
16, 111111, 111000, 0.7704810218232613, 0.7704810218232613, 0.0 0.0 0.0 0.0853050218977575 0.4469557062974721 0.22728739077221544 0.2404518810325549, 
17, 000000, 000000, 0.000101851462878564, 0.000101851462878564, 0.9993888912227287 0.000611108777271384, 
18, 000000, 000000, 0.00013335834639219808, 0.00013335834639219808, 0.9991998499216469 0.0008001500783531885, 
19, 000000, 000000, 0.00012429853193678047, 0.00012429853193678047, 0.9992542088083793 0.0007457911916206827, 
20, 000000, 000000, 0.00015231869052920307, 0.00015231869052920307, 0.999086087856825 0.0009139121431752184, 
21, 111111, 111111, 0.9159974440134607, 0.9159974440134607, 0.0 0.0 0.0 0.0 0.0 0.5040153359192358 0.4959846640807643, 
22, 000000, 000000, 0.0001275605594104004, 0.0001275605594104004, 0.9992346366435376 0.0007653633564624025, 
23, 000000, 000000, 0.00012294457031132537, 0.00012294457031132537, 0.999262332578132 0.0007376674218679524, 
24, 000000, 000000, 7.378548791691141e-05, 7.378548791691141e-05, 0.9995572870724986 0.0004427129275014684, 
25, 011110, 111110, 0.9185953805425598, 0.9185953805425598, 0.0 0.0 0.0 0.0 0.08012433625730526 0.3281790442300304 0.5916966195126643, 
26, 000000, 000000, 0.00012828942607169636, 0.00012828942607169636, 0.9992302634435699 0.000769736556430178, 
27, 000000, 000000, 0.0001364247284997587, 0.0001364247284997587, 0.9991814516290015 0.0008185483709985522, 
28, 000000, 000000, 0.00010461809052402149, 0.00010461809052402149, 0.9993722914568558 0.0006277085431441289, 
29, 000000, 000000, 0.0001366898833988211, 0.0001366898833988211, 0.9991798606996072 0.0008201393003929267, 
30, 000000, 000000, 0.00010181659979428096, 0.00010181659979428096, 0.9993891004012344 0.0006108995987656858, 
31, 000000, 000000, 7.332179186479251e-05, 7.332179186479251e-05, 0.9995600692488112 0.00043993075118875513, 
32, 000000, 000000, 8.073103782077067e-05, 8.073103782077067e-05, 0.9995156137730754 0.000484386226924624, 
33, 111111, 011111, 0.9930393652746883, 0.9930393652746883, 0.0 0.0 0.0 0.0 0.0 0.04176380835187044 0.9582361916481296, 
34, 011111, 000110, 0.8074678444633596, 0.8074678444633596, 0.0 0.0 0.04447911106166083 0.11247453763731904 0.04045721078143463 0.5589384544983719 0.24365068602121365, 
35, 000000, 000000, 0.00016604284527913906, 0.00016604284527913906, 0.9990037429283251 0.0009962570716748344, 
36, 000000, 000000, 9.753091265396123e-05, 9.753091265396123e-05, 0.9994148145240763 0.0005851854759237674, 
37, 000000, 000000, 0.0001309590836579963, 0.0001309590836579963, 0.9992142454980522 0.0007857545019479777, 
38, 000000, 000000, 9.092797103016415e-05, 9.092797103016415e-05, 0.999454432173819 0.0005455678261809848, 
39, 000000, 000000, 0.00015590021149806363, 0.00015590021149806363, 0.9990645987310117 0.0009354012689883819, 
40, 111111, 111000, 0.7855374670428575, 0.7855374670428575, 0.0 0.0 0.0 0.04675096117201819 0.35461063195216286 0.43730105032247485 0.16133735655334408, 
41, 000000, 000000, 0.0001437227951314638, 0.0001437227951314638, 0.9991376632292113 0.000862336770788783, 
42, 000000, 000000, 9.950998649759344e-05, 9.950998649759344e-05, 0.9994029400810144 0.0005970599189855607, 
43, 000000, 000000, 9.60937964345794e-05, 9.60937964345794e-05, 0.9994234372213925 0.0005765627786074764, 
44, 000000, 000000, 0.00011363783085069041, 0.00011363783085069041, 0.9993181730148959 0.0006818269851041424, 
45, 000000, 000000, 8.245291836219855e-05, 8.245291836219855e-05, 0.9995052824898268 0.0004947175101731914, 
46, 000000, 000000, 0.00016024641402544748, 0.00016024641402544748, 0.9990385215158473 0.0009614784841526847, 
47, 000000, 000000, 8.93052185714265e-05, 8.93052185714265e-05, 0.9994641686885716 0.000535831311428559, 
48, 111110, 111111, 0.9442434394041733, 0.9442434394041733, 0.0 0.0 0.0 0.0 0.0 0.33453936357496006 0.6654606364250399, 
49, 000000, 000000, 8.462650177677508e-05, 8.462650177677508e-05, 0.9994922409893393 0.0005077590106606505, 
50, 000000, 000000, 7.562379220377242e-05, 7.562379220377242e-05, 0.9995462572467774 0.0004537427532226345, 
51, 011111, 111111, 0.895634981067878, 0.895634981067878, 0.0 0.0 0.0 0.0 0.10786278382865563 0.41046454593542075 0.48167267023592364, 
52, 000000, 000000, 0.00012472088235327864, 0.00012472088235327864, 0.9992516747058804 0.0007483252941196716, 
53, 000000, 000000, 8.573809850804177e-05, 8.573809850804177e-05, 0.9994855714089518 0.0005144285910482506, 
54, 000000, 000000, 0.00011875328031513792, 0.00011875328031513792, 0.9992874803181092 0.0007125196818908277, 
55, 000000, 000000, 7.741166639362696e-05, 7.741166639362696e-05, 0.9995355300016382 0.0004644699983617617, 
56, 000000, 000000, 0.0001338456485577423, 0.0001338456485577423, 0.9991969261086535 0.0008030738913464536, 
57, 000000, 000000, 0.0001641398524860991, 0.0001641398524860991, 0.9990151608850834 0.0009848391149165948, 
58, 000000, 000000, 9.527546803386223e-05, 9.527546803386223e-05, 0.999428347191797 0.0005716528082031733, 
59, 000000, 000000, 0.00011248970612391222, 0.00011248970612391222, 0.9993250617632566 0.0006749382367434732, 
60, 111111, 111110, 0.9611991199201433, 0.9611991199201433, 0.0 0.0 0.0 0.0 0.0 0.23280528047913948 0.7671947195208605, 
61, 000000, 000000, 0.00011786121996298952, 0.00011786121996298952, 0.999292832680222 0.0007071673197779371, 
62, 000000, 000000, 7.269177983793251e-05, 7.269177983793251e-05, 0.9995638493209724 0.00043615067902759506, 
63, 111111, 011111, 0.9793628281221214, 0.9793628281221214, 0.0 0.0 0.0 0.0 0.0 0.12382303126727232 0.8761769687327277, 
64, 000000, 000000, 9.605441719606436e-05, 9.605441719606436e-05, 0.9994236734968236 0.0005763265031763861, 
65, 000000, 000000, 0.00010750408004480318, 0.00010750408004480318, 0.9993549755197311 0.0006450244802688192, 
66, 000000, 000000, 0.00011542696177057312, 0.00011542696177057312, 0.9993074382293767 0.0006925617706234388, 
67, 000000, 000000, 0.00014310655308630415, 0.00014310655308630415, 0.9991413606814822 0.0008586393185178249, 
68, 000000, 000000, 0.00011662029781724444, 0.00011662029781724444, 0.9993002782130965 0.0006997217869034668, 
69, 000000, 000000, 9.55589084687905e-05, 9.55589084687905e-05, 0.9994266465491872 0.000573353450812743, 
70, 000000, 000000, 0.0001649464505514807, 0.0001649464505514807, 0.9990103212966912 0.0009896787033088841, 
71, 000000, 000000, 0.0001078589478055087, 0.0001078589478055087, 0.9993528463131668 0.0006471536868330523, 
72, 000000, 000000, 9.720219949149758e-05, 9.720219949149758e-05, 0.9994167868030509 0.0005832131969489855, 
73, 111111, 111111, 0.8954350485281692, 0.8954350485281692, 0.0 0.0 0.0 0.0 0.0 0.6273897088309853 0.3726102911690147, 
74, 111111, 111111, 0.9622993352556933, 0.9622993352556933, 0.0 0.0 0.0 0.0 0.0 0.2262039884658409 0.7737960115341591, 
75, 111111, 011111, 0.970375565696085, 0.970375565696085, 0.0 0.0 0.0 0.0 0.0 0.17774660582349075 0.8222533941765092, 
76, 111100, 111110, 0.7562773711947373, 0.7562773711947373, 0.0 0.0 0.0 0.28142171870880783 0.26209434573183976 0.09388192524147351 0.3626020103178789, 
77, 000000, 000000, 9.42757188528277e-05, 9.42757188528277e-05, 0.9994343456868829 0.0005656543131169662, 
78, 000000, 000000, 0.00013108562432841158, 0.00013108562432841158, 0.9992134862540295 0.0007865137459704695, 
79, 111111, 111110, 0.8897008780255219, 0.8897008780255219, 0.0 0.0 0.0 0.0 0.11224480351011967 0.43730512482662914 0.45045007166325113, 
80, 111110, 001111, 0.794123702719222, 0.794123702719222, 0.0 0.0 0.0 0.14246240480685995 0.3354011815962641 0.13706820607156026 0.3850682075253157, 
81, 000000, 000000, 0.00016569251466448236, 0.00016569251466448236, 0.9990058449120132 0.0009941550879868943, 
82, 000000, 000000, 0.0001563081719075068, 0.0001563081719075068, 0.999062150968555 0.0009378490314450407, 
83, 000000, 000000, 0.00012029899338335036, 0.00012029899338335036, 0.9992782060397 0.0007217939603001022, 
84, 000000, 000000, 9.69716454363119e-05, 9.69716454363119e-05, 0.9994181701273822 0.0005818298726178715, 
85, 000000, 000000, 0.00014342530919483947, 0.00014342530919483947, 0.9991394481448309 0.0008605518551690369, 
86, 000000, 000000, 0.00010898429306618967, 0.00010898429306618967, 0.9993460942416029 0.000653905758397138, 
87, 000000, 000000, 0.00012133754864594865, 0.00012133754864594865, 0.9992725843034841 0.0007268061011559329 6.095953598795901e-07, 
88, 000000, 000000, 0.00015296271004469432, 0.00015296271004469432, 0.9990822237397319 0.0009177762602681661, 
89, 000000, 000000, 0.00012178169794007763, 0.00012178169794007763, 0.9992693098123595 0.0007306901876404659, 
90, 000000, 000000, 0.00010517624416913086, 0.00010517624416913086, 0.9993689425349853 0.0006310574650147851, 
91, 000000, 000000, 0.00010495128009847496, 0.00010495128009847496, 0.9993702923194092 0.0006297076805908498, 
92, 111111, 111111, 1.0, 1.0, 0.0 0.0 0.0 0.0 0.0 0.0 1.0, 
93, 111111, 111111, 0.8758066283536623, 0.8758066283536623, 0.0 0.0 0.0 0.0 0.17109187424118547 0.40297648139565584 0.4259316443631587, 
94, 000000, 000000, 0.0001217033907907122, 0.0001217033907907122, 0.9992697796552558 0.0007302203447442733, 
95, 000000, 000000, 0.00013621026070923718, 0.00013621026070923718, 0.9991827384357446 0.0008172615642554231, 
96, 111111, 011100, 0.9207323366296419, 0.9207323366296419, 0.0 0.0 0.0 0.024212551142555612 0.03289851905043564 0.3371712886936093 0.6057176411133994, 
97, 000000, 000000, 9.942902396887995e-05, 9.942902396887995e-05, 0.9994034258561867 0.0005965741438132799, 
98, 000000, 000000, 0.00013923292179940112, 0.00013923292179940112, 0.9991646024692036 0.0008353975307964067, 
99, 000000, 000000, 0.00015390977927122958, 0.00015390977927122958, 0.9990765413243726 0.0009234586756273773, 
100, 000000, 000000, 7.36859686062246e-05, 7.36859686062246e-05, 0.9995578841883627 0.00044211581163734764, 
