run, initial grid state, final grid state, mean grid cell occupancy, mean binding site occupancy, fraction of time with N TFs bound, warning
1, 000000, 000000, 0.00047210002963618807, 0.00047210002963618807, 0.9971779976521877 0.002811404517807256 1.0597830004936424e-05, 
2, 000000, 000000, 0.0005099058112897153, 0.0005099058112897153, 0.9969405651322617 0.003059434867738292, 
3, 000000, 000000, 0.00036969626745122656, 0.00036969626745122656, 0.9977818223952926 0.0022181776047073597, 
4, 000000, 000000, 0.000479770807980331, 0.000479770807980331, 0.9971213751521181 0.002878624847881986, 
5, 000000, 000000, 0.00048665674387715635, 0.00048665674387715635, 0.9970800595367371 0.0029199404632629386, 
6, 000000, 000000, 0.0004384491603276582, 0.0004384491603276582, 0.997369305038034 0.002630694961965949, 
7, 000000, 000000, 0.0003348684765079186, 0.0003348684765079186, 0.9979907891409525 0.0020092108590475115, 
8, 000000, 000000, 0.0003399135913933823, 0.0003399135913933823, 0.9979675373832447 0.002025443685150196 7.018931605048895e-06, 
9, 000000, 000000, 0.0005749195871475711, 0.0005749195871475711, 0.9965505713735237 0.003449339730067261 8.889640908326665e-08, 
10, 000000, 000000, 0.0004260251547882482, 0.0004260251547882482, 0.9974438490712705 0.0025561509287294892, 
11, 000000, 000000, 0.00039540773982770747, 0.00039540773982770747, 0.9976275535610336 0.0023724464389662447, 
12, 000000, 000000, 0.0003764605954506869, 0.0003764605954506869, 0.9977412364272958 0.0022587635727041215, 
13, 000000, 000000, 0.000453303331170185, 0.000453303331170185, 0.997280180012979 0.00271981998702111, 
14, 000000, 000000, 0.00035135329943275756, 0.00035135329943275756, 0.9979089230908025 0.0020740340217986304 1.7042887398957556e-05, 
15, 000000, 000000, 0.0005087111023990766, 0.0005087111023990766, 0.9969477333856055 0.00305226661439446, 
16, 000000, 000000, 0.00036865874391623163, 0.00036865874391623163, 0.9977931729797759 0.0022017015769507098 5.1254432733401174e-06, 
17, 000000, 000000, 0.00035870864082981685, 0.00035870864082981685, 0.9978477481550211 0.0021522518449789015, 
18, 000000, 000000, 0.0005297404800552117, 0.0005297404800552117, 0.9968215571196688 0.003178442880331271, 
19, 000000, 000000, 0.0003581188006682954, 0.0003581188006682954, 0.9978512871959901 0.0021487128040097725, 
20, 000000, 000000, 0.0003762634154453841, 0.0003762634154453841, 0.9977424195073278 0.0022575804926723043, 
21, 000000, 000000, 0.00044738656161634813, 0.00044738656161634813, 0.9973348057502565 0.0026460691297889903 1.9125119954549502e-05, 
22, 000000, 000000, 0.0005168668795133013, 0.0005168668795133013, 0.9968987987229202 0.003101201277079808, 
23, 000000, 000000, 0.00048059925872793964, 0.00048059925872793964, 0.9971164044476323 0.0028835955523676383, 
24, 000000, 000000, 0.00038675315332548733, 0.00038675315332548733, 0.9976840701765509 0.0023113407269452014 4.589096503861465e-06, 
25, 000000, 000000, 0.000394407963963998, 0.000394407963963998, 0.9976335522162161 0.002366447783783988, 
26, 000000, 000000, 0.00043055634067764594, 0.00043055634067764594, 0.9974166619559341 0.002583338044065876, 
27, 000000, 000000, 0.00041372828110266326, 0.00041372828110266326, 0.9975176303133839 0.0024823696866159797, 
28, 000000, 000000, 0.0003266651756618001, 0.0003266651756618001, 0.9980400089460292 0.0019599910539708013, 
29, 000000, 000000, 0.00040765781038438846, 0.00040765781038438846, 0.9975906254974872 0.002372802142718985 3.657235979367329e-05, 
30, 000000, 000000, 0.00045188282726540816, 0.00045188282726540816, 0.9972887030364075 0.002711296963592449, 
31, 000000, 000000, 0.00034512221998027467, 0.00034512221998027467, 0.9979292666801184 0.0020707333198816485, 
32, 000000, 000000, 0.0008138376662950427, 0.0008138376662950427, 0.9960417351518512 0.003033503698527181 0.0009247611496215381, 
33, 000000, 000000, 0.0004153650516786968, 0.0004153650516786968, 0.9975078096899278 0.002492190310072181, 
34, 000000, 000000, 0.0003607211446592857, 0.0003607211446592857, 0.9978356731320442 0.002164326867955714, 
35, 000000, 000000, 0.00045903500939861914, 0.00045903500939861914, 0.9972457899436084 0.002754210056391715, 
36, 000000, 000000, 0.00035468358649428744, 0.00035468358649428744, 0.9978718984810342 0.0021281015189657244, 
37, 000000, 000000, 0.0003996188328944902, 0.0003996188328944902, 0.9976022870026331 0.0023977129973669414, 
38, 000000, 000000, 0.00038151383025868916, 0.00038151383025868916, 0.9977109170184478 0.002289082981552135, 
39, 000000, 000000, 0.00043576300492415796, 0.00043576300492415796, 0.9973854219704551 0.002614578029544948, 
40, 000000, 000000, 0.00033375821575417063, 0.00033375821575417063, 0.997997450705475 0.002002549294525024, 
41, 000000, 000000, 0.0004688783541903609, 0.0004688783541903609, 0.9972183619433194 0.002750005988219099 3.163206846153338e-05, 
42, 000000, 000000, 0.0002972001032761995, 0.0002972001032761995, 0.9982167993803428 0.0017832006196571973, 
43, 000000, 000000, 0.0004679588839447417, 0.0004679588839447417, 0.9971922466963316 0.0028077533036684507, 
44, 000000, 000000, 0.0002762333916455663, 0.0002762333916455663, 0.9983425996501267 0.001657400349873398, 
45, 001111, 000000, 0.0761208503938676, 0.0761208503938676, 0.8506375781902243 0.0024304651138546602 0.04032008289188754 0.06528493627709622 0.028835025000399372 0.012491912526537915, 
46, 000000, 000000, 0.00040424707710253925, 0.00040424707710253925, 0.9975745175373848 0.0024254824626152357, 
47, 000000, 000000, 0.0004825447950894804, 0.0004825447950894804, 0.9971047312294631 0.0028952687705368825, 
48, 000000, 000000, 0.0002849942878619534, 0.0002849942878619534, 0.9982900342728284 0.0017099657271717208, 
49, 000000, 000000, 0.0014428305676138882, 0.0014428305676138882, 0.9944421974930181 0.002458621608280447 0.0030991808987014414, 
50, 011000, 000000, 0.00450392808448479, 0.00450392808448479, 0.98515311564663 0.0026702001998312372 0.01217668415353875, 
51, 000000, 000000, 0.0003359527367418856, 0.0003359527367418856, 0.9979842835795487 0.0020157164204513134, 
52, 000000, 000000, 0.0004617809397665454, 0.0004617809397665454, 0.9972383506055199 0.0027526131503608905 9.036244119190928e-06, 
53, 000000, 000000, 0.00035589439170899233, 0.00035589439170899233, 0.997864633649746 0.002135366350253955, 
54, 000000, 000000, 0.0003905928196843366, 0.0003905928196843366, 0.9976564430818939 0.0023435569181060197, 
55, 000000, 000000, 0.024168200917413955, 0.024168200917413955, 0.9398269336893916 0.002069251454711951 0.03137149051791771 0.02673232433797878, 
56, 000000, 000000, 0.0002607281108521121, 0.0002607281108521121, 0.9984356313348873 0.0015643686651126726, 
57, 000000, 000000, 0.00038174264314693606, 0.00038174264314693606, 0.9977095441411183 0.0022904558588816167, 
58, 000000, 000000, 0.0003901345625096584, 0.0003901345625096584, 0.9976591926249421 0.0023408073750579507, 
59, 000000, 000000, 0.0005156218782143288, 0.0005156218782143288, 0.996906268730714 0.003093731269285974, 
60, 000000, 000000, 0.00046488081405425405, 0.00046488081405425405, 0.9972342623803667 0.0027421903549412325 2.3547264692146023e-05, 
61, 000000, 000000, 0.0004918889487518995, 0.0004918889487518995, 0.997060529952761 0.0029276064019666793 1.1863645272359139e-05, 
62, 000000, 000000, 0.0005072384852868529, 0.0005072384852868529, 0.9969565690882789 0.003043430911721118, 
63, 000000, 000000, 0.0003952530720005971, 0.0003952530720005971, 0.9976284815679964 0.0023715184320035826, 
64, 000000, 000000, 0.0005142812684242311, 0.0005142812684242311, 0.9969256139531216 0.003063084483211348 1.1301563667019375e-05, 
65, 000000, 000000, 0.0004315899738394352, 0.0004315899738394352, 0.9974162587803703 0.0025779425962227202 5.798623406945537e-06, 
66, 000000, 000000, 0.00032730505409453713, 0.00032730505409453713, 0.9980361696754328 0.0019638303245672227, 
67, 000000, 000000, 0.0003236809199856714, 0.0003236809199856714, 0.998057914480086 0.0019420855199140281, 
68, 000000, 000000, 0.0004821404455790397, 0.0004821404455790397, 0.9971104044664393 0.0028863483936473248 3.2471399134569095e-06, 
69, 000000, 000000, 0.00035877927701601976, 0.00035877927701601976, 0.9978473243379039 0.0021526756620961185, 
70, 000000, 000000, 0.00033282522354132827, 0.00033282522354132827, 0.9980030486587521 0.00199695134124797, 
71, 000000, 000000, 0.003298257241907051, 0.003298257241907051, 0.9885337487326455 0.0031429590832665385 0.008323292184087885, 
72, 000000, 000000, 0.00041455342861895734, 0.00041455342861895734, 0.9975126794282864 0.002487320571713745, 
73, 000000, 000000, 0.0003641630323534679, 0.0003641630323534679, 0.9978150218058793 0.0021849781941208077, 
74, 000000, 000000, 0.00044823833422666967, 0.00044823833422666967, 0.99731056999464 0.0026894300053600185, 
75, 000000, 000000, 0.00040491136025349374, 0.00040491136025349374, 0.9975705318384791 0.0024294681615209626, 
76, 000000, 000000, 0.0003242686492207127, 0.0003242686492207127, 0.9980543881046757 0.001945611895324276, 
77, 000000, 000000, 0.00032128179292409544, 0.00032128179292409544, 0.9980723092424554 0.0019276907575445726, 
78, 000000, 000000, 0.0004166565869309329, 0.0004166565869309329, 0.9975000604784143 0.0024999395215855977, 
79, 000000, 000000, 0.0004434916772107355, 0.0004434916772107355, 0.9973390499367356 0.002660950063264413, 
80, 000000, 000000, 0.0005780378012540344, 0.0005780378012540344, 0.9965317731924758 0.003468226807524207, 
81, 000000, 000000, 0.00031890704795310427, 0.00031890704795310427, 0.9980865577122814 0.0019134422877186256, 
82, 000000, 000000, 0.00035746915648061337, 0.00035746915648061337, 0.9978551850611163 0.00214481493888368, 
83, 000000, 000000, 0.00040855253697090883, 0.00040855253697090883, 0.9975486847781745 0.002451315221825453, 
84, 000000, 000000, 0.00042798562963437424, 0.00042798562963437424, 0.9974320862221937 0.002567913777806246, 
85, 000000, 000000, 0.0003968242045127122, 0.0003968242045127122, 0.9976224891065576 0.0023740765598085915 3.434333633840949e-06, 
86, 000000, 000000, 0.0004169050748380929, 0.0004169050748380929, 0.9974985695509715 0.002501430449028557, 
87, 000000, 000000, 0.00029412716759988757, 0.00029412716759988757, 0.9982352369944008 0.0017647630055993256, 
88, 000000, 000000, 0.00048524106620417016, 0.00048524106620417016, 0.9970886895474069 0.0029111745079611656 1.359446319278845e-07, 
89, 000000, 000000, 0.0004787008423852777, 0.0004787008423852777, 0.9971277949456883 0.0028722050543116668, 
90, 000000, 000000, 0.0003757751500166284, 0.0003757751500166284, 0.9977453490999003 0.002254650900099771, 
91, 000000, 000000, 0.0004930899213382538, 0.0004930899213382538, 0.9970414604719705 0.002958539528029523, 
92, 000000, 000000, 0.0005280857053241402, 0.0005280857053241402, 0.9968314857680551 0.0031685142319448413, 
93, 000000, 000000, 0.00044863496498531166, 0.00044863496498531166, 0.9973691872346336 0.0025698157408209094 6.0997024545480305e-05, 
94, 000000, 000000, 0.0005148766440814468, 0.0005148766440814468, 0.9969107401355112 0.0030892598644886807, 
95, 000000, 000000, 0.0004665838683830711, 0.0004665838683830711, 0.9972004967897016 0.0027995032102984267, 
96, 000000, 000000, 0.00041566974956414255, 0.00041566974956414255, 0.9975059815026153 0.0024940184973848553, 
97, 000000, 000000, 0.0005447136635113011, 0.0005447136635113011, 0.9967317180189322 0.0032682819810678065, 
98, 000000, 000000, 0.000307668991971105, 0.000307668991971105, 0.9981539860481733 0.0018460139518266302, 
99, 000000, 000000, 0.0005031883189498252, 0.0005031883189498252, 0.9969808700863011 0.0030191299136989513, 
100, 000000, 000000, 0.0004749436573577884, 0.0004749436573577884, 0.9972059745735705 0.0027383889087122535 5.5636517717238506e-05, 
