run, initial grid state, final grid state, mean grid cell occupancy, mean binding site occupancy, fraction of time with N TFs bound, warning
1, 000000, 000000, 8.883380483184018e-05, 8.883380483184018e-05, 0.999466997171009 0.000533002828991041, 
2, 000000, 000000, 0.00014390704383832121, 0.00014390704383832121, 0.9991365577369702 0.0008634422630299273, 
3, 000000, 000000, 7.10550216493442e-05, 7.10550216493442e-05, 0.999573669870104 0.00042633012989606525, 
4, 000000, 000000, 7.661969526289361e-05, 7.661969526289361e-05, 0.9995402818284226 0.0004597181715773617, 
5, 000000, 000000, 8.33750772939202e-05, 8.33750772939202e-05, 0.9994997495362364 0.0005002504637635211, 
6, 000000, 000000, 0.00010335231826556146, 0.00010335231826556146, 0.9993798860904066 0.0006201139095933689, 
7, 111111, 111111, 1.0, 1.0, 0.0 0.0 0.0 0.0 0.0 0.0 1.0, 
8, 000000, 000000, 0.00019108287933916067, 0.00019108287933916067, 0.998853502723965 0.001146497276034964, 
9, 111111, 111111, 0.9802903120846472, 0.9802903120846472, 0.0 0.0 0.0 0.0 0.0 0.11825812749211657 0.8817418725078834, 
10, 000000, 000000, 9.230506338817788e-05, 9.230506338817788e-05, 0.9994461696196709 0.0005538303803290673, 
11, 000000, 000000, 9.709989914750382e-05, 9.709989914750382e-05, 0.9994174006051151 0.000582599394885023, 
12, 000000, 000000, 0.00011452717956807346, 0.00011452717956807346, 0.9993128369225917 0.0006871630774084408, 
13, 000000, 000000, 0.0001325664962372208, 0.0001325664962372208, 0.9992046010225767 0.000795398977423325, 
14, 000000, 000000, 0.0001414022203557805, 0.0001414022203557805, 0.9991515866778653 0.000848413322134683, 
15, 000000, 000000, 9.873559111368877e-05, 9.873559111368877e-05, 0.999407586453318 0.0005924135466821326, 
16, 000000, 000000, 0.00017420793640257818, 0.00017420793640257818, 0.9989547523815845 0.001045247618415469, 
17, 000000, 000000, 0.0001574516270775035, 0.0001574516270775035, 0.9990552902375349 0.0009447097624650211, 
18, 000000, 000000, 9.789222553339763e-05, 9.789222553339763e-05, 0.9994126466467997 0.0005873533532003859, 
19, 111110, 000110, 0.7755442748117328, 0.7755442748117328, 0.0 0.0 0.009644681839538004 0.07999256851919712 0.23074195552173374 0.6066940071703913 0.07292678694913972, 
20, 000000, 000000, 8.393472672141343e-05, 8.393472672141343e-05, 0.9994963916396716 0.0005036083603284806, 
21, 000000, 000000, 0.00010149128365167931, 0.00010149128365167931, 0.9993910522980899 0.0006089477019100758, 
22, 111111, 111111, 0.9762054129291371, 0.9762054129291371, 0.0 0.0 0.0 0.0 0.0 0.14276752242517737 0.8572324775748226, 
23, 000000, 000000, 9.73201198250461e-05, 9.73201198250461e-05, 0.9994160792810498 0.0005839207189502765, 
24, 000000, 000000, 0.0001618003886268824, 0.0001618003886268824, 0.9990291976682388 0.0009708023317612942, 
25, 000000, 000000, 0.0001118142255099534, 0.0001118142255099534, 0.9993291146469405 0.0006708853530597203, 
26, 000000, 000000, 0.00010104622838448567, 0.00010104622838448567, 0.9993937226296932 0.000606277370306914, 
27, 000000, 000000, 7.454092105737647e-05, 7.454092105737647e-05, 0.9995527544736558 0.00044724552634425885, 
28, 000000, 000000, 0.00012471731140163757, 0.00012471731140163757, 0.9992516961315902 0.0007483038684098255, 
29, 000000, 000000, 0.00012847451212670056, 0.00012847451212670056, 0.99922915292724 0.0007708470727602034, 
30, 000000, 000000, 0.0001385708605786318, 0.0001385708605786318, 0.9991685748365283 0.0008314251634717908, 
31, 000000, 000000, 0.00014395004789768276, 0.00014395004789768276, 0.9991362997126139 0.0008637002873860966, 
32, 111100, 111111, 0.8094763764158548, 0.8094763764158548, 0.0 0.0 0.0 0.0 0.44284079982693586 0.2574601418509991 0.29969905832206506, 
33, 001110, 000111, 0.56545644021948, 0.56545644021948, 0.0 0.0 0.0 0.6073963190314768 0.39246872062016636 0.00013496034835685494, 
34, 000000, 000000, 0.00011791596605882826, 0.00011791596605882826, 0.9992925042036469 0.0007074957963529695, 
35, 000000, 000000, 6.95992654363735e-05, 6.95992654363735e-05, 0.9995824044073817 0.000417595592618241, 
36, 000000, 000000, 0.00010499647470970305, 0.00010499647470970305, 0.9993700211517419 0.0006299788482582183, 
37, 000000, 000110, 0.1198015425018617, 0.1198015425018617, 0.743638538069856 0.00039180430365586867 0.05323811051177986 0.19898495877487812 0.003746588339830078, 
38, 111111, 111111, 0.9141148231063726, 0.9141148231063726, 0.0 0.0 0.0 0.0 0.1652530191695684 0.18480502302262822 0.6499419578078034, 
39, 000000, 000000, 0.00013578899900862804, 0.00013578899900862804, 0.9991852660059483 0.0008147339940517683, 
40, 000000, 000000, 0.0001622393246257793, 0.0001622393246257793, 0.9990265640522452 0.0009734359477546759, 
41, 111110, 111111, 0.9525162453474966, 0.9525162453474966, 0.0 0.0 0.0 0.0 0.033187452584533504 0.21852762274595391 0.7482849246695126, 
42, 000000, 000000, 0.00013607481980002547, 0.00013607481980002547, 0.9991835510811999 0.0008164489188001528, 
43, 000000, 000000, 0.00011221239076569846, 0.00011221239076569846, 0.9993267256554058 0.0006732743445941909, 
44, 000000, 000000, 3.733932184648824e-05, 3.733932184648824e-05, 0.9997759640689211 0.0002240359310789294, 
45, 000000, 000000, 5.602755505893873e-05, 5.602755505893873e-05, 0.9996638346696465 0.00033616533035363245, 
46, 000000, 000000, 0.0001080203099585145, 0.0001080203099585145, 0.999351878140249 0.0006481218597510871, 
47, 000000, 000000, 0.00014333996640918546, 0.00014333996640918546, 0.9991399602015448 0.0008600397984551127, 
48, 000000, 000000, 4.095451734741671e-05, 4.095451734741671e-05, 0.9997542728959155 0.0002457271040845003, 
49, 000000, 000000, 0.00010805467843139028, 0.00010805467843139028, 0.9993516719294117 0.0006483280705883418, 
50, 000000, 000000, 0.00011931683945261706, 0.00011931683945261706, 0.9992840989632843 0.0007159010367157023, 
51, 011111, 111110, 0.7982599334389865, 0.7982599334389865, 0.0 0.0 0.0 0.0 0.21044039936608178 0.7895596006339183, 
52, 000000, 000000, 8.091918962328845e-05, 8.091918962328845e-05, 0.9995144848622602 0.00048551513773973076, 
53, 000000, 000000, 0.0001471568368331749, 0.0001471568368331749, 0.9991170589790008 0.0008829410209990493, 
54, 000000, 000000, 0.00013461383613953674, 0.00013461383613953674, 0.9991923169831627 0.0008076830168372206, 
55, 000000, 000000, 9.765023108502055e-05, 9.765023108502055e-05, 0.9994140986134897 0.0005859013865101233, 
56, 000000, 000000, 0.00019532146810932375, 0.00019532146810932375, 0.9988280711913441 0.0011719288086559424, 
57, 000000, 000000, 0.00012727629002596638, 0.00012727629002596638, 0.9992363422598443 0.0007636577401557985, 
58, 000000, 000000, 8.21658763628401e-05, 8.21658763628401e-05, 0.9995070047418231 0.0004929952581770407, 
59, 000000, 000000, 0.00010779217663865523, 0.00010779217663865523, 0.9993532469401679 0.0006467530598319314, 
60, 000000, 000000, 9.256177919664182e-05, 9.256177919664182e-05, 0.9994446293248203 0.000555370675179851, 
61, 000000, 000000, 0.00011285319085713474, 0.00011285319085713474, 0.9993228808548573 0.0006771191451428087, 
62, 000000, 000000, 8.711878758649547e-05, 8.711878758649547e-05, 0.9994772872744812 0.0005227127255189729, 
63, 111111, 111111, 1.0, 1.0, 0.0 0.0 0.0 0.0 0.0 0.0 1.0, 
64, 000000, 000000, 0.00012603704248186214, 0.00012603704248186214, 0.9992437777451088 0.000756222254891173, 
65, 000000, 000000, 9.43200822648481e-05, 9.43200822648481e-05, 0.9994340795064109 0.0005659204935890887, 
66, 000000, 000000, 6.119059301458582e-05, 6.119059301458582e-05, 0.9996328564419124 0.00036714355808751485, 
67, 000000, 000000, 0.00010508563406345235, 0.00010508563406345235, 0.9993694861956192 0.000630513804380714, 
68, 000000, 000000, 0.00010700318788989081, 0.00010700318788989081, 0.9993579808726607 0.0006420191273393449, 
69, 000000, 000000, 0.0001399271736473147, 0.0001399271736473147, 0.9991604369581161 0.0008395630418838883, 
70, 000000, 000000, 9.886440710665644e-05, 9.886440710665644e-05, 0.99940681355736 0.0005931864426399387, 
71, 000000, 000000, 7.027113288558506e-05, 7.027113288558506e-05, 0.9995783732026866 0.0004216267973135104, 
72, 000000, 000000, 0.00013029695799262464, 0.00013029695799262464, 0.9992182182520443 0.0007817817479557477, 
73, 000000, 000000, 0.00010243548055059914, 0.00010243548055059914, 0.9993853871166964 0.0006146128833035949, 
74, 000000, 000000, 0.00010750526713770454, 0.00010750526713770454, 0.9993549683971737 0.0006450316028262273, 
75, 000000, 000000, 0.00014193575765079284, 0.00014193575765079284, 0.9991483854540953 0.0008516145459047572, 
76, 000000, 000000, 6.640394185419288e-05, 6.640394185419288e-05, 0.9996015763488748 0.0003984236511251573, 
77, 000000, 000000, 7.951690603864076e-05, 7.951690603864076e-05, 0.9995228985637682 0.0004771014362318446, 
78, 111110, 111111, 0.9193068611220522, 0.9193068611220522, 0.0 0.0 0.0 0.0 0.0 0.48415883326768644 0.5158411667323136, 
79, 000000, 000000, 7.705944966743922e-05, 7.705944966743922e-05, 0.9995376433019953 0.0004623566980046354, 
80, 000000, 000000, 0.00011698075710146147, 0.00011698075710146147, 0.9992981154573913 0.0007018845426087688, 
81, 000000, 000000, 7.191528026113967e-05, 7.191528026113967e-05, 0.9995685083184331 0.00043149168156683806, 
82, 000000, 000000, 8.417570765025023e-05, 8.417570765025023e-05, 0.9994949457540985 0.0005050542459015014, 
83, 000000, 000000, 9.925822562844346e-05, 9.925822562844346e-05, 0.9994044506462294 0.0005955493537706609, 
84, 000000, 000000, 0.00010612646626832752, 0.00010612646626832752, 0.9993632412023901 0.0006367587976099651, 
85, 000000, 000000, 0.00012929349645643198, 0.00012929349645643198, 0.9992242390212615 0.0007757609787385918, 
86, 000000, 001100, 0.03250037946943362, 0.03250037946943362, 0.9021419756365041 0.0007317931967137795 0.09710820988045804 1.802128632395806e-05, 
87, 000000, 000000, 0.00011030282605437353, 0.00011030282605437353, 0.9993381830436737 0.0006618169563262413, 
88, 000000, 000000, 7.731412569483929e-05, 7.731412569483929e-05, 0.9995361152458309 0.0004638847541690358, 
89, 000000, 000000, 8.855047250119524e-05, 8.855047250119524e-05, 0.9994686971649928 0.0005313028350071715, 
90, 111111, 111111, 0.8992461618117669, 0.8992461618117669, 0.0 0.0 0.0 0.0 0.0 0.6045230291293977 0.3954769708706023, 
91, 000000, 000000, 9.59788866571617e-05, 9.59788866571617e-05, 0.9994241266800571 0.0005758733199429702, 
92, 001000, 000000, 0.00017198826641446404, 0.00017198826641446404, 0.9989680704015134 0.0010319295984867842, 
93, 000000, 000000, 5.021455623999315e-05, 5.021455623999315e-05, 0.9996987126625602 0.0003012873374399589, 
94, 000000, 000000, 0.00012990340627429614, 0.00012990340627429614, 0.9992205795623542 0.0007794204376457769, 
95, 000000, 000000, 0.00012842160156912615, 0.00012842160156912615, 0.9992294703905853 0.0007705296094147569, 
96, 111110, 111110, 0.9156696165040671, 0.9156696165040671, 0.0 0.0 0.0 0.0 0.0 0.5059823009755974 0.4940176990244027, 
97, 000000, 000000, 0.00011864638908397671, 0.00011864638908397671, 0.9992881216654961 0.0007118783345038605, 
98, 000000, 000000, 0.00013961751082961431, 0.00013961751082961431, 0.9991622949350223 0.0008377050649776858, 
99, 000000, 000000, 0.00013212388967522205, 0.00013212388967522205, 0.9992072566619487 0.0007927433380513322, 
100, 000000, 000000, 9.729468962204684e-05, 9.729468962204684e-05, 0.9994162318622676 0.000583768137732281, 
