run, initial grid state, final grid state, mean grid cell occupancy, mean binding site occupancy, fraction of time with N TFs bound, warning
1, 111110, 011110, 0.8360065169786636, 0.8360065169786636, 0.0 0.0 0.0 0.0 0.09166763905166445 0.8006256200246904 0.10770674092364513, 
2, 000000, 000000, 8.52340092834517e-05, 8.52340092834517e-05, 0.9994885959442993 0.0005114040557007101, 
3, 000000, 000000, 0.00012078584655515039, 0.00012078584655515039, 0.9992752849206692 0.0007247150793309024, 
4, 000000, 000000, 1.2958255468163746e-05, 1.2958255468163746e-05, 0.9999222504671911 7.774953280898247e-05, 
5, 111110, 111110, 0.8333333333333334, 0.8333333333333334, 0.0 0.0 0.0 0.0 0.0 1.0, 
6, 000000, 000000, 6.225954174201244e-05, 6.225954174201244e-05, 0.9996264427495478 0.0003735572504520747, 
7, 000000, 000000, 4.984319835044395e-05, 4.984319835044395e-05, 0.9997009408098974 0.0002990591901026637, 
8, 000000, 000000, 4.518599556272589e-05, 4.518599556272589e-05, 0.9997288840266236 0.00027111597337635537, 
9, 111111, 111111, 1.0, 1.0, 0.0 0.0 0.0 0.0 0.0 0.0 1.0, 
10, 000000, 000000, 5.214285859576291e-05, 5.214285859576291e-05, 0.9996871428484254 0.00031285715157457753, 
11, 000000, 000000, 0.00022929542608896312, 0.00022929542608896312, 0.9986242274434662 0.0013757725565337788, 
12, 000000, 000000, 8.729589877166353e-06, 8.729589877166353e-06, 0.999947622460737 5.2377539262998124e-05, 
13, 000000, 000000, 4.870189810611306e-05, 4.870189810611306e-05, 0.9997077886113632 0.0002922113886366784, 
14, 111111, 111111, 1.0, 1.0, 0.0 0.0 0.0 0.0 0.0 0.0 1.0, 
15, 011110, 111111, 0.9309138633710242, 0.9309138633710242, 0.0 0.0 0.0 0.0 0.08777659352691192 0.23896363272003088 0.6732597737530572, 
16, 111110, 011111, 0.9384046058745205, 0.9384046058745205, 0.0 0.0 0.0 0.0 0.0 0.369572364752878 0.630427635247122, 
17, 000000, 000000, 0.00012908146937727361, 0.00012908146937727361, 0.9992255111837364 0.0007744888162636418, 
18, 000000, 000000, 7.800434117701072e-05, 7.800434117701072e-05, 0.999531973952938 0.0004680260470620644, 
19, 000000, 000000, 5.956465175961557e-07, 5.956465175961557e-07, 0.9999964261208945 3.573879105576934e-06, 
20, 000000, 000000, 4.5900913470036514e-05, 4.5900913470036514e-05, 0.9997245945191797 0.0002754054808202191, 
21, 000000, 000000, 0.0001225154203837636, 0.0001225154203837636, 0.9992649074776975 0.0007350925223025814, 
22, 000000, 000000, 0.00016418826355683625, 0.00016418826355683625, 0.999014870418659 0.0009851295813410176, 
23, 000000, 000000, 9.144995308940536e-05, 9.144995308940536e-05, 0.9994513002814636 0.0005486997185364321, 
24, 000000, 000000, 0.00011182288103194683, 0.00011182288103194683, 0.9993290627138085 0.0006709372861916812, 
25, 000000, 000000, 0.00011868260600311386, 0.00011868260600311386, 0.9992879043639814 0.0007120956360186832, 
26, 000000, 000000, 3.9214524724839664e-05, 3.9214524724839664e-05, 0.9997647128516509 0.00023528714834903798, 
27, 000000, 000000, 0.00018420181461440067, 0.00018420181461440067, 0.9988947891123137 0.0011052108876864041, 
28, 000000, 000000, 0.00013232560427316664, 0.00013232560427316664, 0.999206046374361 0.0007939536256389997, 
29, 000000, 000000, 6.332772524514833e-05, 6.332772524514833e-05, 0.9996200336485291 0.00037996635147089, 
30, 000000, 000000, 0.00023438547822266488, 0.00023438547822266488, 0.998593687130664 0.0014063128693359893, 
31, 000000, 000000, 4.577100294050222e-05, 4.577100294050222e-05, 0.9997253739823571 0.00027462601764301333, 
32, 000000, 000000, 0.00011264157403680287, 0.00011264157403680287, 0.9993241505557792 0.0006758494442208172, 
33, 000000, 000000, 0.00012707918592076015, 0.00012707918592076015, 0.9992375248844756 0.0007624751155245609, 
34, 000000, 000000, 4.712894353421411e-05, 4.712894353421411e-05, 0.9997172263387947 0.00028277366120528475, 
35, 000000, 000000, 0.00014177200597053702, 0.00014177200597053702, 0.9991493679641767 0.0008506320358232221, 
36, 000000, 000000, 0.00011411678045438457, 0.00011411678045438457, 0.9993152993172736 0.0006847006827263075, 
37, 000000, 000000, 0.0001101407584738772, 0.0001101407584738772, 0.9993391554491567 0.0006608445508432632, 
38, 000000, 000000, 0.00025344231509116674, 0.00025344231509116674, 0.998479346109453 0.0015206538905470006, 
39, 111111, 011111, 0.9447670279404553, 0.9447670279404553, 0.0 0.0 0.0 0.0 0.0 0.3313978323572681 0.6686021676427318, 
40, 111111, 111111, 1.0, 1.0, 0.0 0.0 0.0 0.0 0.0 0.0 1.0, 
41, 000000, 000000, 0.00020994444201309076, 0.00020994444201309076, 0.9987403333479216 0.0012596666520785446, 
42, 000000, 000000, 3.0459701396121323e-05, 3.0459701396121323e-05, 0.9998172417916233 0.00018275820837672794, 
43, 000000, 000000, 4.646107917029612e-05, 4.646107917029612e-05, 0.9997212335249783 0.00027876647502177675, 
44, 000000, 000000, 0.00018474603472294675, 0.00018474603472294675, 0.9988915237916624 0.0011084762083376806, 
45, 000000, 000000, 9.637956788304809e-05, 9.637956788304809e-05, 0.9994217225927017 0.0005782774072982886, 
46, 111110, 111110, 0.8333333333333334, 0.8333333333333334, 0.0 0.0 0.0 0.0 0.0 1.0, 
47, 000000, 000000, 7.213538456213249e-05, 7.213538456213249e-05, 0.9995671876926272 0.0004328123073727949, 
48, 000000, 000000, 5.678410068879071e-05, 5.678410068879071e-05, 0.9996592953958673 0.00034070460413274426, 
49, 000000, 000000, 0.00010032299997114562, 0.00010032299997114562, 0.9993980620001731 0.0006019379998268737, 
50, 000000, 000000, 4.129576859143693e-05, 4.129576859143693e-05, 0.9997522253884515 0.0002477746115486216, 
51, 000000, 000000, 4.377883795110726e-05, 4.377883795110726e-05, 0.9997373269722933 0.00026267302770664356, 
52, 000000, 000000, 0.0001349158808192679, 0.0001349158808192679, 0.9991905047150844 0.0008094952849156076, 
53, 000000, 000000, 7.100591018820858e-05, 7.100591018820858e-05, 0.9995739645388707 0.0004260354611292515, 
54, 000000, 000000, 0.0001996189693273774, 0.0001996189693273774, 0.9988022861840357 0.0011977138159642647, 
55, 111110, 111100, 0.7142611607815189, 0.7142611607815189, 0.0 0.0 0.0 0.0 0.7144330353108866 0.28556696468911336, 
56, 000000, 000000, 0.0001013581797409281, 0.0001013581797409281, 0.9993918509215544 0.0006081490784455686, 
57, 000000, 000000, 0.0001569417127567334, 0.0001569417127567334, 0.9990583497234595 0.0009416502765404004, 
58, 000000, 000000, 5.621461145390936e-05, 5.621461145390936e-05, 0.9996627123312767 0.0003372876687234562, 
59, 000000, 000000, 0.00021618895804305366, 0.00021618895804305366, 0.9987028662517416 0.001297133748258322, 
60, 000000, 000000, 0.00012684013997211606, 0.00012684013997211606, 0.9992389591601673 0.0007610408398326965, 
61, 000000, 000000, 0.00022524798115024163, 0.00022524798115024163, 0.9986485121130987 0.0013514878869014498, 
62, 111110, 111110, 0.8333333333333334, 0.8333333333333334, 0.0 0.0 0.0 0.0 0.0 1.0, 
63, 000000, 000000, 1.9169944600777123e-05, 1.9169944600777123e-05, 0.9998849803323954 0.00011501966760466273, 
64, 011111, 011111, 0.8333333333333334, 0.8333333333333334, 0.0 0.0 0.0 0.0 0.0 1.0, 
65, 000000, 000000, 0.00018311994238931823, 0.00018311994238931823, 0.9989012803456642 0.0010987196543359094, 
66, 000000, 000000, 8.15843506205482e-05, 8.15843506205482e-05, 0.9995104938962768 0.0004895061037232892, 
67, 000000, 000000, 8.74460522720686e-05, 8.74460522720686e-05, 0.9994753236863675 0.0005246763136324116, 
68, 000000, 000000, 8.141394038819157e-05, 8.141394038819157e-05, 0.999511516357671 0.0004884836423291495, 
69, 000000, 000000, 4.70353680733822e-05, 4.70353680733822e-05, 0.9997177877915596 0.0002822122084402932, 
70, 000000, 000000, 6.173325949159386e-05, 6.173325949159386e-05, 0.9996296004430505 0.0003703995569495632, 
71, 000000, 000000, 0.00020423678478811202, 0.00020423678478811202, 0.9987745792912712 0.0012254207087286722, 
72, 011111, 111111, 0.8674609568456173, 0.8674609568456173, 0.0 0.0 0.0 0.0 0.0 0.7952342589262962 0.20476574107370382, 
73, 000000, 000000, 5.539397731352863e-05, 5.539397731352863e-05, 0.9996676361361188 0.0003323638638811718, 
74, 000000, 000000, 4.026017498887375e-05, 4.026017498887375e-05, 0.9997584389500667 0.00024156104993324252, 
75, 011110, 111110, 0.6723652969126175, 0.6723652969126175, 0.0 0.0 0.0 0.0 0.9658082185242954 0.034191781475704605, 
76, 000000, 000000, 0.00014509431913281188, 0.00014509431913281188, 0.9991294340852033 0.0008705659147968714, 
77, 111111, 111111, 1.0, 1.0, 0.0 0.0 0.0 0.0 0.0 0.0 1.0, 
78, 000000, 000000, 3.354841546392123e-05, 3.354841546392123e-05, 0.9997987095072165 0.0002012904927835274, 
79, 000000, 010000, 2.107358388715464e-05, 2.107358388715464e-05, 0.999873558496677 0.00012644150332292786, 
80, 000000, 000000, 8.985836109158702e-05, 8.985836109158702e-05, 0.9994608498334505 0.0005391501665495222, 
81, 111110, 111111, 0.983651105877467, 0.983651105877467, 0.0 0.0 0.0 0.0 0.0 0.09809336473519777 0.9019066352648022, 
82, 000000, 000000, 8.120653771864874e-05, 8.120653771864874e-05, 0.999512760773688 0.00048723922631189245, 
83, 000000, 000000, 0.00016171416104128976, 0.00016171416104128976, 0.9990297150337523 0.0009702849662477388, 
84, 000000, 000000, 0.00010882046810891042, 0.00010882046810891042, 0.9993470771913465 0.0006529228086534627, 
85, 000000, 000000, 0.00014454481709049921, 0.00014454481709049921, 0.9991327310974569 0.0008672689025429953, 
86, 011111, 011111, 0.8333333333333334, 0.8333333333333334, 0.0 0.0 0.0 0.0 0.0 1.0, 
87, 000000, 000000, 0.00020368585014725088, 0.00020368585014725088, 0.9987778848991166 0.0012221151008835055, 
88, 000000, 000000, 0.00018921156959528405, 0.00018921156959528405, 0.9988647305824282 0.0011352694175717044, 
89, 000000, 000000, 0.00010077084093595588, 0.00010077084093595588, 0.9993953749543844 0.0006046250456157353, 
90, 000000, 000000, 9.965848902866869e-05, 9.965848902866869e-05, 0.9994020490658281 0.0005979509341720121, 
91, 111111, 111110, 0.8464680685561878, 0.8464680685561878, 0.0 0.0 0.0 0.0 0.0 0.9211915886628737 0.0788084113371264, 
92, 000000, 000000, 7.13614330370802e-05, 7.13614330370802e-05, 0.9995718314017776 0.00042816859822248125, 
93, 011111, 011111, 0.8333333333333334, 0.8333333333333334, 0.0 0.0 0.0 0.0 0.0 1.0, 
94, 000000, 000000, 0.0001393880244141733, 0.0001393880244141733, 0.9991636718535148 0.0008363281464850399, 
95, 000000, 000000, 0.0002931991169750289, 0.0002931991169750289, 0.9982408052981496 0.0017591947018501738, 
96, 000000, 000000, 0.00017398351186010316, 0.00017398351186010316, 0.9989560989288393 0.001043901071160619, 
97, 000000, 000000, 0.00012392313512850524, 0.00012392313512850524, 0.999256461189229 0.0007435388107710316, 
98, 000000, 000000, 4.335752557731264e-05, 4.335752557731264e-05, 0.9997398548465362 0.00026014515346387587, 
99, 111110, 111111, 0.9603794285577418, 0.9603794285577418, 0.0 0.0 0.0 0.0 0.0 0.2377234286535489 0.7622765713464511, 
100, 000000, 000000, 0.00011638953971045802, 0.00011638953971045802, 0.9993016627617374 0.0006983372382627483, 
