run, initial grid state, final grid state, mean grid cell occupancy, mean binding site occupancy, fraction of time with N TFs bound, warning
1, 000000, 000000, 5.157229419685185e-05, 5.157229419685185e-05, 0.9996905662348188 0.0003094337651811111, 
2, 000000, 000000, 0.0001509854579596018, 0.0001509854579596018, 0.9990940872522424 0.0009059127477576109, 
3, 000000, 000000, 6.517253880976073e-05, 6.517253880976073e-05, 0.9996089647671415 0.00039103523285856443, 
4, 000000, 000000, 4.980227345737845e-05, 4.980227345737845e-05, 0.9997011863592559 0.0002988136407442707, 
5, 111111, 111110, 0.9128790629582358, 0.9128790629582358, 0.0 0.0 0.0 0.0 0.13608002831431107 0.2505655656219619 0.613354406063727, 
6, 000000, 000000, 5.438096942248424e-05, 5.438096942248424e-05, 0.9996737141834651 0.0003262858165349055, 
7, 111111, 001111, 0.7486520038708098, 0.7486520038708098, 0.0 0.0 0.0 0.0 0.6650300843037051 0.17802780816773053 0.15694210752856433, 
8, 000000, 000000, 0.00011183869415612865, 0.00011183869415612865, 0.9993289678350633 0.0006710321649367719, 
9, 000000, 000000, 0.00011691939301787878, 0.00011691939301787878, 0.9992984836418928 0.0007015163581072728, 
10, 000000, 000000, 0.00013391702499624617, 0.00013391702499624617, 0.9991964978500225 0.0008035021499774772, 
11, 000000, 000000, 0.00012951661857270126, 0.00012951661857270126, 0.9992229002885638 0.0007770997114362076, 
12, 000000, 000000, 5.2350013203234274e-05, 5.2350013203234274e-05, 0.9996858999207806 0.0003141000792194057, 
13, 000000, 000000, 0.00011535910865217411, 0.00011535910865217411, 0.999307845348087 0.0006921546519130447, 
14, 000000, 000000, 8.835379378951249e-05, 8.835379378951249e-05, 0.9994698772372629 0.000530122762737075, 
15, 000000, 000000, 9.05025456978185e-05, 9.05025456978185e-05, 0.9994569847258131 0.000543015274186911, 
16, 000000, 000000, 0.00016752473991129866, 0.00016752473991129866, 0.9989948515605322 0.0010051484394677918, 
17, 000000, 000000, 8.947429774619905e-05, 8.947429774619905e-05, 0.9994631542135229 0.0005368457864771942, 
18, 001110, 000000, 0.5147267407476613, 0.5147267407476613, 0.07016379386080651 1.7166201783111715e-05 0.08863253796999755 0.45366780552546143 0.3875186964419514, 
19, 000000, 000000, 0.00010496821098205443, 0.00010496821098205443, 0.9993701907341076 0.0006298092658923265, 
20, 000000, 000000, 0.00011483522882031531, 0.00011483522882031531, 0.9993109886270782 0.0006890113729218917, 
21, 000000, 000000, 6.614795801920538e-05, 6.614795801920538e-05, 0.9996031122518848 0.0003968877481152323, 
22, 000000, 000000, 0.0001363278243070641, 0.0001363278243070641, 0.9991820330541576 0.0008179669458423847, 
23, 000000, 000000, 0.00016729295348218926, 0.00016729295348218926, 0.9989962422791069 0.0010037577208931356, 
24, 000000, 000000, 7.369123961606494e-05, 7.369123961606494e-05, 0.9995578525623036 0.0004421474376963897, 
25, 000000, 000000, 0.00012706863785485187, 0.00012706863785485187, 0.9992375881728708 0.0007624118271291112, 
26, 000000, 000000, 4.610097723924419e-05, 4.610097723924419e-05, 0.9997233941365644 0.0002766058634354652, 
27, 000000, 000000, 0.00014640171401395841, 0.00014640171401395841, 0.9991232377038543 0.0008751143082078235 1.6479879379635414e-06, 
28, 000000, 000000, 0.00010773277010465217, 0.00010773277010465217, 0.9993536033793721 0.000646396620627913, 
29, 111111, 111111, 0.8617677033068641, 0.8617677033068641, 0.0 0.0 0.0 0.14351022346197587 0.0929871093594022 0.21288889105408276 0.5506137761245392, 
30, 111110, 001111, 0.8206404247921257, 0.8206404247921257, 0.0 0.0 0.0 0.012048794590272785 0.2645072076710924 0.5109966521342424 0.21244734560439238, 
31, 000000, 000000, 8.949314371927013e-05, 8.949314371927013e-05, 0.9994630411376845 0.0005369588623156207, 
32, 000000, 000000, 0.0001607051412037837, 0.0001607051412037837, 0.9990357691527773 0.0009642308472227022, 
33, 000000, 000000, 0.00011158357771591473, 0.00011158357771591473, 0.9993304985337045 0.0006695014662954885, 
34, 000000, 000000, 0.0001410790109327749, 0.0001410790109327749, 0.9991535259344033 0.0008464740655966496, 
35, 000000, 000000, 6.204157075789548e-05, 6.204157075789548e-05, 0.9996277505754526 0.0003722494245473729, 
36, 000000, 000000, 8.855991449750512e-05, 8.855991449750512e-05, 0.9994686405130149 0.0005313594869850308, 
37, 000000, 000000, 9.591510439769545e-05, 9.591510439769545e-05, 0.9994245093736138 0.0005754906263861728, 
38, 000000, 000000, 0.0001143989946617697, 0.0001143989946617697, 0.9993136060320293 0.0006863939679706183, 
39, 000000, 000000, 9.718507221211068e-05, 9.718507221211068e-05, 0.9994168895667274 0.0005831104332726641, 
40, 000000, 000000, 0.00011947299252658471, 0.00011947299252658471, 0.9992831620448406 0.0007168379551595084, 
41, 000000, 000000, 7.957466976538944e-05, 7.957466976538944e-05, 0.9995225519814076 0.00047744801859233665, 
42, 000000, 000000, 0.0001239451064537243, 0.0001239451064537243, 0.9992563293612777 0.0007436706387223458, 
43, 000000, 000000, 0.0001096492739400501, 0.0001096492739400501, 0.9993421043563597 0.0006578956436403006, 
44, 000000, 000000, 8.603508210087185e-05, 8.603508210087185e-05, 0.9994837895073948 0.0005162104926052313, 
45, 000000, 000000, 6.831918258794045e-05, 6.831918258794045e-05, 0.9995900849044723 0.00040991509552764277, 
46, 000000, 000000, 0.00011103808029985173, 0.00011103808029985173, 0.9993337715182008 0.0006662284817991104, 
47, 000000, 000000, 9.551467755365509e-05, 9.551467755365509e-05, 0.999426911934678 0.0005730880653219306, 
48, 000000, 000000, 0.00012506372791831156, 0.00012506372791831156, 0.9992496176324902 0.0007503823675098694, 
49, 111111, 111111, 1.0, 1.0, 0.0 0.0 0.0 0.0 0.0 0.0 1.0, 
50, 000000, 000000, 0.0001060799321396773, 0.0001060799321396773, 0.9993635204071619 0.000636479592838064, 
51, 111111, 111111, 1.0, 1.0, 0.0 0.0 0.0 0.0 0.0 0.0 1.0, 
52, 000000, 000000, 7.095676286397302e-05, 7.095676286397302e-05, 0.9995742594228162 0.00042574057718383813, 
53, 000000, 000000, 7.744357507856647e-05, 7.744357507856647e-05, 0.9995353385495287 0.00046466145047139885, 
54, 011110, 111100, 0.749642398167497, 0.749642398167497, 0.0 0.0 0.0 0.13575593363314992 0.23063374372871814 0.6336103226381319, 
55, 000000, 000000, 7.595464021341794e-05, 7.595464021341794e-05, 0.9995442721587195 0.00045572784128050767, 
56, 000000, 000000, 0.0001442405331544977, 0.0001442405331544977, 0.999134556801073 0.0008654431989269862, 
57, 000000, 000000, 0.00011194494276904736, 0.00011194494276904736, 0.9993283303433858 0.0006716696566142843, 
58, 111110, 111111, 0.9380972465572087, 0.9380972465572087, 0.0 0.0 0.0 0.0 0.1470949780228211 0.07722656461110566 0.7756784573660732, 
59, 000000, 000000, 0.00010589767956705049, 0.00010589767956705049, 0.9993646139225977 0.000635386077402303, 
60, 000000, 111110, 0.2453885066698469, 0.2453885066698469, 0.603759608639043 0.0005597073847176747 0.07335103400689817 0.07104760794252289 0.14448376934109236 0.10679827268572589, 
61, 000000, 000000, 6.584400039431882e-05, 6.584400039431882e-05, 0.9996049359976341 0.00039506400236591295, 
62, 000000, 000000, 0.00011737682483164425, 0.00011737682483164425, 0.9992957390510102 0.0007042609489898657, 
63, 000000, 000000, 7.293713161012408e-05, 7.293713161012408e-05, 0.9995623772103394 0.00043762278966074454, 
64, 000000, 000000, 0.00011081919300997078, 0.00011081919300997078, 0.9993350848419402 0.0006649151580598249, 
65, 000000, 000000, 8.473541422079403e-05, 8.473541422079403e-05, 0.9994915875146753 0.0005084124853247641, 
66, 111111, 111111, 1.0, 1.0, 0.0 0.0 0.0 0.0 0.0 0.0 1.0, 
67, 000000, 000000, 8.912480555725336e-05, 8.912480555725336e-05, 0.9994652511666565 0.0005347488333435201, 
68, 011111, 011111, 0.859118593140443, 0.859118593140443, 0.0 0.0 0.0 0.0 0.11659569305041126 0.6120970550565196 0.2713072518930692, 
69, 000000, 000000, 7.977587836743273e-05, 7.977587836743273e-05, 0.9995213447297954 0.0004786552702045965, 
70, 000000, 000000, 0.0001241502449549571, 0.0001241502449549571, 0.9992550985302703 0.0007449014697297426, 
71, 000000, 000000, 0.00015792958473009942, 0.00015792958473009942, 0.9990524224916193 0.0009475775083805966, 
72, 000000, 000000, 0.00010482430127709484, 0.00010482430127709484, 0.9993710541923374 0.0006289458076625691, 
73, 000000, 000000, 0.00013098271038042785, 0.00013098271038042785, 0.9992141037377175 0.0007858962622825672, 
74, 000000, 000000, 7.257135825333766e-05, 7.257135825333766e-05, 0.99956457185048 0.00043542814952002594, 
75, 111110, 111111, 0.8197897762973592, 0.8197897762973592, 0.0 0.0 0.0 0.19134699550317794 0.1745443317649672 0.15813169217637638 0.4759769805554785, 
76, 000000, 000000, 0.00013517209321029693, 0.00013517209321029693, 0.9991889674407382 0.0008110325592617816, 
77, 000000, 000000, 0.00010517909047121649, 0.00010517909047121649, 0.9993689254571727 0.0006310745428272991, 
78, 000000, 000000, 0.00011199961056296712, 0.00011199961056296712, 0.9993280023366222 0.0006719976633778027, 
79, 000000, 000000, 7.825628783483038e-05, 7.825628783483038e-05, 0.999530462272991 0.00046953772700898243, 
80, 000000, 000000, 0.0001553783990073346, 0.0001553783990073346, 0.9990677296059559 0.0009322703940440076, 
81, 000000, 000000, 0.0001375967423980718, 0.0001375967423980718, 0.9991744195456115 0.0008255804543884311, 
82, 111110, 111111, 0.7469734257615614, 0.7469734257615614, 0.0 0.0 0.0 0.12957857297684366 0.39492525565879705 0.3395732151825067 0.13592295618185266, 
83, 000000, 000000, 0.00013631732885784938, 0.00013631732885784938, 0.9991820960268529 0.0008179039731470963, 
84, 000000, 000000, 7.232648915935165e-05, 7.232648915935165e-05, 0.999566041065044 0.00043395893495610984, 
85, 000000, 000000, 0.00012302388043599653, 0.00012302388043599653, 0.999261856717384 0.0007381432826159793, 
86, 111111, 111111, 0.9833656195928028, 0.9833656195928028, 0.0 0.0 0.0 0.0 0.0 0.09980628244318338 0.9001937175568167, 
87, 000000, 000000, 0.00011966917558591871, 0.00011966917558591871, 0.9992819849464845 0.0007180150535155122, 
88, 000000, 000000, 0.00015104154810653767, 0.00015104154810653767, 0.9990937507113608 0.000906249288639226, 
89, 000000, 000000, 6.540979802634844e-05, 6.540979802634844e-05, 0.9996075412118419 0.00039245878815809065, 
90, 000000, 000000, 8.281572909048524e-05, 8.281572909048524e-05, 0.9995031056254571 0.0004968943745429114, 
91, 011110, 111111, 0.9812669606895131, 0.9812669606895131, 0.0 0.0 0.0 0.0 0.031730095826141724 0.04893804421063765 0.9193318599632205, 
92, 000000, 000000, 0.00013661171778464232, 0.00013661171778464232, 0.9991803296932922 0.000819670306707854, 
93, 000000, 000000, 0.00010657491473814764, 0.00010657491473814764, 0.999360550511571 0.0006394494884288858, 
94, 000000, 000000, 6.353895624139916e-05, 6.353895624139916e-05, 0.9996187662625515 0.0003812337374483949, 
95, 000000, 000000, 9.867061266477792e-05, 9.867061266477792e-05, 0.9994079763240112 0.0005920236759886676, 
96, 000000, 000000, 0.00011424777827050965, 0.00011424777827050965, 0.9993145133303769 0.000685486669623058, 
97, 000000, 000000, 3.136348384255122e-05, 3.136348384255122e-05, 0.9998118190969447 0.00018818090305530738, 
98, 000000, 000000, 0.00010027594322721282, 0.00010027594322721282, 0.9993983443406366 0.000601655659363277, 
99, 000000, 000000, 6.493209396598065e-05, 6.493209396598065e-05, 0.9996104074362042 0.0003895925637958839, 
100, 000000, 000000, 0.00013819495779757575, 0.00013819495779757575, 0.9991708302532145 0.0008291697467854545, 
