run, initial grid state, final grid state, mean grid cell occupancy, mean binding site occupancy, fraction of time with N TFs bound, warning
1, 000000, 000000, 0.0, 0.0, 1.0, 
2, 000000, 000000, 6.740684119547303e-05, 6.740684119547303e-05, 0.9995955589528271 0.0004044410471728382, 
3, 000000, 000000, 0.00010606884734889205, 0.00010606884734889205, 0.9993635869159068 0.0006364130840933524, 
4, 000000, 000000, 2.602601247834505e-05, 2.602601247834505e-05, 0.9998438439251299 0.0001561560748700703, 
5, 000000, 000000, 0.0, 0.0, 1.0, 
6, 000000, 000000, 1.7051382787112842e-05, 1.7051382787112842e-05, 0.9998976917032772 0.00010230829672267705, 
7, 000000, 000000, 0.0, 0.0, 1.0, 
8, 000000, 000000, 2.6607497667580104e-05, 2.6607497667580104e-05, 0.9998403550139946 0.00015964498600548062, 
9, 000000, 000000, 1.9504090749818177e-05, 1.9504090749818177e-05, 0.9998829754555011 0.00011702454449890908, 
10, 000000, 000000, 8.732714289641866e-05, 8.732714289641866e-05, 0.9994760371426216 0.0005239628573785119, 
11, 000000, 000000, 0.00026298907147164906, 0.00026298907147164906, 0.9984220655711702 0.0015779344288298944, 
12, 000000, 000000, 8.418593296065767e-06, 8.418593296065767e-06, 0.9999494884402236 5.0511559776394615e-05, 
13, 000000, 000000, 0.0, 0.0, 1.0, 
14, 000000, 000000, 1.5879480136898056e-05, 1.5879480136898056e-05, 0.9999047231191787 9.527688082138835e-05, 
15, 000000, 000000, 1.5700366314853058e-06, 1.5700366314853058e-06, 0.9999905797802111 9.420219788911835e-06, 
16, 000000, 000000, 0.0, 0.0, 1.0, 
17, 000000, 000000, 9.986180277380645e-06, 9.986180277380645e-06, 0.9999400829183357 5.9917081664283865e-05, 
18, 000000, 000000, 3.088268834345231e-05, 3.088268834345231e-05, 0.9998147038699393 0.0001852961300607139, 
19, 000000, 000000, 0.0, 0.0, 1.0, 
20, 000000, 000000, 1.735279592569576e-05, 1.735279592569576e-05, 0.9998958832244458 0.00010411677555417457, 
21, 000000, 000000, 1.7300667190654738e-05, 1.7300667190654738e-05, 0.999896195996856 0.00010380400314392845, 
22, 000000, 000000, 0.0, 0.0, 1.0, 
23, 000000, 000000, 0.0, 0.0, 1.0, 
24, 000000, 000000, 0.0, 0.0, 1.0, 
25, 000000, 000000, 1.0071179750818993e-05, 1.0071179750818993e-05, 0.9999395729214952 6.042707850491396e-05, 
26, 000000, 000000, 3.6196445462228225e-05, 3.6196445462228225e-05, 0.9997828213272266 0.00021717867277336935, 
27, 000000, 000000, 5.488376531949766e-06, 5.488376531949766e-06, 0.9999670697408084 3.293025919169859e-05, 
28, 000000, 000000, 0.0, 0.0, 1.0, 
29, 000000, 000000, 0.0, 0.0, 1.0, 
30, 000000, 000000, 4.5402787570015954e-05, 4.5402787570015954e-05, 0.9997275832745801 0.0002724167254200957, 
31, 000000, 000000, 1.2265399167358093e-05, 1.2265399167358093e-05, 0.999926407604996 7.359239500414857e-05, 
32, 000000, 000000, 0.0, 0.0, 1.0, 
33, 000000, 000000, 0.0, 0.0, 1.0, 
34, 000000, 000000, 0.0, 0.0, 1.0, 
35, 000000, 000000, 0.0, 0.0, 1.0, 
36, 000000, 000000, 4.3670175805364326e-05, 4.3670175805364326e-05, 0.9997379789451678 0.00026202105483218597, 
37, 000000, 000000, 1.3543291059895472e-05, 1.3543291059895472e-05, 0.9999187402536406 8.125974635937283e-05, 
38, 000000, 000000, 8.940787908186616e-06, 8.940787908186616e-06, 0.9999463552725508 5.36447274491197e-05, 
39, 000000, 000000, 0.0, 0.0, 1.0, 
40, 000000, 000000, 4.1768170293116e-05, 4.1768170293116e-05, 0.9997493909782414 0.000250609021758696, 
41, 000000, 000000, 0.0, 0.0, 1.0, 
42, 000000, 000000, 0.0, 0.0, 1.0, 
43, 000000, 000000, 0.0, 0.0, 1.0, 
44, 000000, 000000, 2.6582087526905442e-05, 2.6582087526905442e-05, 0.9998405074748385 0.00015949252516143266, 
45, 000000, 000000, 5.355422014179859e-05, 5.355422014179859e-05, 0.9996786746791491 0.0003213253208507916, 
46, 000000, 000000, 6.039687058906733e-06, 6.039687058906733e-06, 0.9999637618776465 3.6238122353440396e-05, 
47, 000000, 000000, 8.49619383228078e-05, 8.49619383228078e-05, 0.9994902283700633 0.0005097716299368468, 
48, 000000, 000000, 3.3704947553494105e-05, 3.3704947553494105e-05, 0.9997977703146791 0.00020222968532096467, 
49, 000000, 000000, 5.7840042482087675e-06, 5.7840042482087675e-06, 0.9999652959745108 3.470402548925261e-05, 
50, 000000, 000000, 0.0, 0.0, 1.0, 
51, 000000, 000000, 9.315870179017128e-05, 9.315870179017128e-05, 0.999441047789259 0.0005589522107410276, 
52, 000000, 000000, 3.825064334360819e-06, 3.825064334360819e-06, 0.9999770496139938 2.295038600616491e-05, 
53, 000000, 000000, 1.625698951756509e-06, 1.625698951756509e-06, 0.9999902458062895 9.754193710539054e-06, 
54, 000000, 000000, 4.051291864226882e-05, 4.051291864226882e-05, 0.9997569224881463 0.00024307751185361292, 
55, 000000, 000000, 0.0, 0.0, 1.0, 
56, 000000, 000000, 0.0, 0.0, 1.0, 
57, 000000, 000000, 1.9264609718262225e-05, 1.9264609718262225e-05, 0.9998844123416903 0.00011558765830957335, 
58, 000000, 000000, 8.532769049939691e-06, 8.532769049939691e-06, 0.9999488033857005 5.119661429963815e-05, 
59, 000000, 000000, 0.0001380978505449396, 0.0001380978505449396, 0.9991714128967304 0.0008285871032696376, 
60, 000000, 000000, 0.0, 0.0, 1.0, 
61, 000000, 000000, 0.0, 0.0, 1.0, 
62, 000000, 000000, 0.0, 0.0, 1.0, 
63, 000000, 000000, 1.5932985607085824e-05, 1.5932985607085824e-05, 0.9999044020863574 9.559791364251494e-05, 
64, 000000, 000000, 8.908251326395754e-05, 8.908251326395754e-05, 0.9994655049204162 0.0005344950795837453, 
65, 000000, 000000, 8.248121849796552e-06, 8.248121849796552e-06, 0.9999505112689012 4.948873109877931e-05, 
66, 000000, 000000, 4.1164642676549796e-05, 4.1164642676549796e-05, 0.9997530121439406 0.0002469878560592988, 
67, 000000, 000000, 0.0, 0.0, 1.0, 
68, 000000, 000000, 0.0, 0.0, 1.0, 
69, 000000, 000000, 8.254533577152738e-05, 8.254533577152738e-05, 0.9995047279853708 0.0004952720146291644, 
70, 000000, 000000, 0.0, 0.0, 1.0, 
71, 000000, 000000, 2.95900831216327e-05, 2.95900831216327e-05, 0.9998224595012702 0.00017754049872979624, 
72, 000000, 000000, 1.0334026632024722e-05, 1.0334026632024722e-05, 0.9999379958402078 6.200415979214833e-05, 
73, 000000, 000000, 5.049608885568972e-05, 5.049608885568972e-05, 0.999697023466866 0.0003029765331341383, 
74, 000000, 000000, 8.678788340653496e-05, 8.678788340653496e-05, 0.9994792726995608 0.0005207273004392098, 
75, 000000, 000000, 1.5976327064086864e-05, 1.5976327064086864e-05, 0.9999041420376154 9.58579623845212e-05, 
76, 000000, 000000, 3.6393266585662415e-05, 3.6393266585662415e-05, 0.999781640400486 0.0002183595995139745, 
77, 000000, 000000, 3.707420786558226e-05, 3.707420786558226e-05, 0.9997775547528065 0.00022244524719349358, 
78, 000000, 000000, 0.0, 0.0, 1.0, 
79, 000000, 000000, 0.0, 0.0, 1.0, 
80, 000000, 000000, 0.0, 0.0, 1.0, 
81, 000000, 000000, 8.533707991957625e-06, 8.533707991957625e-06, 0.9999487977520483 5.120224795174575e-05, 
82, 000000, 000000, 0.0, 0.0, 1.0, 
83, 000000, 000000, 8.852847464676103e-06, 8.852847464676103e-06, 0.9999468829152119 5.311708478805662e-05, 
84, 000000, 000000, 1.3490149187665652e-05, 1.3490149187665652e-05, 0.9999190591048739 8.094089512599392e-05, 
85, 000000, 000000, 0.0, 0.0, 1.0, 
86, 000000, 000000, 0.0, 0.0, 1.0, 
87, 000000, 000000, 0.0, 0.0, 1.0, 
88, 000000, 000000, 3.451054860594137e-05, 3.451054860594137e-05, 0.9997929367083643 0.00020706329163564825, 
89, 000000, 000000, 2.849714850138347e-05, 2.849714850138347e-05, 0.9998290171089916 0.00017098289100830083, 
90, 000000, 000000, 2.016652457642392e-05, 2.016652457642392e-05, 0.9998790008525413 0.00012099914745854354, 
91, 000000, 000000, 8.73683735854754e-07, 8.73683735854754e-07, 0.9999947578975847 5.2421024151285255e-06, 
92, 000000, 000000, 2.088871781737698e-05, 2.088871781737698e-05, 0.9998746676930956 0.00012533230690426188, 
93, 000000, 000000, 2.1070393808162736e-05, 2.1070393808162736e-05, 0.9998735776371509 0.00012642236284897643, 
94, 000000, 000000, 1.687141001131441e-06, 1.687141001131441e-06, 0.9999898771539931 1.0122846006788647e-05, 
95, 000000, 000000, 1.579031507238111e-05, 1.579031507238111e-05, 0.9999052581095659 9.474189043428668e-05, 
96, 000000, 000000, 0.0, 0.0, 1.0, 
97, 000000, 000000, 1.6873193948095373e-05, 1.6873193948095373e-05, 0.9998987608363116 0.00010123916368857223, 
98, 000000, 000000, 0.0, 0.0, 1.0, 
99, 000000, 000000, 2.3178266762697632e-05, 2.3178266762697632e-05, 0.9998609303994237 0.0001390696005761858, 
100, 000000, 000000, 3.440951010432124e-05, 3.440951010432124e-05, 0.9997935429393742 0.00020645706062592743, 
