run, initial grid state, final grid state, mean grid cell occupancy, mean binding site occupancy, fraction of time with N TFs bound, warning
1, 000000, 000000, 0.0003272820498678012, 0.0003272820498678012, 0.9989483283600975 0.0001397248138702003 0.0009118729927602233 7.383327205372279e-08, 
2, 000000, 000000, 2.435923142147645e-05, 2.435923142147645e-05, 0.9998538446114711 0.0001461553885288587, 
3, 000000, 000000, 2.3032769240701027e-05, 2.3032769240701027e-05, 0.9998618033845558 0.00013819661544420617, 
4, 000000, 000000, 2.404445916740043e-05, 2.404445916740043e-05, 0.9998557332449957 0.00014426675500440258, 
5, 000000, 000000, 2.3634236530257638e-05, 2.3634236530257638e-05, 0.9998581945808185 0.0001418054191815458, 
6, 000000, 000000, 2.277590755963965e-05, 2.277590755963965e-05, 0.9998633445546422 0.00013665544535783791, 
7, 000000, 000000, 2.3904740406252222e-05, 2.3904740406252222e-05, 0.9998565715575625 0.00014342844243751335, 
8, 000000, 000000, 2.383211075094141e-05, 2.383211075094141e-05, 0.9998570073354943 0.00014299266450564844, 
9, 000000, 000000, 2.3266490868351297e-05, 2.3266490868351297e-05, 0.9998604010547899 0.00013959894521010778, 
10, 000000, 000000, 2.2758600041485986e-05, 2.2758600041485986e-05, 0.9998634483997512 0.00013655160024891592, 
11, 000000, 000000, 2.349357742819737e-05, 2.349357742819737e-05, 0.9998590385354308 0.00014096146456918422, 
12, 000000, 000000, 0.007277614842369331, 0.007277614842369331, 0.9832237565479025 0.0001398396169451234 0.008883229518206479 0.005253488311489359 0.0024995045608923586 1.814445640800769e-07, 
13, 000000, 000000, 2.36924419450615e-05, 2.36924419450615e-05, 0.9998578453483297 0.000142154651670369, 
14, 000000, 000000, 2.3211455330943745e-05, 2.3211455330943745e-05, 0.9998607344144459 0.00013926243912253802 3.1464315622203668e-09, 
15, 000000, 000000, 2.4331374848457556e-05, 2.4331374848457556e-05, 0.9998540117509092 0.00014598824909074534, 
16, 000000, 000000, 2.4613933066808343e-05, 2.4613933066808343e-05, 0.9998523164015992 0.00014768359840085007, 
17, 000000, 000000, 2.3657174631379518e-05, 2.3657174631379518e-05, 0.9998580569522117 0.00014194304778827709, 
18, 000000, 000000, 2.30395701220755e-05, 2.30395701220755e-05, 0.9998617625792675 0.000138237420732453, 
19, 000000, 000000, 2.463855330094278e-05, 2.463855330094278e-05, 0.9998521686801943 0.0001478313198056567, 
20, 000000, 000000, 2.4744398352951217e-05, 2.4744398352951217e-05, 0.9998515336098823 0.0001484663901177073, 
21, 000000, 000000, 2.4707055106186913e-05, 2.4707055106186913e-05, 0.999851757669363 0.00014824233063712148, 
22, 000000, 000000, 2.4260735985246822e-05, 2.4260735985246822e-05, 0.9998544355840885 0.00014556441591148092, 
23, 000000, 000000, 2.4277374123378004e-05, 2.4277374123378004e-05, 0.9998543357552597 0.00014566424474026803, 
24, 000000, 000000, 2.1030412606992718e-05, 2.1030412606992718e-05, 0.9998738175243581 0.0001261824756419563, 
25, 000000, 000000, 2.408019394674713e-05, 2.408019394674713e-05, 0.9998555188363195 0.0001444811636804828, 
26, 000000, 000000, 2.3868842177893984e-05, 2.3868842177893984e-05, 0.9998567869469327 0.00014321305306736392, 
27, 000000, 000000, 2.4032697661917586e-05, 2.4032697661917586e-05, 0.9998558038140284 0.0001441961859715055, 
28, 000000, 000000, 2.3457429051344355e-05, 2.3457429051344355e-05, 0.9998592554256919 0.00014074457430806613, 
29, 000000, 000000, 2.482192188496583e-05, 2.482192188496583e-05, 0.9998510684686902 0.00014893153130979503, 
30, 000000, 000000, 2.3926521557140806e-05, 2.3926521557140806e-05, 0.9998564408706572 0.00014355912934284486, 
31, 000000, 000000, 2.3879632902092035e-05, 2.3879632902092035e-05, 0.9998567222025874 0.00014327779741255223, 
32, 000000, 000000, 2.3005181975820362e-05, 2.3005181975820362e-05, 0.999861968908145 0.00013803109185492218, 
33, 000000, 000000, 2.3412215603262584e-05, 2.3412215603262584e-05, 0.9998595275271518 0.00014047165207655674 8.207715093833892e-10, 
34, 000000, 000000, 2.491846481474351e-05, 2.491846481474351e-05, 0.9998504892111115 0.00014951078888846106, 
35, 000000, 000000, 2.411596566072464e-05, 2.411596566072464e-05, 0.9998553042060356 0.00014469579396434785, 
36, 000000, 000000, 2.2646299491579638e-05, 2.2646299491579638e-05, 0.9998641222030504 0.00013587779694947783, 
37, 000000, 000000, 2.354400192278114e-05, 2.354400192278114e-05, 0.9998587359884633 0.00014126401153668686, 
38, 000000, 000000, 2.403025063888526e-05, 2.403025063888526e-05, 0.9998558184961667 0.00014418150383331156, 
39, 000000, 000000, 2.4584603044346308e-05, 2.4584603044346308e-05, 0.999852492381734 0.00014750761826607786, 
40, 000000, 000000, 2.2650926689851044e-05, 2.2650926689851044e-05, 0.9998640944398609 0.00013590556013910626, 
41, 000000, 000000, 2.6020102090545193e-05, 2.6020102090545193e-05, 0.9998438813391852 0.00015611670908636732 1.9517284519153733e-09, 
42, 000000, 000000, 2.2993289399270195e-05, 2.2993289399270195e-05, 0.9998620402636044 0.00013795973639562118, 
43, 000000, 000000, 2.400123151519955e-05, 2.400123151519955e-05, 0.9998559926109089 0.0001440073890911973, 
44, 000000, 000000, 2.288899972930912e-05, 2.288899972930912e-05, 0.9998626660016241 0.00013733399837585473, 
45, 000000, 000000, 2.3287536443766404e-05, 2.3287536443766404e-05, 0.9998603617115481 0.0001395513582410917 8.693021075334957e-08, 
46, 000000, 000000, 2.4965006516663818e-05, 2.4965006516663818e-05, 0.9998502099609 0.00014979003909998292, 
47, 000000, 000000, 2.3555216162556354e-05, 2.3555216162556354e-05, 0.9998588130682798 0.0001410425664650221 1.443652551580206e-07, 
48, 000000, 000000, 2.2828577186692025e-05, 2.2828577186692025e-05, 0.9998630408172846 0.0001369469023105945 1.2280404778844071e-08, 
49, 000000, 000000, 2.4831039390937184e-05, 2.4831039390937184e-05, 0.9998510137636544 0.00014898623634562313, 
50, 000000, 000000, 2.372373019284189e-05, 2.372373019284189e-05, 0.9998576576188429 0.00014234238115705134, 
51, 000000, 000000, 2.3535270348069e-05, 2.3535270348069e-05, 0.9998587883779115 0.00014121162208841399, 
52, 000000, 000000, 2.4156237134787444e-05, 2.4156237134787444e-05, 0.9998550625771913 0.00014493742280872468, 
53, 000000, 000000, 2.378336622152067e-05, 2.378336622152067e-05, 0.9998573910308847 0.00014251774090136193 9.122821388104575e-08, 
54, 000000, 000000, 2.445264617126978e-05, 2.445264617126978e-05, 0.9998532841229725 0.0001467158770276187, 
55, 000000, 000000, 2.3148314392784653e-05, 2.3148314392784653e-05, 0.9998611101136432 0.00013888988635670792, 
56, 000000, 000000, 2.4786265558433915e-05, 2.4786265558433915e-05, 0.9998512824066494 0.00014871759335060352, 
57, 000000, 000000, 2.519971499300481e-05, 2.519971499300481e-05, 0.9998488811727498 0.00015103936454246113 7.946270778386009e-08, 
58, 000000, 000000, 2.5712105937453068e-05, 2.5712105937453068e-05, 0.9998457273643753 0.00015427263562471844, 
59, 000000, 000000, 2.204524677288643e-05, 2.204524677288643e-05, 0.9998677285193627 0.0001322714806373186, 
60, 000000, 000000, 2.438190663270561e-05, 2.438190663270561e-05, 0.9998537085602037 0.00014629143979623366, 
61, 000000, 000000, 2.6130665893426224e-05, 2.6130665893426224e-05, 0.9998432160046394 0.00015678399536055734, 
62, 000000, 000000, 2.3799873875875824e-05, 2.3799873875875824e-05, 0.9998572007567448 0.00014279924325525493, 
63, 000000, 000000, 2.6232745225189628e-05, 2.6232745225189628e-05, 0.999842603528649 0.00015739647135113775, 
64, 000000, 000000, 2.5441104050076602e-05, 2.5441104050076602e-05, 0.9998473533756996 0.00015264662430045962, 
65, 000000, 000000, 2.35726291353956e-05, 2.35726291353956e-05, 0.9998585642251876 0.0001414357748123736, 
66, 000000, 000000, 2.2123949322743562e-05, 2.2123949322743562e-05, 0.9998672563040636 0.0001327436959364614, 
67, 000000, 000000, 2.2221886823822818e-05, 2.2221886823822818e-05, 0.999866668679057 0.0001333313209429369, 
68, 000000, 000000, 2.443837032478947e-05, 2.443837032478947e-05, 0.9998533697780512 0.0001466302219487368, 
69, 000000, 000000, 2.431622688911607e-05, 2.431622688911607e-05, 0.9998541026386654 0.0001458973613346964, 
70, 000000, 000000, 2.4968254448436166e-05, 2.4968254448436166e-05, 0.9998501904733095 0.000149809526690617, 
71, 000000, 000000, 2.4451034630450322e-05, 2.4451034630450322e-05, 0.9998532937922173 0.00014670620778270193, 
72, 000000, 000000, 0.0001639707033404933, 0.0001639707033404933, 0.9994387968443301 0.000138582091296812 0.000422621064373074, 
73, 000000, 000000, 2.4592312596837813e-05, 2.4592312596837813e-05, 0.999852446124419 0.00014755387558102687, 
74, 000000, 000000, 2.354494583904033e-05, 2.354494583904033e-05, 0.9998587303249657 0.000141269675034242, 
75, 000000, 000000, 2.5045597694709577e-05, 2.5045597694709577e-05, 0.9998497264138319 0.00015027358616825746, 
76, 000000, 000000, 2.456605501884863e-05, 2.456605501884863e-05, 0.9998526036698869 0.00014739633011309178, 
77, 000000, 000000, 2.373490958036198e-05, 2.373490958036198e-05, 0.9998575905425178 0.0001424094574821719, 
78, 000000, 000000, 2.383784556108174e-05, 2.383784556108174e-05, 0.9998569729266336 0.00014302707336649043, 
79, 000000, 000000, 0.00047084655515709415, 0.00047084655515709415, 0.9985146706283383 0.0001457875544530195 0.0013393336751362287 2.081420723628459e-07, 
80, 000000, 000000, 2.273260852685092e-05, 2.273260852685092e-05, 0.9998636043488389 0.00013639565116110554, 
81, 000000, 000000, 2.386553967774271e-05, 2.386553967774271e-05, 0.9998568352472368 0.00014313626746004487 2.8485303205721496e-08, 
82, 000000, 000000, 2.4641437137086403e-05, 2.4641437137086403e-05, 0.9998522300112238 0.00014769135472980605 7.863404635618249e-08, 
83, 000000, 000000, 2.4489169674749486e-05, 2.4489169674749486e-05, 0.9998530649819515 0.00014693501804849692, 
84, 000000, 000000, 2.4586023497019476e-05, 2.4586023497019476e-05, 0.9998524838590179 0.00014751614098211687, 
85, 000000, 000000, 2.5832158325935664e-05, 2.5832158325935664e-05, 0.9998450070500444 0.00015499294995561396, 
86, 000000, 000000, 2.4953971141991646e-05, 2.4953971141991646e-05, 0.999850276173148 0.00014972382685194988, 
87, 000000, 000000, 2.3964101120595505e-05, 2.3964101120595505e-05, 0.9998562153932763 0.00014378460672357304, 
88, 000000, 000000, 2.2017642338305168e-05, 2.2017642338305168e-05, 0.9998678941459702 0.00013210585402983102, 
89, 000000, 000000, 2.296896631740084e-05, 2.296896631740084e-05, 0.9998621862020955 0.00013781379790440504, 
90, 000000, 000000, 2.2142151617949782e-05, 2.2142151617949782e-05, 0.9998671470902922 0.00013285290970769872, 
91, 000000, 000000, 2.5084563126674647e-05, 2.5084563126674647e-05, 0.9998494926212399 0.00015050737876004788, 
92, 000000, 000000, 2.2588426504165994e-05, 2.2588426504165994e-05, 0.999864469440975 0.00013553055902499597, 
93, 000000, 000000, 2.4853055299303335e-05, 2.4853055299303335e-05, 0.9998508816682041 0.00014911833179582002, 
94, 000000, 000000, 2.3580255507030377e-05, 2.3580255507030377e-05, 0.999858518466958 0.00014148153304218228, 
95, 000000, 000000, 2.4004477319617363e-05, 2.4004477319617363e-05, 0.9998559731360823 0.0001440268639177042, 
96, 000000, 000000, 2.540194560296028e-05, 2.540194560296028e-05, 0.9998475883263823 0.0001524116736177617, 
97, 000000, 000000, 2.383392138951058e-05, 2.383392138951058e-05, 0.9998570158337767 0.00014296480410968485 1.9362113689317422e-08, 
98, 000000, 000000, 2.268599175734527e-05, 2.268599175734527e-05, 0.9998638840494559 0.00013611595054407164, 
99, 000000, 000000, 2.3508835161918937e-05, 2.3508835161918937e-05, 0.9998589882544403 0.00014097048014807072 4.126541172143908e-08, 
100, 000000, 000000, 2.5063662827520406e-05, 2.5063662827520406e-05, 0.9998496523446827 0.00015031333366941253 3.432164785495144e-08, 
