run, initial grid state, final grid state, mean grid cell occupancy, mean binding site occupancy, fraction of time with N TFs bound, warning
1, 000000, 000000, 3.8958746920313795e-05, 3.8958746920313795e-05, 0.9997662475184781 0.00023375248152188275, 
2, 000000, 000000, 3.759206342280659e-05, 3.759206342280659e-05, 0.9997744476194632 0.0002255523805368396, 
3, 000000, 000000, 3.9464430013282334e-05, 3.9464430013282334e-05, 0.9997632134199204 0.000236786580079694, 
4, 000000, 000000, 3.580978239790892e-05, 3.580978239790892e-05, 0.9997851413056125 0.00021485869438745355, 
5, 000000, 000000, 3.901754787040421e-05, 3.901754787040421e-05, 0.9997658947127774 0.0002341052872224253, 
6, 000000, 000000, 3.948477510820385e-05, 3.948477510820385e-05, 0.9997630913493509 0.00023690865064922311, 
7, 000000, 000000, 3.992193333925792e-05, 3.992193333925792e-05, 0.9997604730559927 0.00023952228797884996 4.656028348784068e-09, 
8, 000000, 000000, 3.688667773140245e-05, 3.688667773140245e-05, 0.9997786799336117 0.00022132006638841473, 
9, 000000, 000000, 3.739043306813628e-05, 3.739043306813628e-05, 0.9997756574015911 0.00022434259840881774, 
10, 000000, 000000, 3.897217176612018e-05, 3.897217176612018e-05, 0.9997661669694032 0.00023383303059672112, 
11, 000000, 000000, 3.9778307234092704e-05, 3.9778307234092704e-05, 0.9997613301565953 0.00023866984340455624, 
12, 000000, 000000, 3.8033722034242325e-05, 3.8033722034242325e-05, 0.9997718281696483 0.00022814132849793394 3.0501853759992504e-08, 
13, 000000, 000000, 4.003396160798463e-05, 4.003396160798463e-05, 0.9997597962303522 0.0002402037696479078, 
14, 000000, 000000, 0.002341342660847378, 0.002341342660847378, 0.9935282346880677 0.00023704321556890717 0.00489315353957471 0.001341568556788647, 
15, 000000, 000000, 3.876102972778086e-05, 3.876102972778086e-05, 0.9997674338216332 0.00023256617836668516, 
16, 000000, 000000, 3.7519688788112495e-05, 3.7519688788112495e-05, 0.9997748818672714 0.00022511813272867498, 
17, 000000, 000000, 4.095311683621525e-05, 4.095311683621525e-05, 0.9997542812989827 0.0002457187010172915, 
18, 000000, 000000, 4.104816941056919e-05, 4.104816941056919e-05, 0.9997537109835366 0.0002462890164634151, 
19, 000000, 000000, 3.7168040600090646e-05, 3.7168040600090646e-05, 0.9997769917563993 0.0002230082436005439, 
20, 000000, 000000, 3.846265224230034e-05, 3.846265224230034e-05, 0.9997692240865463 0.00023077591345380206, 
21, 000000, 000000, 3.9053110165267385e-05, 3.9053110165267385e-05, 0.9997657550033522 0.0002341713323041859 7.366434370920441e-08, 
22, 000000, 000000, 4.161849852414423e-05, 4.161849852414423e-05, 0.9997502890088551 0.00024971099114486534, 
23, 000000, 000000, 4.025882692131406e-05, 4.025882692131406e-05, 0.9997584617948488 0.0002415234487746259 1.475637662924862e-08, 
24, 000000, 000000, 3.938232169000852e-05, 3.938232169000852e-05, 0.999763777382043 0.00023615130577395266 7.131218304924688e-08, 
25, 000000, 000000, 3.8830921356978483e-05, 3.8830921356978483e-05, 0.999767014471858 0.00023298552814187093, 
26, 000000, 000000, 3.910090878230877e-05, 3.910090878230877e-05, 0.9997653945473062 0.00023460545269385263, 
27, 000000, 000000, 3.615515632634688e-05, 3.615515632634688e-05, 0.9997832144955707 0.00021664007090026449 1.4543352890839417e-07, 
28, 000000, 000000, 3.9006791460410325e-05, 3.9006791460410325e-05, 0.9997659818205634 0.00023399561011066443 2.256932589875245e-08, 
29, 000000, 000000, 4.046378849548479e-05, 4.046378849548479e-05, 0.9997572172690271 0.00024278273097290873, 
30, 000000, 000000, 4.0207760002504516e-05, 4.0207760002504516e-05, 0.9997587534399849 0.00024124656001502716, 
31, 000000, 000000, 3.913881738919474e-05, 3.913881738919474e-05, 0.9997651670956648 0.00023483290433516844, 
32, 000000, 000000, 3.9816029625294066e-05, 3.9816029625294066e-05, 0.9997613107185898 0.00023848238506864544 2.0689634155946796e-07, 
33, 000000, 000000, 3.917994669395317e-05, 3.917994669395317e-05, 0.9997649203198363 0.000235079680163719, 
34, 000000, 000000, 3.9809553654038656e-05, 3.9809553654038656e-05, 0.9997611426780758 0.00023885732192423196, 
35, 000000, 000000, 0.008138678362197019, 0.008138678362197019, 0.9807129567066145 0.00023572013105059738 0.011423199077956716 0.004762544451294202 0.0028655796330838675, 
36, 000000, 000000, 3.94192220321734e-05, 3.94192220321734e-05, 0.999763484667807 0.00023651533219304038, 
37, 000000, 000000, 3.841825093317364e-05, 3.841825093317364e-05, 0.9997694904944009 0.00023050950559904183, 
38, 000000, 000000, 3.9196210428e-05, 3.9196210428e-05, 0.9997648227374321 0.00023517726256800002, 
39, 000000, 000000, 3.680763116859931e-05, 3.680763116859931e-05, 0.9997791542129885 0.00022084578701159587, 
40, 000000, 000000, 0.0009540595618621366, 0.0009540595618621366, 0.9973081564610179 0.00023168145572629936 0.0018878103343203927 0.0005723517489352449, 
41, 000000, 000000, 3.972059786466408e-05, 3.972059786466408e-05, 0.9997616764128121 0.00023832358718798446, 
42, 000000, 000000, 3.830738367492182e-05, 3.830738367492182e-05, 0.9997702686782756 0.00022961834139941152 1.1298032505972515e-07, 
43, 000000, 000000, 3.974164898982816e-05, 3.974164898982816e-05, 0.999761550106061 0.00023844989393896894, 
44, 000000, 000000, 0.00043186636280630934, 0.00043186636280630934, 0.998580008774392 0.00024878427437827243 0.0011712069512297921, 
45, 000000, 000000, 3.796227763945207e-05, 3.796227763945207e-05, 0.9997722263341632 0.00022777366583671244, 
46, 000000, 000000, 3.847178874853778e-05, 3.847178874853778e-05, 0.9997692601465242 0.00023064897446045397 9.087901538636604e-08, 
47, 000000, 000000, 4.136764879297473e-05, 4.136764879297473e-05, 0.9997518749317994 0.00024804424364323287 8.082455730772554e-08, 
48, 000000, 000000, 3.8776277203411785e-05, 3.8776277203411785e-05, 0.9997673423367796 0.00023265766322047075, 
49, 000000, 000000, 3.734879378200395e-05, 3.734879378200395e-05, 0.9997761824724057 0.00022354229249634496 2.752350978393766e-07, 
50, 000000, 000000, 0.0024500915277011898, 0.0024500915277011898, 0.9925351616464946 0.0002302566590008909 0.007233452576306985 1.1291181974265804e-06, 
51, 000000, 000000, 4.184608449271881e-05, 4.184608449271881e-05, 0.9997489234930438 0.0002510765069563129, 
52, 000000, 000000, 0.004318691859931763, 0.004318691859931763, 0.9900830950979289 0.00022876207483177465 0.004569799413893729 0.003929591553206865 0.001188743703342971 8.15679577271518e-09, 
53, 000000, 000000, 0.016002856682539587, 0.016002856682539587, 0.9787739436936146 0.00023505103377379668 0.001239884189488892 0.0009830669385018124 0.008142034315277621 0.0059711363701893784 0.004654883459153858, 
54, 000000, 000000, 4.115322665419204e-05, 4.115322665419204e-05, 0.9997530806400747 0.00024691935992515225, 
55, 000000, 000000, 3.895337885884901e-05, 3.895337885884901e-05, 0.9997662797268468 0.00023372027315309403, 
56, 000000, 000000, 3.6346182291021166e-05, 3.6346182291021166e-05, 0.999782008571471 0.0002179057633119134 8.56652171068224e-08, 
57, 000000, 000000, 3.994311427770456e-05, 3.994311427770456e-05, 0.9997603413143338 0.00023965868566622737, 
58, 000000, 000000, 4.028425982959934e-05, 4.028425982959934e-05, 0.9997583218598719 0.00024165072127852269 2.74188495366838e-08, 
59, 000000, 000000, 3.842214298042362e-05, 3.842214298042362e-05, 0.99976954891072 0.0002303693206774233 8.176860255924724e-08, 
60, 000000, 000000, 3.8133372391720815e-05, 3.8133372391720815e-05, 0.9997711997656498 0.00022880023435032485, 
61, 000000, 000000, 3.9739475420702155e-05, 3.9739475420702155e-05, 0.9997615631474758 0.00023843685252421297, 
62, 000000, 000000, 3.934889537048986e-05, 3.934889537048986e-05, 0.9997639104936393 0.0002360856404983263 3.8658623064233516e-09, 
63, 000000, 000000, 3.7949814334144244e-05, 3.7949814334144244e-05, 0.9997723011139952 0.00022769888600486548, 
64, 000000, 000000, 3.9097123260743025e-05, 3.9097123260743025e-05, 0.9997654172604356 0.00023458273956445815, 
65, 000000, 000000, 3.750112017043171e-05, 3.750112017043171e-05, 0.9997749932789775 0.0002250067210225903, 
66, 000000, 000000, 3.7689074908092666e-05, 3.7689074908092666e-05, 0.9997738655505515 0.000226134449448556, 
67, 000000, 000000, 3.901648786977526e-05, 3.901648786977526e-05, 0.9997659010727815 0.00023409892721865157, 
68, 000000, 000000, 3.824798119609888e-05, 3.824798119609888e-05, 0.9997705121128234 0.00022948788717659332, 
69, 000000, 000000, 3.962871698789807e-05, 3.962871698789807e-05, 0.9997622276980728 0.00023777230192738845, 
70, 000000, 000000, 3.841856378393442e-05, 3.841856378393442e-05, 0.9997694886172964 0.0002305113827036065, 
71, 000000, 000000, 3.88920265959019e-05, 3.88920265959019e-05, 0.9997666478404246 0.00023335215957541138, 
72, 000000, 000000, 3.8081285348962934e-05, 3.8081285348962934e-05, 0.9997715122879062 0.00022848771209377762, 
73, 000000, 000000, 3.895731476900872e-05, 3.895731476900872e-05, 0.9997662561113859 0.0002337438886140523, 
74, 000000, 000000, 4.009781850918718e-05, 4.009781850918718e-05, 0.999759413088945 0.00024058691105512307, 
75, 000000, 000000, 3.769342460808097e-05, 3.769342460808097e-05, 0.9997738394523515 0.00022616054764848582, 
76, 000000, 000000, 3.8813545899549925e-05, 3.8813545899549925e-05, 0.9997671187246028 0.00023288127539729955, 
77, 000000, 000000, 4.2017090593609086e-05, 4.2017090593609086e-05, 0.9997479271116592 0.00025204323311998395 2.965522083527478e-08, 
78, 000000, 000000, 3.778148149511219e-05, 3.778148149511219e-05, 0.9997733438553198 0.00022662340038978826 3.274429044245861e-08, 
79, 000000, 000000, 0.0005498676824628385, 0.0005498676824628385, 0.9982333676918816 0.00023405852145943077 0.0015325737866588008, 
80, 000000, 000000, 3.8007430132485216e-05, 3.8007430132485216e-05, 0.9997719554192052 0.00022804458079491132, 
81, 000000, 000000, 0.00041032714839763315, 0.00041032714839763315, 0.9986558169182891 0.0002264384787185898 0.0011177093973095769 3.5205682685124005e-08, 
82, 000000, 000000, 3.8632846696990323e-05, 3.8632846696990323e-05, 0.9997682029198179 0.00023179708018194193, 
83, 000000, 000000, 3.8753878115596526e-05, 3.8753878115596526e-05, 0.9997674767313063 0.00023252326869357918, 
84, 000000, 000000, 3.6266114178295895e-05, 3.6266114178295895e-05, 0.9997824033149302 0.0002175966850697754, 
85, 000000, 000000, 3.978468002791151e-05, 3.978468002791151e-05, 0.9997612919198324 0.00023870808016746898, 
86, 000000, 000000, 4.04033395839957e-05, 4.04033395839957e-05, 0.999757579962496 0.0002424200375039742, 
87, 000000, 000000, 3.984352513942371e-05, 3.984352513942371e-05, 0.9997609388491634 0.00023906115083654228, 
88, 000000, 000000, 3.739514470131988e-05, 3.739514470131988e-05, 0.9997756291317921 0.0002243708682079193, 
89, 000000, 000000, 0.0002490614804440952, 0.0002490614804440952, 0.9991361196731288 0.00023339177107781786 0.0006304885557933767, 
90, 000000, 000000, 4.048870338423063e-05, 4.048870338423063e-05, 0.9997572373345828 0.0002425931105291564 1.6955488811368943e-07, 
91, 000000, 000000, 3.8825147108796385e-05, 3.8825147108796385e-05, 0.9997670491173473 0.00023295088265277828, 
92, 000000, 000000, 0.0008463479051840044, 0.0008463479051840044, 0.9974432520996668 0.00023853492115848 0.002115086427578797 0.00020312655159598358, 
93, 000000, 000000, 3.8038765485156305e-05, 3.8038765485156305e-05, 0.999771775567921 0.00022821627124709398 8.160831921934195e-09, 
94, 000000, 000000, 3.913308083154428e-05, 3.913308083154428e-05, 0.9997652015150107 0.0002347984849892657, 
95, 000000, 000000, 3.911255401856355e-05, 3.911255401856355e-05, 0.9997653246758886 0.0002346753241113813, 
96, 000000, 000000, 3.861639000479636e-05, 3.861639000479636e-05, 0.9997683016599711 0.00023169834002877818, 
97, 000000, 000000, 4.100145845198451e-05, 4.100145845198451e-05, 0.9997539912492881 0.00024600875071190706, 
98, 000000, 000000, 3.9648630420768056e-05, 3.9648630420768056e-05, 0.9997621082174754 0.00023789178252460835, 
99, 000000, 000000, 3.9742005059361946e-05, 3.9742005059361946e-05, 0.9997615479696438 0.0002384520303561717, 
100, 000000, 000000, 3.910328814982026e-05, 3.910328814982026e-05, 0.9997653916419121 0.0002345969872769975 1.1370810962048342e-08, 
