run, initial grid state, final grid state, mean grid cell occupancy, mean binding site occupancy, fraction of time with N TFs bound, warning
1, 000000, 000000, 2.263591848350765e-06, 2.263591848350765e-06, 0.9999864184489099 1.3581551090104592e-05, 
2, 000000, 000000, 7.48997831318226e-06, 7.48997831318226e-06, 0.9999550601301209 4.4939869879093566e-05, 
3, 000000, 000000, 0.0, 0.0, 1.0, 
4, 000000, 000000, 6.706885879559973e-07, 6.706885879559973e-07, 0.9999959758684722 4.024131527735984e-06, 
5, 000000, 000000, 0.0, 0.0, 1.0, 
6, 000000, 000000, 2.874976403139058e-06, 2.874976403139058e-06, 0.9999827501415811 1.7249858418834347e-05, 
7, 000000, 000000, 1.164782207712368e-06, 1.164782207712368e-06, 0.9999930113067538 6.988693246274209e-06, 
8, 000000, 000000, 0.0, 0.0, 1.0, 
9, 000000, 000000, 0.0, 0.0, 1.0, 
10, 000000, 000000, 5.161124029042717e-06, 5.161124029042717e-06, 0.9999690332558256 3.0966744174256304e-05, 
11, 000000, 000000, 3.299487778724776e-08, 3.299487778724776e-08, 0.9999998020307331 1.979692667234866e-07, 
12, 000000, 000000, 0.0, 0.0, 1.0, 
13, 000000, 000000, 0.0, 0.0, 1.0, 
14, 000000, 000000, 1.093063299832422e-06, 1.093063299832422e-06, 0.999993441620201 6.558379798994531e-06, 
15, 000000, 000000, 2.7848829674379274e-06, 2.7848829674379274e-06, 0.9999832907021953 1.6709297804627565e-05, 
16, 000000, 000000, 0.0, 0.0, 1.0, 
17, 000000, 000000, 2.0076300627699797e-06, 2.0076300627699797e-06, 0.9999879542196234 1.2045780376619879e-05, 
18, 000000, 000000, 2.190406872366096e-06, 2.190406872366096e-06, 0.9999868575587658 1.3142441234196577e-05, 
19, 000000, 000000, 0.0, 0.0, 1.0, 
20, 000000, 000000, 0.0, 0.0, 1.0, 
21, 000000, 000000, 0.0, 0.0, 1.0, 
22, 000000, 000000, 4.736622250851405e-07, 4.736622250851405e-07, 0.9999971580266493 2.841973350510843e-06, 
23, 000000, 000000, 0.0, 0.0, 1.0, 
24, 000000, 000000, 7.025307033299688e-08, 7.025307033299688e-08, 0.999999578481578 4.2151842199798133e-07, 
25, 000000, 000000, 6.849326636486995e-06, 6.849326636486995e-06, 0.9999589040401811 4.109595981892197e-05, 
26, 000000, 000000, 0.0, 0.0, 1.0, 
27, 000000, 000000, 0.0, 0.0, 1.0, 
28, 000000, 000000, 0.0, 0.0, 1.0, 
29, 000000, 000000, 1.8239495349726413e-06, 1.8239495349726413e-06, 0.9999890563027902 1.0943697209835848e-05, 
30, 000000, 000000, 0.0, 0.0, 1.0, 
31, 000000, 000000, 5.771434398752354e-07, 5.771434398752354e-07, 0.9999965371393608 3.462860639251413e-06, 
32, 000000, 000000, 2.349338266030249e-08, 2.349338266030249e-08, 0.9999998590397041 1.4096029596181494e-07, 
33, 000000, 000000, 0.0, 0.0, 1.0, 
34, 000000, 000000, 0.0, 0.0, 1.0, 
35, 000000, 000000, 0.0, 0.0, 1.0, 
36, 000000, 000000, 0.0, 0.0, 1.0, 
37, 000000, 000000, 0.0, 0.0, 1.0, 
38, 000000, 000000, 0.0, 0.0, 1.0, 
39, 000000, 000000, 0.0, 0.0, 1.0, 
40, 000000, 000000, 0.0, 0.0, 1.0, 
41, 000000, 000000, 0.0, 0.0, 1.0, 
42, 000000, 000000, 1.069119089977845e-06, 1.069119089977845e-06, 0.9999935852854601 6.4147145398670704e-06, 
43, 000000, 000000, 5.109346656701369e-06, 5.109346656701369e-06, 0.9999693439200598 3.065607994020821e-05, 
44, 000000, 000000, 5.588330683069272e-07, 5.588330683069272e-07, 0.9999966470015903 3.3529984098415636e-06, 
45, 000000, 000000, 1.8484520817767742e-06, 1.8484520817767742e-06, 0.9999889092875093 1.1090712490660646e-05, 
46, 000000, 000000, 0.0, 0.0, 1.0, 
47, 000000, 000000, 0.0, 0.0, 1.0, 
48, 000000, 000000, 8.900918467543158e-06, 8.900918467543158e-06, 0.9999465944891949 5.340551080525896e-05, 
49, 000000, 000000, 5.435445953884885e-08, 5.435445953884885e-08, 0.9999996738732426 3.261267572330931e-07, 
50, 000000, 000000, 4.823400634285505e-07, 4.823400634285505e-07, 0.9999971059596194 2.894040380571303e-06, 
51, 000000, 000000, 0.0, 0.0, 1.0, 
52, 000000, 000000, 0.0, 0.0, 1.0, 
53, 000000, 000000, 0.0, 0.0, 1.0, 
54, 000000, 000000, 0.0, 0.0, 1.0, 
55, 000000, 000000, 3.083007036235242e-06, 3.083007036235242e-06, 0.9999815019577826 1.8498042217411453e-05, 
56, 000000, 000000, 0.0, 0.0, 1.0, 
57, 000000, 000000, 3.8106393622463587e-07, 3.8106393622463587e-07, 0.9999977136163826 2.2863836173478155e-06, 
58, 000000, 000000, 0.0, 0.0, 1.0, 
59, 000000, 000000, 9.269818856329137e-07, 9.269818856329137e-07, 0.9999944381086863 5.5618913137974826e-06, 
60, 000000, 000000, 6.463942884545645e-06, 6.463942884545645e-06, 0.9999612163426926 3.8783657307273875e-05, 
61, 000000, 000000, 0.0, 0.0, 1.0, 
62, 000000, 000000, 1.0249421278260542e-06, 1.0249421278260542e-06, 0.999993850347233 6.149652766956325e-06, 
63, 000000, 000000, 5.4969944291859424e-06, 5.4969944291859424e-06, 0.9999670180334248 3.2981966575115656e-05, 
64, 000000, 000000, 3.5055415499918447e-06, 3.5055415499918447e-06, 0.9999789667507 2.103324929995107e-05, 
65, 000000, 000000, 1.2292546342775621e-06, 1.2292546342775621e-06, 0.9999926244721943 7.375527805665373e-06, 
66, 000000, 000000, 0.0, 0.0, 1.0, 
67, 000000, 000000, 1.0410618279484111e-06, 1.0410618279484111e-06, 0.9999937536290323 6.246370967690467e-06, 
68, 000000, 000000, 0.0, 0.0, 1.0, 
69, 000000, 000000, 5.090480812396557e-06, 5.090480812396557e-06, 0.9999694571151256 3.054288487437934e-05, 
70, 000000, 000000, 2.760121871436398e-06, 2.760121871436398e-06, 0.9999834392687714 1.656073122861839e-05, 
71, 000000, 000000, 2.438531005394733e-06, 2.438531005394733e-06, 0.9999853688139677 1.46311860323684e-05, 
72, 000000, 000000, 6.451595649640591e-07, 6.451595649640591e-07, 0.9999961290426103 3.870957389784355e-06, 
73, 000000, 000000, 3.3834551869510915e-06, 3.3834551869510915e-06, 0.9999796992688783 2.030073112170655e-05, 
74, 000000, 000000, 1.0760619240604608e-05, 1.0760619240604608e-05, 0.9999354362845563 6.456371544362765e-05, 
75, 000000, 000000, 0.0, 0.0, 1.0, 
76, 000000, 000000, 0.0, 0.0, 1.0, 
77, 000000, 000000, 2.8420355664944963e-06, 2.8420355664944963e-06, 0.9999829477866009 1.705221339896698e-05, 
78, 000000, 000000, 0.0, 0.0, 1.0, 
79, 000000, 000000, 1.7725346042841136e-06, 1.7725346042841136e-06, 0.9999893647923744 1.0635207625704682e-05, 
80, 000000, 000000, 0.0, 0.0, 1.0, 
81, 000000, 000000, 3.7289108264459553e-06, 3.7289108264459553e-06, 0.9999776265350412 2.2373464958675732e-05, 
82, 000000, 000000, 1.7073124160783153e-06, 1.7073124160783153e-06, 0.9999897561255036 1.0243874496469892e-05, 
83, 000000, 000000, 3.7398747337699327e-06, 3.7398747337699327e-06, 0.9999775607515974 2.2439248402619596e-05, 
84, 000000, 000000, 0.0, 0.0, 1.0, 
85, 000000, 000000, 0.0, 0.0, 1.0, 
86, 000000, 000000, 0.0, 0.0, 1.0, 
87, 000000, 000000, 3.398821477238679e-07, 3.398821477238679e-07, 0.9999979607071136 2.0392928863432075e-06, 
88, 000000, 000000, 0.0, 0.0, 1.0, 
89, 000000, 000000, 0.0, 0.0, 1.0, 
90, 000000, 000000, 0.0, 0.0, 1.0, 
91, 000000, 000000, 1.7890445560970827e-07, 1.7890445560970827e-07, 0.9999989265732665 1.0734267336582497e-06, 
92, 000000, 000000, 0.0, 0.0, 1.0, 
93, 000000, 000000, 0.0, 0.0, 1.0, 
94, 000000, 000000, 0.0, 0.0, 1.0, 
95, 000000, 000000, 2.033528977679827e-06, 2.033528977679827e-06, 0.9999877988261339 1.2201173866078965e-05, 
96, 000000, 000000, 0.0, 0.0, 1.0, 
97, 000000, 000000, 0.0, 0.0, 1.0, 
98, 000000, 000000, 8.790730161865846e-07, 8.790730161865846e-07, 0.9999947255619027 5.274438097119507e-06, 
99, 000000, 000000, 0.0, 0.0, 1.0, 
100, 000000, 000000, 8.105040339222693e-06, 8.105040339222693e-06, 0.9999513697579647 4.8630242035336164e-05, 
