run, initial grid state, final grid state, mean grid cell occupancy, mean binding site occupancy, fraction of time with N TFs bound, warning
1, 000000, 000000, 4.021266216682461e-06, 4.021266216682461e-06, 0.9999758724026999 2.4127597300094762e-05, 
2, 000000, 000000, 9.350142436773904e-05, 9.350142436773904e-05, 0.9994389914537936 0.0005610085462064343, 
3, 000000, 000000, 0.0, 0.0, 1.0, 
4, 000000, 000000, 0.00011791133210906046, 0.00011791133210906046, 0.9992925320073457 0.0007074679926543628, 
5, 000000, 000000, 8.56330462945578e-05, 8.56330462945578e-05, 0.9994862017222327 0.0005137982777673468, 
6, 000000, 000000, 1.942256403729793e-05, 1.942256403729793e-05, 0.9998834646157763 0.0001165353842237876, 
7, 000000, 000000, 2.0910637213186887e-05, 2.0910637213186887e-05, 0.999874536176721 0.00012546382327912134, 
8, 000000, 000000, 8.330668771917184e-05, 8.330668771917184e-05, 0.9995001598736849 0.0004998401263150311, 
9, 000000, 000000, 8.606879769958845e-05, 8.606879769958845e-05, 0.9994835872138026 0.0005164127861975307, 
10, 000000, 000000, 0.0, 0.0, 1.0, 
11, 000000, 000000, 4.9406453007904464e-05, 4.9406453007904464e-05, 0.9997035612819527 0.0002964387180474268, 
12, 000000, 000000, 2.9283159045409134e-05, 2.9283159045409134e-05, 0.9998243010457276 0.0001756989542724548, 
13, 000000, 000000, 2.9085765635412814e-05, 2.9085765635412814e-05, 0.9998254854061874 0.0001745145938124769, 
14, 000000, 000000, 2.567670752688645e-07, 2.567670752688645e-07, 0.9999984593975484 1.5406024516131869e-06, 
15, 000000, 000000, 4.821530691801452e-06, 4.821530691801452e-06, 0.9999710708158492 2.8929184150808718e-05, 
16, 000000, 000000, 0.0, 0.0, 1.0, 
17, 000000, 000000, 3.559489691157029e-05, 3.559489691157029e-05, 0.9997864306185306 0.00021356938146942174, 
18, 000000, 000000, 9.677822703293977e-05, 9.677822703293977e-05, 0.9994193306378024 0.0005806693621976388, 
19, 000000, 000000, 0.0, 0.0, 1.0, 
20, 000000, 000000, 0.0, 0.0, 1.0, 
21, 000000, 000000, 0.0, 0.0, 1.0, 
22, 000000, 000000, 0.0, 0.0, 1.0, 
23, 000000, 000000, 2.85111370844374e-05, 2.85111370844374e-05, 0.9998289331774933 0.00017106682250662443, 
24, 000000, 000000, 0.0, 0.0, 1.0, 
25, 000000, 000000, 8.455975997728858e-07, 8.455975997728858e-07, 0.9999949264144014 5.073585598637316e-06, 
26, 000000, 000000, 0.0, 0.0, 1.0, 
27, 000000, 000000, 4.718283143877349e-05, 4.718283143877349e-05, 0.9997169030113673 0.00028309698863264096, 
28, 000000, 000000, 3.4799019438457005e-05, 3.4799019438457005e-05, 0.9997912058833693 0.00020879411663074203, 
29, 000000, 000000, 0.0, 0.0, 1.0, 
30, 000000, 000000, 0.0, 0.0, 1.0, 
31, 000000, 000000, 0.0, 0.0, 1.0, 
32, 000000, 000000, 3.664834256021931e-05, 3.664834256021931e-05, 0.9997801099446387 0.0002198900553613159, 
33, 000000, 000000, 6.023558433634362e-05, 6.023558433634362e-05, 0.9996385864939819 0.0003614135060180618, 
34, 000000, 000000, 0.0, 0.0, 1.0, 
35, 000000, 000000, 0.0001208300962644665, 0.0001208300962644665, 0.9992750194224131 0.0007249805775867991, 
36, 000000, 000000, 4.6108831437169696e-05, 4.6108831437169696e-05, 0.9997233470113769 0.0002766529886230182, 
37, 000000, 000000, 5.838003037392585e-05, 5.838003037392585e-05, 0.9996497198177564 0.0003502801822435551, 
38, 000000, 000000, 0.0, 0.0, 1.0, 
39, 000000, 000000, 7.951052333143445e-05, 7.951052333143445e-05, 0.9995229368600114 0.00047706313998860676, 
40, 000000, 000000, 8.140972244292961e-05, 8.140972244292961e-05, 0.9995115416653423 0.0004884583346575777, 
41, 000000, 000000, 8.629977117103095e-05, 8.629977117103095e-05, 0.9994822013729738 0.0005177986270261857, 
42, 000000, 000000, 0.0, 0.0, 1.0, 
43, 000000, 000000, 2.9330259156114963e-05, 2.9330259156114963e-05, 0.9998240184450633 0.0001759815549366898, 
44, 000000, 000000, 9.592148417028937e-06, 9.592148417028937e-06, 0.9999424471094976 5.755289050217363e-05, 
45, 000000, 000000, 0.0, 0.0, 1.0, 
46, 000000, 000000, 0.00012104699354441123, 0.00012104699354441123, 0.9992737180387334 0.0007262819612664674, 
47, 000000, 000000, 0.00010395026709521965, 0.00010395026709521965, 0.9993762983974286 0.000623701602571318, 
48, 000000, 000000, 8.458800639103784e-05, 8.458800639103784e-05, 0.9994924719616537 0.0005075280383462271, 
49, 000000, 000000, 0.0, 0.0, 1.0, 
50, 000000, 000000, 0.0, 0.0, 1.0, 
51, 000000, 000000, 1.9479051316213602e-05, 1.9479051316213602e-05, 0.9998831256921027 0.00011687430789728161, 
52, 000000, 000000, 2.1055271724091186e-05, 2.1055271724091186e-05, 0.9998736683696554 0.00012633163034454713, 
53, 000000, 000000, 3.909075207679885e-06, 3.909075207679885e-06, 0.9999765455487538 2.3454451246079314e-05, 
54, 000000, 000000, 3.3445533034563797e-05, 3.3445533034563797e-05, 0.9997993268017927 0.00020067319820738278, 
55, 000000, 000000, 0.00011588330164349676, 0.00011588330164349676, 0.9993047001901391 0.0006952998098609806, 
56, 000000, 000000, 7.32212597155083e-05, 7.32212597155083e-05, 0.999560672441707 0.00043932755829304986, 
57, 000000, 000000, 8.57680391630204e-05, 8.57680391630204e-05, 0.9994853917650218 0.0005146082349781224, 
58, 000000, 000000, 0.0, 0.0, 1.0, 
59, 000000, 000000, 0.0, 0.0, 1.0, 
60, 000000, 000000, 0.0, 0.0, 1.0, 
61, 000000, 000000, 6.755321917433951e-06, 6.755321917433951e-06, 0.9999594680684953 4.053193150460371e-05, 
62, 000000, 000000, 2.060539941699856e-05, 2.060539941699856e-05, 0.9998763676034981 0.00012363239650199135, 
63, 000000, 000000, 1.661388525197e-05, 1.661388525197e-05, 0.9999003166884882 9.968331151182e-05, 
64, 000000, 000000, 0.00010757014947913027, 0.00010757014947913027, 0.9993545791031252 0.0006454208968747816, 
65, 000000, 000000, 0.0, 0.0, 1.0, 
66, 000000, 000000, 0.0, 0.0, 1.0, 
67, 000000, 000000, 3.543980699552373e-07, 3.543980699552373e-07, 0.9999978736115802 2.126388419731424e-06, 
68, 000000, 000000, 0.0, 0.0, 1.0, 
69, 000000, 000000, 2.137468676619965e-05, 2.137468676619965e-05, 0.9998717518794027 0.00012824812059719791, 
70, 000000, 000000, 3.075675589609535e-05, 3.075675589609535e-05, 0.9998154594646235 0.0001845405353765721, 
71, 000000, 000000, 3.4173942993166754e-05, 3.4173942993166754e-05, 0.999794956342041 0.00020504365795900054, 
72, 000000, 000000, 0.0, 0.0, 1.0, 
73, 000000, 000000, 0.0, 0.0, 1.0, 
74, 000000, 000000, 6.277686550365488e-05, 6.277686550365488e-05, 0.9996233388069781 0.00037666119302192925, 
75, 000000, 000000, 5.1102669947277626e-05, 5.1102669947277626e-05, 0.9996933839803163 0.0003066160196836658, 
76, 000000, 000000, 0.0, 0.0, 1.0, 
77, 000000, 000000, 3.763834799474273e-05, 3.763834799474273e-05, 0.9997741699120316 0.00022583008796845638, 
78, 000000, 000000, 0.0, 0.0, 1.0, 
79, 000000, 000000, 0.0, 0.0, 1.0, 
80, 000000, 000000, 2.4871290900045568e-05, 2.4871290900045568e-05, 0.9998507722545996 0.00014922774540027342, 
81, 000000, 000000, 5.5517034091689037e-05, 5.5517034091689037e-05, 0.9996668977954499 0.0003331022045501342, 
82, 000000, 000000, 0.0, 0.0, 1.0, 
83, 000000, 000000, 0.0, 0.0, 1.0, 
84, 000000, 000000, 0.0, 0.0, 1.0, 
85, 000000, 000000, 0.0, 0.0, 1.0, 
86, 000000, 000000, 0.0, 0.0, 1.0, 
87, 000000, 000000, 1.7936719113523932e-05, 1.7936719113523932e-05, 0.999892379685319 0.00010762031468114359, 
88, 000000, 000000, 1.1535450934938279e-05, 1.1535450934938279e-05, 0.9999307872943903 6.921270560962967e-05, 
89, 000000, 000000, 1.3106358814623153e-05, 1.3106358814623153e-05, 0.9999213618471122 7.863815288773893e-05, 
90, 000000, 000000, 0.0, 0.0, 1.0, 
91, 000000, 000000, 0.0, 0.0, 1.0, 
92, 000000, 000000, 0.0, 0.0, 1.0, 
93, 000000, 000000, 0.0, 0.0, 1.0, 
94, 000000, 000000, 0.0001242044462447644, 0.0001242044462447644, 0.9992547733225313 0.0007452266774685864, 
95, 000000, 000000, 0.0, 0.0, 1.0, 
96, 000000, 000000, 0.0, 0.0, 1.0, 
97, 000000, 000000, 6.19782908702923e-05, 6.19782908702923e-05, 0.9996281302547783 0.00037186974522175376, 
98, 000000, 000000, 0.00010270000772023662, 0.00010270000772023662, 0.9993837999536785 0.0006162000463214197, 
99, 000000, 000000, 0.0, 0.0, 1.0, 
100, 000000, 000000, 0.0, 0.0, 1.0, 
