run, initial grid state, final grid state, mean grid cell occupancy, mean binding site occupancy, fraction of time with N TFs bound, warning
1, 000000, 000000, 5.858581456424178e-06, 5.858581456424178e-06, 0.9999648485112614 3.515148873854507e-05, 
2, 111111, 111111, 0.9539842116434027, 0.9539842116434027, 0.0 0.0 0.0 0.002283041570761004 0.029247183833446287 0.21075123776040783 0.7577185368353848, 
3, 000000, 000000, 5.728941968300601e-06, 5.728941968300601e-06, 0.9999656263481902 3.437365180980361e-05, 
4, 000000, 000000, 5.7383990993812955e-06, 5.7383990993812955e-06, 0.9999655696054037 3.443039459628777e-05, 
5, 000000, 000000, 5.919075615166963e-06, 5.919075615166963e-06, 0.9999645021472322 3.548125184470359e-05 1.6600923149097005e-08, 
6, 000000, 000000, 6.096353639083067e-06, 6.096353639083067e-06, 0.9999634218781656 3.65781218344984e-05, 
7, 000000, 000000, 5.749599360466675e-06, 5.749599360466675e-06, 0.9999655024038372 3.449759616280005e-05, 
8, 000000, 000000, 5.731260508301236e-06, 5.731260508301236e-06, 0.9999656124369501 3.438756304980742e-05, 
9, 000000, 000000, 6.037457603384582e-06, 6.037457603384582e-06, 0.9999637752543797 3.6224745620307485e-05, 
10, 000000, 000000, 6.166751549255375e-06, 6.166751549255375e-06, 0.9999629994907046 3.700050929553225e-05, 
11, 000000, 000000, 5.523361873231712e-06, 5.523361873231712e-06, 0.9999668598287605 3.314017123939028e-05, 
12, 000000, 000000, 5.937816857236349e-06, 5.937816857236349e-06, 0.9999643730988567 3.562690114341809e-05, 
13, 000000, 000000, 6.22147064917064e-06, 6.22147064917064e-06, 0.9999626805499106 3.731007628391186e-05 9.373805555989519e-09, 
14, 000000, 000000, 6.1510666127563385e-06, 6.1510666127563385e-06, 0.9999630936003235 3.6906399676538036e-05, 
15, 000000, 000000, 5.968489676828631e-06, 5.968489676828631e-06, 0.999964189061939 3.5810938060971787e-05, 
16, 000000, 000000, 6.075328127988309e-06, 6.075328127988309e-06, 0.9999635480312321 3.645196876792986e-05, 
17, 000000, 000000, 5.5474252975492714e-06, 5.5474252975492714e-06, 0.9999667154482148 3.3284551785295625e-05, 
18, 000000, 000000, 5.997212038921241e-06, 5.997212038921241e-06, 0.9999640167277665 3.598327223352745e-05, 
19, 000000, 000000, 6.080088749464966e-06, 6.080088749464966e-06, 0.9999635194675033 3.64805324967898e-05, 
20, 000000, 000000, 5.759252962171933e-06, 5.759252962171933e-06, 0.9999654444822269 3.45555177730316e-05, 
21, 000000, 000000, 5.510385241915968e-06, 5.510385241915968e-06, 0.9999669376885485 3.306231145149581e-05, 
22, 000000, 000000, 5.919766902425481e-06, 5.919766902425481e-06, 0.9999644813985855 3.5518601414552885e-05, 
23, 000000, 000000, 5.765238862110845e-06, 5.765238862110845e-06, 0.9999654085668273 3.459143317266508e-05, 
24, 000000, 000000, 5.518659897226594e-06, 5.518659897226594e-06, 0.9999668880406165 3.311195938335956e-05, 
25, 000000, 000000, 5.993588313390307e-06, 5.993588313390307e-06, 0.9999640384701196 3.5961529880341844e-05, 
26, 111111, 111111, 0.9549428020657531, 0.9549428020657531, 0.0 0.0 0.0 0.0023832020000054484 0.03363383501017557 0.1959259115851139 0.7680570514047049, 
27, 000000, 000000, 5.586516082940457e-06, 5.586516082940457e-06, 0.9999664809035024 3.3519096497642744e-05, 
28, 111111, 111111, 0.9268125051069795, 0.9268125051069795, 0.0 0.0 0.0016828841309404065 0.0043590804155939945 0.07211749101972936 0.2750812095481202 0.646759334885616, 
29, 000000, 000000, 5.7988184520520196e-06, 5.7988184520520196e-06, 0.9999652070892878 3.479291071231212e-05, 
30, 000000, 000000, 5.937850058982893e-06, 5.937850058982893e-06, 0.9999643728996461 3.562710035389736e-05, 
31, 111111, 111111, 0.9562030370839907, 0.9562030370839907, 0.0 0.0 0.0 0.0 0.02426100371200867 0.21425977007203842 0.7614792262159529, 
32, 000000, 000000, 6.024902444545569e-06, 6.024902444545569e-06, 0.9999638505853328 3.614941466727342e-05, 
33, 111111, 111111, 0.9530581874395312, 0.9530581874395312, 0.0 0.0 0.0 0.0025868900395399005 0.02857051438955926 0.21674917646507447 0.7520934191058264, 
34, 000000, 000000, 5.839705604459776e-06, 5.839705604459776e-06, 0.9999649617663733 3.503823362675866e-05, 
35, 000000, 000000, 6.253983140428299e-06, 6.253983140428299e-06, 0.9999624761011575 3.75238988425698e-05, 
36, 000000, 000000, 5.702950806346895e-06, 5.702950806346895e-06, 0.9999657822951619 3.4217704838081375e-05, 
37, 000000, 000000, 5.5655865703037205e-06, 5.5655865703037205e-06, 0.9999666064805782 3.339351942182233e-05, 
38, 000000, 000000, 5.981131109856622e-06, 5.981131109856622e-06, 0.9999641132133409 3.588678665913973e-05, 
39, 000000, 000000, 5.594419204943571e-06, 5.594419204943571e-06, 0.9999664334847704 3.356651522966142e-05, 
40, 000000, 000000, 5.567947020700727e-06, 5.567947020700727e-06, 0.9999665923178759 3.3407682124204364e-05, 
41, 000000, 000000, 6.020270963073717e-06, 6.020270963073717e-06, 0.9999638783742214 3.6121625778442305e-05, 
42, 000000, 000000, 5.749374216834736e-06, 5.749374216834736e-06, 0.9999655037546991 3.449624530100842e-05, 
43, 000000, 000000, 5.7647547199960904e-06, 5.7647547199960904e-06, 0.99996541147168 3.458852831997654e-05, 
44, 000000, 000000, 5.9766880653328265e-06, 5.9766880653328265e-06, 0.999964139871608 3.586012839199696e-05, 
45, 000000, 000000, 5.55967048478313e-06, 5.55967048478313e-06, 0.9999666419770914 3.335802290869878e-05, 
46, 000000, 000000, 5.955231589585136e-06, 5.955231589585136e-06, 0.9999642686104625 3.5731389537510816e-05, 
47, 111111, 111111, 0.9626035750301897, 0.9626035750301897, 0.0 0.0 0.0 0.0 0.025901139683997685 0.17257627045086663 0.8015225898651356, 
48, 000000, 000000, 6.111198266602983e-06, 6.111198266602983e-06, 0.9999633328104003 3.66671895996179e-05, 
49, 000000, 000000, 6.284445819908706e-06, 6.284445819908706e-06, 0.9999622933250806 3.770667491945224e-05, 
50, 000000, 000000, 5.973751130134915e-06, 5.973751130134915e-06, 0.9999641574932191 3.584250678080949e-05, 
51, 000000, 000000, 5.996928101531843e-06, 5.996928101531843e-06, 0.9999640184313908 3.598156860919106e-05, 
52, 000000, 000000, 5.702877319374555e-06, 5.702877319374555e-06, 0.9999657827360838 3.421726391624733e-05, 
53, 000000, 000000, 6.097894993542849e-06, 6.097894993542849e-06, 0.9999634126300387 3.65873699612571e-05, 
54, 111110, 011111, 0.9358797483501798, 0.9358797483501798, 0.0 0.0 0.001535230403824615 0.003195920395443875 0.07748526015315314 0.2140223067909838 0.7037612822565946, 
55, 000000, 000000, 5.875455301204363e-06, 5.875455301204363e-06, 0.9999647472681927 3.525273180722617e-05, 
56, 000000, 000000, 6.002318435723371e-06, 6.002318435723371e-06, 0.9999639860893855 3.601391061434023e-05, 
57, 011111, 111111, 0.948403429925439, 0.948403429925439, 0.0 0.0 0.0 0.0009534453306337733 0.03494915423222731 0.23682077599100979 0.7272766244461292, 
58, 000000, 000000, 6.254942506412321e-06, 6.254942506412321e-06, 0.9999624703449616 3.752965503847393e-05, 
59, 000000, 000000, 5.880656803045965e-06, 5.880656803045965e-06, 0.9999647160591816 3.528394081827579e-05, 
60, 000000, 000000, 6.1465789440027524e-06, 6.1465789440027524e-06, 0.9999631205263361 3.6879473664016515e-05, 
61, 000000, 000000, 5.711328683507976e-06, 5.711328683507976e-06, 0.9999657320278988 3.4267972101047854e-05, 
62, 000000, 000000, 5.823468613812437e-06, 5.823468613812437e-06, 0.999965059188317 3.494081168287463e-05, 
63, 111111, 011111, 0.9519213971086943, 0.9519213971086943, 0.0 0.0 0.0 0.0 0.027921094749559013 0.23262942784871704 0.739449477401724, 
64, 000000, 000000, 5.938054844026156e-06, 5.938054844026156e-06, 0.9999643716709359 3.562832906415694e-05, 
65, 000000, 000000, 6.191307118359276e-06, 6.191307118359276e-06, 0.9999628521572899 3.7147842710155654e-05, 
66, 000000, 000000, 6.09977533041833e-06, 6.09977533041833e-06, 0.9999634013480174 3.6598651982509984e-05, 
67, 000000, 000000, 6.216284190053665e-06, 6.216284190053665e-06, 0.9999627022948596 3.729770514032199e-05, 
68, 000000, 000000, 5.707166133674952e-06, 5.707166133674952e-06, 0.9999657570031979 3.424299680204972e-05, 
69, 111111, 111111, 0.9405334956016417, 0.9405334956016417, 0.0 0.0 0.0019429169355536864 0.018441634912417414 0.051684426425784434 0.19033360105911337 0.7375974206671312, 
70, 000000, 000000, 6.0229789625981555e-06, 6.0229789625981555e-06, 0.9999638621262243 3.6137873775588935e-05, 
71, 000000, 000000, 5.932306897388736e-06, 5.932306897388736e-06, 0.9999644061586157 3.5593841384332415e-05, 
72, 000000, 000000, 5.678850310592251e-06, 5.678850310592251e-06, 0.9999659268981363 3.40731018635535e-05, 
73, 111110, 001111, 0.9443414916437751, 0.9443414916437751, 0.0 0.0 0.0 0.00728301232518673 0.0460362275640106 0.22002955803376748 0.7266512020770352, 
74, 000000, 000000, 5.684087523562681e-06, 5.684087523562681e-06, 0.9999658954748586 3.410452514137609e-05, 
75, 111111, 111111, 0.9508090647305956, 0.9508090647305956, 0.0 0.0 0.0 0.005765058187031353 0.04177217987179269 0.19430607731174837 0.7581566846294275, 
76, 000000, 000000, 5.774728841149802e-06, 5.774728841149802e-06, 0.9999653516269531 3.4648373046898816e-05, 
77, 000000, 000000, 5.460822105672462e-06, 5.460822105672462e-06, 0.9999672350673661 3.276493263403478e-05, 
78, 000000, 000000, 5.83793539729733e-06, 5.83793539729733e-06, 0.9999649723876162 3.5027612383783984e-05, 
79, 000000, 000000, 6.0747832153236535e-06, 6.0747832153236535e-06, 0.9999635752801171 3.6400740473670895e-05 2.3979409135510816e-08, 
80, 000000, 000000, 5.296919153133674e-06, 5.296919153133674e-06, 0.9999682184850812 3.178151491880205e-05, 
81, 000000, 000000, 5.6508400922515725e-06, 5.6508400922515725e-06, 0.9999660949594465 3.390504055350943e-05, 
82, 000000, 000000, 5.417587957280013e-06, 5.417587957280013e-06, 0.9999674944722563 3.250552774368008e-05, 
83, 111111, 111111, 0.9601357893393112, 0.9601357893393112, 0.0 0.0 0.0 0.00032973504509566294 0.027237909840795802 0.18372023914725408 0.7887121159668544, 
84, 000000, 000000, 5.811837400676315e-06, 5.811837400676315e-06, 0.999965128975596 3.4871024404057895e-05, 
85, 000000, 000000, 6.3759374824405245e-06, 6.3759374824405245e-06, 0.9999617443751054 3.825562489464315e-05, 
86, 000000, 000000, 5.881561779306607e-06, 5.881561779306607e-06, 0.999964716381632 3.527786606032023e-05 5.7523077597098584e-09, 
87, 000000, 000000, 6.22193780551857e-06, 6.22193780551857e-06, 0.9999626683731669 3.7331626833111417e-05, 
88, 111111, 000000, 0.06029850198429052, 0.06029850198429052, 0.9305960353865594 3.281486466910455e-05 0.0056443693897612135 0.00154028764000443 0.0069167490728855785 0.013436862826725677 0.041832880819394624, 
89, 000000, 000000, 6.130597182633e-06, 6.130597182633e-06, 0.9999632164169042 3.6783583095797995e-05, 
90, 000000, 000000, 5.9680839383703885e-06, 5.9680839383703885e-06, 0.9999641914963698 3.580850363022233e-05, 
91, 000000, 000000, 5.871316684370101e-06, 5.871316684370101e-06, 0.9999647720998938 3.5227900106220603e-05, 
92, 000000, 000000, 5.862291885914222e-06, 5.862291885914222e-06, 0.9999648262486845 3.5173751315485334e-05, 
93, 111111, 111111, 0.9503136235246874, 0.9503136235246874, 0.0 0.0 0.0 0.005868116317064606 0.030878784508325107 0.21875634088403192 0.7444967582905783, 
94, 000000, 000000, 5.584261530087778e-06, 5.584261530087778e-06, 0.9999664944308194 3.350556918052667e-05, 
95, 000000, 000000, 5.920893515589987e-06, 5.920893515589987e-06, 0.9999644746389065 3.5525361093539926e-05, 
96, 011110, 011111, 0.9422609758219431, 0.9422609758219431, 0.0 0.0 0.0 0.008686153030617818 0.04613317525370162 0.22810933546908393 0.7170713362465966, 
97, 000000, 000000, 6.1606262271347e-06, 6.1606262271347e-06, 0.9999630362426372 3.6963757362808195e-05, 
98, 000000, 000000, 5.981599909520202e-06, 5.981599909520202e-06, 0.9999641104005429 3.588959945712121e-05, 
99, 000000, 000000, 5.978676301948938e-06, 5.978676301948938e-06, 0.9999641279421883 3.587205781169363e-05, 
100, 000000, 000000, 5.954615160941871e-06, 5.954615160941871e-06, 0.9999642723090344 3.572769096565123e-05, 
