run, initial grid state, final grid state, mean grid cell occupancy, mean binding site occupancy, fraction of time with N TFs bound, warning
1, 000000, 000000, 2.4523908264610073e-05, 2.4523908264610073e-05, 0.9998528565504122 0.00014714344958766045, 
2, 000000, 000000, 2.39913219084646e-05, 2.39913219084646e-05, 0.9998560520685493 0.00014394793145078763, 
3, 000000, 000000, 2.333407434942492e-05, 2.333407434942492e-05, 0.9998599955539034 0.00014000444609654953, 
4, 000000, 000000, 2.3688973369820015e-05, 2.3688973369820015e-05, 0.999857883890198 0.00014209837938496301 1.7730416978524215e-08, 
5, 000000, 000000, 2.3422631077060696e-05, 2.3422631077060696e-05, 0.9998594664065878 0.000140531400361835 2.1930502645973465e-09, 
6, 000000, 000000, 2.312626333935816e-05, 2.312626333935816e-05, 0.999861242419964 0.00013875758003614893, 
7, 000000, 000000, 2.3344373325508865e-05, 2.3344373325508865e-05, 0.9998599337600469 0.00014006623995305322, 
8, 000000, 000000, 2.4460270887767495e-05, 2.4460270887767495e-05, 0.9998533111945367 0.00014661598560009785 7.281986325355132e-08, 
9, 000000, 000000, 2.5353482591809846e-05, 2.5353482591809846e-05, 0.999847879104449 0.00015212089555085908, 
10, 000000, 000000, 2.3356706489808548e-05, 2.3356706489808548e-05, 0.9998598597610611 0.0001401402389388513, 
11, 000000, 000000, 2.2391776972165506e-05, 2.2391776972165506e-05, 0.999865649338167 0.00013435066183299305, 
12, 000000, 000000, 2.3447358872840327e-05, 2.3447358872840327e-05, 0.9998596335682398 0.00014004871028348647 3.177214767777417e-07, 
13, 000000, 000000, 2.419258935174236e-05, 2.419258935174236e-05, 0.9998548444638895 0.00014515553611045418, 
14, 000000, 000000, 2.2597947920357098e-05, 2.2597947920357098e-05, 0.9998645176313787 0.000135377049720292 1.0531890092529679e-07, 
15, 000000, 000000, 2.3379379188983484e-05, 2.3379379188983484e-05, 0.9998597237248661 0.00014027627513390093, 
16, 000000, 000000, 2.3408865140438984e-05, 2.3408865140438984e-05, 0.9998595468091575 0.0001404531908426339, 
17, 000000, 000000, 2.4190745582176436e-05, 2.4190745582176436e-05, 0.9998548555265071 0.0001451444734930586, 
18, 000000, 000000, 2.3474465035003272e-05, 2.3474465035003272e-05, 0.9998591532097899 0.00014084679021001965, 
19, 000000, 000000, 2.4176423208201875e-05, 2.4176423208201875e-05, 0.9998549439884153 0.0001450534839197294 2.527664740933904e-09, 
20, 000000, 000000, 2.2919729649706742e-05, 2.2919729649706742e-05, 0.9998624816221017 0.00013751837789824047, 
21, 000000, 000000, 2.4011578039195554e-05, 2.4011578039195554e-05, 0.9998559305317649 0.00014406946823517335, 
22, 000000, 000000, 2.4385227671643465e-05, 2.4385227671643465e-05, 0.9998536886339702 0.00014631136602986076, 
23, 000000, 000000, 2.3953619731911445e-05, 2.3953619731911445e-05, 0.9998562782816086 0.00014372171839146866, 
24, 000000, 000000, 2.310592749171449e-05, 2.310592749171449e-05, 0.9998613644350496 0.00013863556495028695, 
25, 000000, 000000, 2.3031697341957863e-05, 2.3031697341957863e-05, 0.9998618098159482 0.00013819018405174718, 
26, 000000, 000000, 2.3260344564688262e-05, 2.3260344564688262e-05, 0.9998604379326119 0.00013956206738812958, 
27, 000000, 000000, 2.302089854239181e-05, 2.302089854239181e-05, 0.9998618746087455 0.0001381253912543509, 
28, 000000, 000000, 2.474117062199285e-05, 2.474117062199285e-05, 0.9998515833032726 0.000148386369722977 3.032700449005032e-08, 
29, 000000, 000000, 2.4088050975324334e-05, 2.4088050975324334e-05, 0.9998554716941481 0.00014452830585194603, 
30, 000000, 000000, 0.0003997087347949955, 0.0003997087347949955, 0.9987298020580979 0.00014215206285576114 0.001128037291224642 8.587821642373778e-09, 
31, 000000, 000000, 2.337063708958206e-05, 2.337063708958206e-05, 0.9998597761774625 0.00014022382253749238, 
32, 000000, 000000, 2.3023519835988064e-05, 2.3023519835988064e-05, 0.9998618745621151 0.00013810975675374707 1.5681131090658838e-08, 
33, 000000, 000000, 2.304713706644905e-05, 2.304713706644905e-05, 0.9998617171776013 0.0001382828223986943, 
34, 000000, 000000, 2.2339683162714964e-05, 2.2339683162714964e-05, 0.9998659619010238 0.00013403809897628976, 
35, 000000, 000000, 2.3168711216720048e-05, 2.3168711216720048e-05, 0.9998609877326997 0.00013901226730032027, 
36, 000000, 000000, 2.3308326917602792e-05, 2.3308326917602792e-05, 0.9998601678921463 0.000139814254201984 1.7853651816373988e-08, 
37, 000000, 000000, 2.3485177332348407e-05, 2.3485177332348407e-05, 0.999859088936006 0.00014091106399409046, 
38, 000000, 000000, 2.3858969990687185e-05, 2.3858969990687185e-05, 0.9998568461800559 0.00014315381994412313, 
39, 000000, 000000, 0.00023932667468732575, 0.00023932667468732575, 0.9992083091883659 0.0001474215751440834 0.0006442692364899356, 
40, 000000, 000000, 2.291997073827649e-05, 2.291997073827649e-05, 0.9998624801755703 0.00013751982442965896, 
41, 000000, 000000, 2.3479358180603145e-05, 2.3479358180603145e-05, 0.9998591238509164 0.00014087614908361886, 
42, 000000, 000000, 2.376029104435184e-05, 2.376029104435184e-05, 0.9998574382537339 0.00014256174626611103, 
43, 000000, 000000, 2.456453659864901e-05, 2.456453659864901e-05, 0.9998526127804079 0.00014738721959189406, 
44, 000000, 000000, 2.3281749375605642e-05, 2.3281749375605642e-05, 0.9998603095037465 0.00013969049625363385, 
45, 000000, 000000, 2.477535087791963e-05, 2.477535087791963e-05, 0.9998513478947325 0.0001486521052675178, 
46, 000000, 000000, 2.4359356929823264e-05, 2.4359356929823264e-05, 0.9998539115295909 0.00014602079923910433 6.767116991765215e-08, 
47, 000000, 000000, 2.521095738138923e-05, 2.521095738138923e-05, 0.9998487342557117 0.0001512657442883354, 
48, 000000, 000000, 0.001380999683593865, 0.001380999683593865, 0.99678330583631 0.00013548189272395158 0.0010931206040586685 0.0019880916669073006, 
49, 000000, 000000, 2.2592087536210122e-05, 2.2592087536210122e-05, 0.9998644474747828 0.00013555252521726073, 
50, 000000, 000000, 2.4561667593666326e-05, 2.4561667593666326e-05, 0.999852629994438 0.00014737000556199796, 
51, 000000, 000000, 2.4317622579777758e-05, 2.4317622579777758e-05, 0.9998540942645213 0.00014590573547866657, 
52, 000000, 000000, 2.263402611105412e-05, 2.263402611105412e-05, 0.9998641958433337 0.00013580415666632475, 
53, 000000, 000000, 2.4163070305132937e-05, 2.4163070305132937e-05, 0.9998550215781692 0.00014497842183079765, 
54, 000000, 000000, 2.398257554274517e-05, 2.398257554274517e-05, 0.9998561045467435 0.00014389545325647104, 
55, 000000, 000000, 2.5522955136523184e-05, 2.5522955136523184e-05, 0.9998468622691808 0.0001531377308191391, 
56, 000000, 000000, 2.4122635896917778e-05, 2.4122635896917778e-05, 0.9998552641846185 0.00014473581538150667, 
57, 000000, 000000, 2.331842527980881e-05, 2.331842527980881e-05, 0.9998600894483212 0.0001399105516788529, 
58, 000000, 000000, 2.3951959959928007e-05, 2.3951959959928007e-05, 0.9998562882402404 0.00014371175975956804, 
59, 000000, 000000, 2.4478026292226858e-05, 2.4478026292226858e-05, 0.9998531318422467 0.00014686815775336119, 
60, 000000, 000000, 2.3493877346044536e-05, 2.3493877346044536e-05, 0.9998590367359238 0.00014096326407626723, 
61, 000000, 000000, 2.331704535795988e-05, 2.331704535795988e-05, 0.9998600977278521 0.00013990227214775931, 
62, 000000, 000000, 2.3720622594853863e-05, 2.3720622594853863e-05, 0.9998576762644309 0.00014232373556912322, 
63, 000000, 000000, 2.389045886479005e-05, 2.389045886479005e-05, 0.999856674960197 0.00014330732641720353 1.7713385768393017e-08, 
64, 000000, 000000, 2.446223996630572e-05, 2.446223996630572e-05, 0.9998532718822672 0.00014668279566785582 4.532206498926386e-08, 
65, 000000, 000000, 2.4299437451282713e-05, 2.4299437451282713e-05, 0.9998542093884829 0.00014578459832646152 6.013190617385672e-09, 
66, 000000, 000000, 2.340693165787513e-05, 2.340693165787513e-05, 0.999859583759225 0.0001403908916026278 2.53491723114817e-08, 
67, 000000, 000000, 2.3920277602622104e-05, 2.3920277602622104e-05, 0.9998564783343843 0.00014352166561573264, 
68, 000000, 000000, 2.5289007044621784e-05, 2.5289007044621784e-05, 0.9998482659577324 0.0001517340422677307, 
69, 000000, 000000, 2.5334501310172263e-05, 2.5334501310172263e-05, 0.9998479929921389 0.00015200700786103356, 
70, 000000, 000000, 2.4496375492638306e-05, 2.4496375492638306e-05, 0.9998530217470443 0.00014697825295582987, 
71, 000000, 000000, 2.6367084880448658e-05, 2.6367084880448658e-05, 0.9998417974907173 0.00015820250928269195, 
72, 000000, 000000, 2.358308396386695e-05, 2.358308396386695e-05, 0.9998585014962168 0.0001414985037832017, 
73, 000000, 000000, 2.3317397958506105e-05, 2.3317397958506105e-05, 0.999860095612249 0.00013990438775103665, 
74, 000000, 000000, 2.506785556389253e-05, 2.506785556389253e-05, 0.9998495928666166 0.0001504071333833552, 
75, 000000, 000000, 2.4402170097299796e-05, 2.4402170097299796e-05, 0.9998536029741181 0.0001463810311800443 1.5994701877233307e-08, 
76, 000000, 000000, 2.3876643739298016e-05, 2.3876643739298016e-05, 0.9998567401375641 0.00014325986243578811, 
77, 000000, 000000, 2.3883617015948122e-05, 2.3883617015948122e-05, 0.9998566982979044 0.00014330170209568875, 
78, 000000, 000000, 2.3315960073006243e-05, 2.3315960073006243e-05, 0.9998601042395621 0.00013989576043803745, 
79, 000000, 000000, 2.3725529699735413e-05, 2.3725529699735413e-05, 0.9998576468218016 0.0001423531781984125, 
80, 000000, 000000, 2.257572355729653e-05, 2.257572355729653e-05, 0.9998645456586561 0.0001354543413437792, 
81, 000000, 000000, 2.1759923705562563e-05, 2.1759923705562563e-05, 0.9998694404577666 0.0001305595422333754, 
82, 000000, 000000, 2.454048890138297e-05, 2.454048890138297e-05, 0.9998527570665917 0.00014724293340829785, 
83, 000000, 000000, 2.3857766784780157e-05, 2.3857766784780157e-05, 0.9998568533992914 0.0001431466007086809, 
84, 000000, 000000, 2.4734890922128332e-05, 2.4734890922128332e-05, 0.9998515906544674 0.00014840934553276997, 
85, 000000, 000000, 2.3493241083999257e-05, 2.3493241083999257e-05, 0.9998590405534958 0.00014095944650399555, 
86, 000000, 000000, 2.3270081051310387e-05, 2.3270081051310387e-05, 0.9998604012428568 0.00013957702797840138 2.1729164730473284e-08, 
87, 000000, 000000, 2.4842638567306695e-05, 2.4842638567306695e-05, 0.9998509441685961 0.00014905583140384018, 
88, 000000, 000000, 2.325957571154613e-05, 2.325957571154613e-05, 0.9998604606873065 0.0001395211711176858 1.8141575795506462e-08, 
89, 000000, 000000, 2.4619996422582475e-05, 2.4619996422582475e-05, 0.9998522800214645 0.00014771997853549486, 
90, 000000, 000000, 2.4477215265981855e-05, 2.4477215265981855e-05, 0.999853136708404 0.00014686329159589113, 
91, 000000, 000000, 2.312505726131664e-05, 2.312505726131664e-05, 0.9998612496564321 0.00013875034356789984, 
92, 000000, 000000, 2.4119248593065174e-05, 2.4119248593065174e-05, 0.9998552845084416 0.00014471549155839104, 
93, 000000, 000000, 2.432943219280532e-05, 2.432943219280532e-05, 0.9998540234068433 0.00014597659315683192, 
94, 000000, 000000, 2.5250654723810276e-05, 2.5250654723810276e-05, 0.9998484960716572 0.00015150392834286167, 
95, 000000, 000000, 2.3063715662076258e-05, 2.3063715662076258e-05, 0.9998616177060274 0.00013838229397245756, 
96, 000000, 000000, 2.382826478070473e-05, 2.382826478070473e-05, 0.9998570304113157 0.00014296958868422838, 
97, 000000, 000000, 2.3569070741821913e-05, 2.3569070741821913e-05, 0.9998585855755492 0.00014141442445093149, 
98, 000000, 000000, 0.00016747787516829514, 0.00016747787516829514, 0.9994284182703866 0.00013837853525704334 0.0004331208673160862 8.232704018501361e-08, 
99, 000000, 000000, 2.54869964214419e-05, 2.54869964214419e-05, 0.9998470780214713 0.0001529219785286514, 
100, 000000, 000000, 2.4403156650084475e-05, 2.4403156650084475e-05, 0.9998535810600996 0.00014641893990050684, 
