run, initial grid state, final grid state, mean grid cell occupancy, mean binding site occupancy, fraction of time with N TFs bound, warning
1, 000000, 000000, 5.86526611121976e-06, 5.86526611121976e-06, 0.9999648084033327 3.519159666731856e-05, 
2, 000000, 000000, 6.113898780996745e-06, 6.113898780996745e-06, 0.999963316607314 3.6683392685980474e-05, 
3, 000000, 000000, 5.895855447627202e-06, 5.895855447627202e-06, 0.9999646248673142 3.5375132685763214e-05, 
4, 000000, 000000, 5.946521603006155e-06, 5.946521603006155e-06, 0.999964320870382 3.567912961803693e-05, 
5, 000000, 000000, 5.8575956395181805e-06, 5.8575956395181805e-06, 0.999964854426163 3.514557383710908e-05, 
6, 000000, 000000, 6.042821829369438e-06, 6.042821829369438e-06, 0.9999637430690237 3.625693097621663e-05, 
7, 000000, 000000, 5.738046049994099e-06, 5.738046049994099e-06, 0.9999655717237 3.44282762999646e-05, 
8, 000000, 000000, 5.8554487885745715e-06, 5.8554487885745715e-06, 0.9999648673072685 3.513269273144743e-05, 
9, 000000, 000000, 6.544822244152043e-06, 6.544822244152043e-06, 0.999960731066535 3.9268933464912264e-05, 
10, 000000, 000000, 6.015270586211404e-06, 6.015270586211404e-06, 0.9999639083764826 3.6091623517268426e-05, 
11, 000000, 000000, 5.7799275969036e-06, 5.7799275969036e-06, 0.9999653204344187 3.46795655814216e-05, 
12, 000000, 000000, 5.847330226223833e-06, 5.847330226223833e-06, 0.9999649160186428 3.508398135734299e-05, 
13, 000000, 000000, 5.808548792073046e-06, 5.808548792073046e-06, 0.9999651487072475 3.4851292752438274e-05, 
14, 111110, 111111, 0.9508885169229503, 0.9508885169229503, 0.0 0.0 0.0 0.004004218398141064 0.03897543708178434 0.20470536910430598 0.7523149754157686, 
15, 000000, 000000, 5.662662949028108e-06, 5.662662949028108e-06, 0.9999660240223058 3.397597769416865e-05, 
16, 000000, 000000, 6.304994679104772e-06, 6.304994679104772e-06, 0.9999621700319254 3.782996807462864e-05, 
17, 111111, 011111, 0.9505155783849327, 0.9505155783849327, 0.0 0.0 0.0011178437397720473 0.004146810154506758 0.05039351088208991 0.17920770250361454 0.7651341327200167, 
18, 000000, 000000, 5.696795874383763e-06, 5.696795874383763e-06, 0.9999658192247537 3.4180775246302586e-05, 
19, 000000, 000000, 5.838850554475823e-06, 5.838850554475823e-06, 0.9999649668966731 3.503310332685494e-05, 
20, 000000, 000000, 5.695289883927875e-06, 5.695289883927875e-06, 0.9999658282606965 3.4171739303567254e-05, 
21, 000000, 000000, 5.815619055303847e-06, 5.815619055303847e-06, 0.9999651062856683 3.489371433182308e-05, 
22, 000000, 000000, 6.12029860052372e-06, 6.12029860052372e-06, 0.9999632782083968 3.672179160314233e-05, 
23, 000000, 000000, 5.900995701793868e-06, 5.900995701793868e-06, 0.9999645940257892 3.540597421076321e-05, 
24, 011111, 111111, 0.9560628897345287, 0.9560628897345287, 0.0 0.0 0.0005495900328906913 0.0017835923082360069 0.040729756614687196 0.17461401130718324 0.7823230497370028, 
25, 000000, 000000, 5.782877422637383e-06, 5.782877422637383e-06, 0.9999653027354642 3.46972645358243e-05, 
26, 000000, 000000, 6.261482234950812e-06, 6.261482234950812e-06, 0.9999624311065903 3.7568893409704876e-05, 
27, 000000, 000000, 6.184555121125876e-06, 6.184555121125876e-06, 0.9999628926692733 3.7107330726755256e-05, 
28, 111111, 111111, 0.956096572282384, 0.956096572282384, 0.0 0.0 0.0 0.0030252095644880115 0.03601833563192913 0.18230826634837372 0.7786481884552091, 
29, 000000, 000000, 5.63226504528532e-06, 5.63226504528532e-06, 0.9999662064097283 3.379359027171193e-05, 
30, 000000, 000000, 5.8852705123850315e-06, 5.8852705123850315e-06, 0.9999646883769258 3.531162307431019e-05, 
31, 000000, 000000, 5.838259963569482e-06, 5.838259963569482e-06, 0.9999649704402185 3.50295597814169e-05, 
32, 000000, 111111, 0.18310912502521687, 0.18310912502521687, 0.8023067782997995 2.924782524437682e-05 0.0040860900474270845 0.003670500720090454 0.012224797156288129 0.0355528842611238 0.14212970169002664, 
33, 000000, 000000, 5.779289201246699e-06, 5.779289201246699e-06, 0.9999653242647926 3.46757352074802e-05, 
34, 000000, 000000, 5.6850545163580414e-06, 5.6850545163580414e-06, 0.9999658896729018 3.4110327098148254e-05, 
35, 000000, 000000, 5.753947250784849e-06, 5.753947250784849e-06, 0.9999655059628703 3.4464390754946704e-05 2.9646374881195036e-08, 
36, 111111, 000000, 0.7019359627843228, 0.7019359627843228, 0.25789767608980835 9.891335040087947e-06 0.0005150804416358078 0.012784633348133767 0.025310451129118856 0.14991358601083082 0.5535686816454324, 
37, 000000, 000000, 5.797616100562389e-06, 5.797616100562389e-06, 0.9999652143033966 3.478569660337433e-05, 
38, 000000, 000000, 5.460259026567396e-06, 5.460259026567396e-06, 0.9999672384458406 3.276155415940438e-05, 
39, 000000, 000000, 5.843424484169745e-06, 5.843424484169745e-06, 0.999964939453095 3.506054690501847e-05, 
40, 000000, 000000, 6.108293979800591e-06, 6.108293979800591e-06, 0.9999633502361213 3.664976387880355e-05, 
41, 000000, 000000, 5.8197137576257e-06, 5.8197137576257e-06, 0.9999650817174541 3.491828254575421e-05, 
42, 111111, 111111, 0.9421047056051817, 0.9421047056051817, 0.0 0.0 0.0009905150194093697 0.0067051346048745105 0.052920939871113376 0.21745242273442172 0.721930987770181, 
43, 000000, 000000, 0.0009969094290356308, 0.0009969094290356308, 0.996991404961743 3.5764730359388e-05 0.00297279907983896 3.122805882559961e-08, 
44, 000000, 000000, 5.755706921576251e-06, 5.755706921576251e-06, 0.9999654657584705 3.45342415294575e-05, 
45, 000000, 000000, 5.815639526117344e-06, 5.815639526117344e-06, 0.9999651061628433 3.489383715670406e-05, 
46, 000000, 000000, 5.600026491470239e-06, 5.600026491470239e-06, 0.9999663998410512 3.3600158948821434e-05, 
47, 000000, 000000, 5.833004324608292e-06, 5.833004324608292e-06, 0.9999650019740524 3.4998025947649756e-05, 
48, 000000, 000000, 5.800603139162351e-06, 5.800603139162351e-06, 0.999965196381165 3.480361883497411e-05, 
49, 000000, 000000, 5.827924924958123e-06, 5.827924924958123e-06, 0.9999650324504502 3.4967549549748744e-05, 
50, 000000, 000000, 5.737499272308551e-06, 5.737499272308551e-06, 0.999965575004366 3.4424995633851305e-05, 
51, 000000, 000000, 6.063732301253801e-06, 6.063732301253801e-06, 0.9999636176061923 3.6382393807522804e-05, 
52, 000000, 000000, 5.901013155508667e-06, 5.901013155508667e-06, 0.9999645939210668 3.540607893305201e-05, 
53, 000000, 000000, 5.575251671662291e-06, 5.575251671662291e-06, 0.99996654848997 3.345151002997375e-05, 
54, 000000, 000000, 6.037748265821476e-06, 6.037748265821476e-06, 0.9999637735104052 3.622648959492887e-05, 
55, 000000, 000000, 5.885948500468043e-06, 5.885948500468043e-06, 0.9999646843089971 3.531569100280827e-05, 
56, 000000, 000000, 6.041096786920734e-06, 6.041096786920734e-06, 0.9999637534192785 3.62465807215244e-05, 
57, 000000, 000000, 5.783092203475015e-06, 5.783092203475015e-06, 0.9999653014467792 3.469855322085008e-05, 
58, 000000, 000000, 6.007415431498416e-06, 6.007415431498416e-06, 0.9999639555074109 3.60444925889905e-05, 
59, 000000, 000000, 5.999147081619432e-06, 5.999147081619432e-06, 0.9999640051175103 3.599488248971659e-05, 
60, 000000, 000000, 6.0767583939099244e-06, 6.0767583939099244e-06, 0.9999635394496367 3.6460550363459545e-05, 
61, 000000, 000000, 5.593858523725145e-06, 5.593858523725145e-06, 0.9999664368488578 3.3563151142350877e-05, 
62, 000000, 000000, 6.08086609598458e-06, 6.08086609598458e-06, 0.999963514803424 3.648519657590749e-05, 
63, 000000, 000000, 5.796086251183811e-06, 5.796086251183811e-06, 0.9999652234824928 3.4776517507102865e-05, 
64, 000000, 000000, 5.72267051222972e-06, 5.72267051222972e-06, 0.9999656639769267 3.433602307337832e-05, 
65, 000000, 000000, 6.061501749750484e-06, 6.061501749750484e-06, 0.9999636309895015 3.63690104985029e-05, 
66, 000000, 000000, 5.887226413109153e-06, 5.887226413109153e-06, 0.9999646766415213 3.532335847865492e-05, 
67, 000000, 000000, 5.94734760540966e-06, 5.94734760540966e-06, 0.9999643159143676 3.5684085632457965e-05, 
68, 111111, 011111, 0.948071900809603, 0.948071900809603, 0.0 0.0 0.0 0.006983559011525484 0.037502960343378536 0.21561199742104808 0.7399014832240478, 
69, 000000, 000000, 6.1812588064676506e-06, 6.1812588064676506e-06, 0.9999629124471611 3.7087552838805895e-05, 
70, 000000, 000000, 5.7455087397228375e-06, 5.7455087397228375e-06, 0.9999655269475616 3.4473052438337025e-05, 
71, 000000, 000000, 5.8498387145313445e-06, 5.8498387145313445e-06, 0.9999649009677128 3.509903228718807e-05, 
72, 000000, 000000, 6.010847775968945e-06, 6.010847775968945e-06, 0.9999639349133441 3.606508665581368e-05, 
73, 000000, 000000, 5.814774665389664e-06, 5.814774665389664e-06, 0.9999651113520078 3.488864799233798e-05, 
74, 000000, 000000, 6.005275621345719e-06, 6.005275621345719e-06, 0.9999639683462719 3.603165372807431e-05, 
75, 111110, 111111, 0.9370062300504366, 0.9370062300504366, 0.0 0.0 0.0 0.009445109161342518 0.052273798622759 0.2450796949678349 0.6932013972480636, 
76, 000000, 000000, 6.101498326845652e-06, 6.101498326845652e-06, 0.999963391010039 3.6608989961073924e-05, 
77, 000000, 000000, 5.620444594868897e-06, 5.620444594868897e-06, 0.9999662773324308 3.372266756921338e-05, 
78, 000000, 000000, 6.140248893971227e-06, 6.140248893971227e-06, 0.9999631585066361 3.684149336382736e-05, 
79, 111111, 111111, 0.9364344312574073, 0.9364344312574073, 0.0 0.0 0.0007219118340024008 0.009751717505732163 0.06758450964408186 0.21408159331418647 0.7078602677019972, 
80, 000000, 000000, 5.759628584674563e-06, 5.759628584674563e-06, 0.9999654548267426 3.4532575006673393e-05 1.2598250686993649e-08, 
81, 000000, 000000, 5.915288298247983e-06, 5.915288298247983e-06, 0.9999645082702104 3.5491729789487904e-05, 
82, 000000, 000000, 5.969692475192767e-06, 5.969692475192767e-06, 0.9999641818451488 3.5818154851156605e-05, 
83, 000000, 000000, 5.994779203787159e-06, 5.994779203787159e-06, 0.9999640313247773 3.596867522272296e-05, 
84, 111110, 111111, 0.9568478765647979, 0.9568478765647979, 0.0 0.0 0.0 0.013264244631143732 0.020515347795656783 0.1780893111264686 0.7881310964467308, 
85, 000000, 000000, 5.595855499237656e-06, 5.595855499237656e-06, 0.9999664248670045 3.3575132995425934e-05, 
86, 111111, 111111, 0.9481109071464345, 0.9481109071464345, 0.0 0.0 0.0 0.008275477483284503 0.05375141505196963 0.17900529456759884 0.7589678128971471, 
87, 000000, 000000, 5.9390434446482486e-06, 5.9390434446482486e-06, 0.9999643657393321 3.563426066788949e-05, 
88, 000000, 000000, 6.19267928098096e-06, 6.19267928098096e-06, 0.9999628439243141 3.715607568588576e-05, 
89, 000000, 000000, 5.883980764767783e-06, 5.883980764767783e-06, 0.9999646961154114 3.53038845886067e-05, 
90, 000000, 000000, 5.982293707687147e-06, 5.982293707687147e-06, 0.9999641062377538 3.589376224612288e-05, 
91, 000000, 000000, 6.215329544372171e-06, 6.215329544372171e-06, 0.9999627080227338 3.729197726623303e-05, 
92, 000000, 000000, 5.913555328094539e-06, 5.913555328094539e-06, 0.9999645186680314 3.5481331968567234e-05, 
93, 000000, 000000, 6.209963409262276e-06, 6.209963409262276e-06, 0.9999627402195445 3.725978045557366e-05, 
94, 000000, 000000, 5.949301162990417e-06, 5.949301162990417e-06, 0.9999643041930221 3.5695806977942493e-05, 
95, 000000, 000000, 5.764113334758388e-06, 5.764113334758388e-06, 0.9999654153199915 3.4584680008550337e-05, 
96, 000000, 000000, 5.845165707442984e-06, 5.845165707442984e-06, 0.9999649290057553 3.5070994244657905e-05, 
97, 000000, 000000, 5.8420593324455256e-06, 5.8420593324455256e-06, 0.9999649476440053 3.505235599467316e-05, 
98, 000000, 000000, 5.859424287936435e-06, 5.859424287936435e-06, 0.9999648434542723 3.515654572761861e-05, 
99, 000000, 000000, 5.7134225855206494e-06, 5.7134225855206494e-06, 0.9999657194644869 3.42805355131239e-05, 
100, 000000, 000000, 5.690086454501725e-06, 5.690086454501725e-06, 0.9999658594812731 3.4140518727010356e-05, 
