run, initial grid state, final grid state, mean grid cell occupancy, mean binding site occupancy, fraction of time with N TFs bound, warning
1, 000000, 000000, 1.991065538887832e-05, 1.991065538887832e-05, 0.9998805360676668 0.00011946393233326995, 
2, 000000, 000000, 1.9797150136438594e-05, 1.9797150136438594e-05, 0.9998812170991813 0.00011878290081863158, 
3, 000000, 000000, 2.0241080723409638e-05, 2.0241080723409638e-05, 0.9998785535156595 0.00012144648434045784, 
4, 000000, 000000, 2.0059754583604e-05, 2.0059754583604e-05, 0.9998796414724984 0.00012035852750162401, 
5, 000000, 000000, 1.9828528343924543e-05, 1.9828528343924543e-05, 0.9998810567303913 0.00011891536915377831 2.7900454884483696e-08, 
6, 000000, 000000, 2.1466326929539637e-05, 2.1466326929539637e-05, 0.9998712020384226 0.00012879796157723783, 
7, 000000, 000000, 1.9822333283110332e-05, 1.9822333283110332e-05, 0.9998810660003014 0.000118933999698662, 
8, 000000, 000000, 1.991242267666331e-05, 1.991242267666331e-05, 0.9998805254639399 0.00011947453605997985, 
9, 000000, 000000, 1.9280409045305706e-05, 1.9280409045305706e-05, 0.9998843175457282 0.00011568245427183423, 
10, 000000, 000000, 2.01760298881414e-05, 2.01760298881414e-05, 0.9998789921987757 0.0001209594231196566 4.837810459591093e-08, 
11, 000000, 000000, 2.0567162157612894e-05, 2.0567162157612894e-05, 0.9998765970270544 0.00012340297294567736, 
12, 000000, 000000, 1.9910647023592626e-05, 1.9910647023592626e-05, 0.9998805361178584 0.00011946388214155576, 
13, 000000, 000000, 2.0222978331605524e-05, 2.0222978331605524e-05, 0.9998786621300103 0.00012133786998963314, 
14, 000000, 000000, 1.88290438839244e-05, 1.88290438839244e-05, 0.9998870257366965 0.0001129742633035464, 
15, 000000, 000000, 1.999822114496218e-05, 1.999822114496218e-05, 0.9998800106731303 0.00011998932686977309, 
16, 000000, 000000, 1.8968161488263034e-05, 1.8968161488263034e-05, 0.9998861910310705 0.0001138089689295782, 
17, 000000, 000000, 2.0812136194893206e-05, 2.0812136194893206e-05, 0.9998751379743556 0.00012485123411949423 1.0791524932498023e-08, 
18, 000000, 000000, 1.925006050917789e-05, 1.925006050917789e-05, 0.9998844996369449 0.00011550036305506735, 
19, 000000, 000000, 1.935495834977979e-05, 1.935495834977979e-05, 0.9998838702499012 0.00011612975009867875, 
20, 000000, 000000, 1.9154631611687356e-05, 1.9154631611687356e-05, 0.99988507221033 0.00011492778967012414, 
21, 000000, 000000, 2.090343876184767e-05, 2.090343876184767e-05, 0.9998745827712815 0.00012541382486597885 3.4038525535946796e-09, 
22, 000000, 000000, 2.0747188255643743e-05, 2.0747188255643743e-05, 0.999875516870466 0.00012448312953386247, 
23, 000000, 000000, 1.9424161091445822e-05, 1.9424161091445822e-05, 0.9998834550334513 0.00011654496654867495, 
24, 000000, 000000, 2.1167585670539985e-05, 2.1167585670539985e-05, 0.9998729944859767 0.00012700551402323987, 
25, 000000, 000000, 1.9846851467546883e-05, 1.9846851467546883e-05, 0.9998809188911948 0.00011908110880528132, 
26, 000000, 000000, 1.955048848779698e-05, 1.955048848779698e-05, 0.9998827892032317 0.00011711866261001342 9.213415838423228e-08, 
27, 000000, 000000, 2.0675431384406377e-05, 2.0675431384406377e-05, 0.9998759474116935 0.0001240525883064383, 
28, 000000, 000000, 1.9848321657506227e-05, 1.9848321657506227e-05, 0.99988095147167 0.00011900712671475174 4.1401615142822264e-08, 
29, 000000, 000000, 1.9881482719030463e-05, 1.9881482719030463e-05, 0.9998807111036858 0.00011928889631418277, 
30, 000000, 000000, 1.999847799327059e-05, 1.999847799327059e-05, 0.9998800290536625 0.000119951024715298 1.9921622162773494e-08, 
31, 000000, 000000, 2.049840988698851e-05, 2.049840988698851e-05, 0.999877009540678 0.0001229904593219311, 
32, 000000, 000000, 1.990465829711237e-05, 1.990465829711237e-05, 0.9998805720502173 0.00011942794978267423, 
33, 000000, 000000, 2.0757517464738723e-05, 2.0757517464738723e-05, 0.9998754548952116 0.00012454510478843235, 
34, 000000, 000000, 1.9698158139827012e-05, 1.9698158139827012e-05, 0.9998818110511609 0.00011818894883896206, 
35, 000000, 000000, 1.9858787802485423e-05, 1.9858787802485423e-05, 0.999880847273185 0.00011915272681491254, 
36, 000000, 000000, 2.0472732081186125e-05, 2.0472732081186125e-05, 0.9998771636075129 0.00012283639248711676, 
37, 000000, 000000, 1.9994467897619523e-05, 1.9994467897619523e-05, 0.9998800331926143 0.00011996680738571714, 
38, 000000, 000000, 2.0222398580969713e-05, 2.0222398580969713e-05, 0.9998786656085141 0.00012133439148581829, 
39, 000000, 000000, 1.8309497592881206e-05, 1.8309497592881206e-05, 0.9998901430144427 0.00010985698555728724, 
40, 000000, 011110, 0.06748290633069409, 0.06748290633069409, 0.9203664138044566 0.0001120426310349076 0.002457456166218689 0.006721074168634073 0.010556024547442481 0.021238769768259523 0.038548218913953755, 
41, 000000, 000000, 2.037900859737354e-05, 2.037900859737354e-05, 0.9998777259484157 0.00012227405158424126, 
42, 000000, 000000, 2.1467201979237924e-05, 2.1467201979237924e-05, 0.9998711967881246 0.00012880321187542756, 
43, 000000, 000000, 2.0479366719691165e-05, 2.0479366719691165e-05, 0.9998771237996819 0.000122876200318147, 
44, 000000, 000000, 0.06892666611747045, 0.06892666611747045, 0.918216670743561 0.00010923411089214013 0.007702010934005805 0.003074011007745152 0.006361192697236253 0.023841346125619806 0.04069553438093991, 
45, 000000, 000000, 2.068986215911236e-05, 2.068986215911236e-05, 0.9998758608270454 0.00012413917295467418, 
46, 000000, 000000, 1.9933172264420943e-05, 1.9933172264420943e-05, 0.9998804009664135 0.00011959903358652566, 
47, 000000, 000000, 1.9594519336726776e-05, 1.9594519336726776e-05, 0.9998824328839796 0.00011756711602036066, 
48, 000000, 000000, 2.0599119191435774e-05, 2.0599119191435774e-05, 0.9998764052848514 0.00012359471514861463, 
49, 000000, 000000, 1.9694552990248192e-05, 1.9694552990248192e-05, 0.9998818326820584 0.00011816731794148914, 
50, 000000, 000000, 2.0014640235700124e-05, 2.0014640235700124e-05, 0.9998799121585858 0.00012008784141420076, 
51, 000000, 000000, 0.002533919179510291, 0.002533919179510291, 0.9941458009861257 0.00011710778077793482 0.0021248664030052364 0.003612224830091113, 
52, 000000, 000000, 1.9748174928091297e-05, 1.9748174928091297e-05, 0.9998815341577997 0.0001184426348319817 2.320736828304472e-08, 
53, 000000, 000000, 2.0448897715563485e-05, 2.0448897715563485e-05, 0.9998773519011256 0.00012260281145528757 4.528741904667445e-08, 
54, 000000, 000000, 2.0149485812970276e-05, 2.0149485812970276e-05, 0.9998791030851222 0.00012089691487782166, 
55, 000000, 000000, 2.0615648587323658e-05, 2.0615648587323658e-05, 0.999876306108476 0.00012369389152394196, 
56, 000000, 000000, 2.0235956849552833e-05, 2.0235956849552833e-05, 0.9998785842589027 0.00012141574109731701, 
57, 000000, 000000, 1.9052382155931798e-05, 1.9052382155931798e-05, 0.9998856857070645 0.0001143142929355908, 
58, 000000, 000000, 2.0368326918988763e-05, 2.0368326918988763e-05, 0.9998777900384861 0.00012220996151393257, 
59, 000000, 000000, 2.0749959706783015e-05, 2.0749959706783015e-05, 0.9998755002417593 0.00012449975824069807, 
60, 000000, 000000, 2.04414840885853e-05, 2.04414840885853e-05, 0.9998773510954685 0.0001226489045315118, 
61, 000000, 000000, 1.9298788217134138e-05, 1.9298788217134138e-05, 0.9998842072706972 0.00011579272930280481, 
62, 000000, 000000, 2.055106928437844e-05, 2.055106928437844e-05, 0.9998766935842938 0.00012330641570627068, 
63, 000000, 000000, 1.9305067754032273e-05, 1.9305067754032273e-05, 0.9998841769691423 0.00011581565519113862 7.3756665275210415e-09, 
64, 000000, 000000, 1.9699093770643562e-05, 1.9699093770643562e-05, 0.9998818054373761 0.00011819456262386136, 
65, 000000, 000000, 1.9905131691349574e-05, 1.9905131691349574e-05, 0.9998805692098519 0.00011943079014809745, 
66, 000000, 000000, 2.022421159183577e-05, 2.022421159183577e-05, 0.999878654730449 0.0001213452695510146, 
67, 000000, 000000, 2.0104547287195973e-05, 2.0104547287195973e-05, 0.9998793727162769 0.00012062728372317582, 
68, 000000, 000000, 2.0926654648435642e-05, 2.0926654648435642e-05, 0.9998744400721095 0.00012555992789061384, 
69, 000000, 000000, 2.0909029150334943e-05, 2.0909029150334943e-05, 0.999874545825098 0.00012545417490200967, 
70, 000000, 000000, 1.9785888488924558e-05, 1.9785888488924558e-05, 0.9998812861610981 0.00011871234687043289 1.4920315572193689e-09, 
71, 000000, 000000, 2.0535884174933697e-05, 2.0535884174933697e-05, 0.9998767846949503 0.0001232153050496022, 
72, 000000, 000000, 2.034353927719839e-05, 2.034353927719839e-05, 0.9998779420329399 0.0001220546984570174 3.2686030864715573e-09, 
73, 000000, 000000, 1.9833966570765346e-05, 1.9833966570765346e-05, 0.9998809962005755 0.00011900379942459209, 
74, 000000, 111111, 0.13568163376940331, 0.13568163376940331, 0.8418613777422225 0.00010470455468481339 0.002859897350656759 0.009310845872659115 0.02316417294741778 0.048517935241381434 0.07418106629097768, 
75, 000000, 000000, 1.9615812242044393e-05, 1.9615812242044393e-05, 0.9998823051265477 0.00011769487345226635, 
76, 000000, 000000, 1.9811331525498464e-05, 1.9811331525498464e-05, 0.9998811320108469 0.00011886798915299078, 
77, 000000, 000000, 1.9548385185920964e-05, 1.9548385185920964e-05, 0.9998827921815279 0.00011712532582874785 8.249264338896387e-08, 
78, 000000, 000000, 2.0807720254601938e-05, 2.0807720254601938e-05, 0.9998751536784724 0.00012484632152761165, 
79, 000000, 000000, 2.123284601828194e-05, 2.123284601828194e-05, 0.9998726029238902 0.00012739707610969164, 
80, 000000, 000000, 2.077301971864746e-05, 2.077301971864746e-05, 0.9998753618816881 0.00012463811831188475, 
81, 000000, 000000, 2.005836037336922e-05, 2.005836037336922e-05, 0.9998796498377598 0.00012035016224021535, 
82, 000000, 000000, 1.9888729791503447e-05, 1.9888729791503447e-05, 0.9998806676212509 0.00011933237874902069, 
83, 000000, 000000, 1.9994799615487154e-05, 1.9994799615487154e-05, 0.9998800312023071 0.00011996879769292293, 
84, 000000, 000000, 1.988224253370761e-05, 1.988224253370761e-05, 0.9998807065447978 0.00011929345520224565, 
85, 000000, 000000, 1.9593122878665353e-05, 1.9593122878665353e-05, 0.9998824412627281 0.00011755873727199212, 
86, 000000, 000000, 2.0893348288828667e-05, 2.0893348288828667e-05, 0.999874639910267 0.00012536008973297198, 
87, 000000, 111111, 0.20458653004702618, 0.20458653004702618, 0.7392435298193916 9.28064213858012e-05 0.004170496359393483 0.04136494472124076 0.062469131761900464 0.07084052556946697 0.08181856534722089, 
88, 000000, 000000, 2.0134406297494774e-05, 2.0134406297494774e-05, 0.9998791935622151 0.00012080643778496864, 
89, 000000, 000000, 2.0403961233954708e-05, 2.0403961233954708e-05, 0.9998775762325962 0.00012242376740372827, 
90, 000000, 000000, 2.0051300709278945e-05, 2.0051300709278945e-05, 0.9998796921957442 0.00012030780425567367, 
91, 000000, 000000, 1.9923023819865746e-05, 1.9923023819865746e-05, 0.9998804618570808 0.00011953814291919447, 
92, 000000, 000000, 1.987119693888286e-05, 1.987119693888286e-05, 0.9998807728183667 0.00011922718163329718, 
93, 000000, 000000, 1.958993728429681e-05, 1.958993728429681e-05, 0.9998824603762942 0.00011753962370578087, 
94, 000000, 000000, 1.954159702303056e-05, 1.954159702303056e-05, 0.9998827613872041 0.00011722764345362904 1.096934227716355e-08, 
95, 000000, 000000, 2.082780195616041e-05, 2.082780195616041e-05, 0.999875033188263 0.00012496681173696246, 
96, 000000, 000000, 2.00037753279771e-05, 2.00037753279771e-05, 0.9998799773480321 0.00012002265196786259, 
97, 000000, 000000, 1.9292368979672602e-05, 1.9292368979672602e-05, 0.999884245786122 0.00011575421387803562, 
98, 000000, 000000, 2.0056018171297402e-05, 2.0056018171297402e-05, 0.9998796638909723 0.00012033610902778442, 
99, 000000, 000000, 2.067394285737803e-05, 2.067394285737803e-05, 0.9998759563428556 0.00012404365714426818, 
100, 000000, 000000, 2.0333009535392587e-05, 2.0333009535392587e-05, 0.999878002075278 0.00012199779223167607 1.324903397333054e-10, 
run, initial grid state, final grid state, mean grid cell occupancy, mean binding site occupancy, fraction of time with N TFs bound, warning
1, 000000, 000000, 2.0379968518395304e-05, 2.0379968518395304e-05, 0.9998777201888897 0.00012227981111037183, 
2, 000000, 000000, 2.0541870292695777e-05, 2.0541870292695777e-05, 0.9998767573076097 0.00012323416302445977 8.52936585744222e-09, 
3, 000000, 000000, 1.9700891003494185e-05, 1.9700891003494185e-05, 0.9998817965108867 0.00011820163220563932 1.856907662891206e-09, 
4, 000000, 000000, 1.968319171421978e-05, 1.968319171421978e-05, 0.9998819008497146 0.00011809915028531868, 
5, 000000, 000000, 1.9690571254028184e-05, 1.9690571254028184e-05, 0.9998818565724757 0.00011814342752416911, 
6, 000000, 000000, 0.08850592086132322, 0.08850592086132322, 0.8975048138675678 0.00010693036510957581 0.0052467384826368375 0.004197778857593876 0.012409635612844057 0.025001378072088784 0.05553272474215904, 
7, 000000, 000000, 2.11531666060307e-05, 2.11531666060307e-05, 0.9998730810003639 0.00012691899963618422, 
8, 000000, 000000, 1.8798867293335147e-05, 1.8798867293335147e-05, 0.99988720679624 0.00011279320376001086, 
9, 000000, 000000, 1.9465852898366086e-05, 1.9465852898366086e-05, 0.9998832048826097 0.00011679511739019656, 
10, 000000, 000000, 2.0263946163238804e-05, 2.0263946163238804e-05, 0.9998784357705568 0.00012154478190694995 1.9447536241440545e-08, 
11, 000000, 000000, 1.998823544310353e-05, 1.998823544310353e-05, 0.9998800896638195 0.00011989125970233979 1.9076478140694752e-08, 
12, 000000, 000000, 2.0674949217999408e-05, 2.0674949217999408e-05, 0.999875950304692 0.00012404969530799647, 
13, 000000, 000000, 2.055915769911991e-05, 2.055915769911991e-05, 0.9998766450538052 0.00012335494619471947, 
14, 000000, 000000, 2.030305507132408e-05, 2.030305507132408e-05, 0.9998781816695721 0.00012181833042794449, 
15, 000000, 000000, 1.962331810218967e-05, 1.962331810218967e-05, 0.9998822600913868 0.00011773990861313805, 
16, 000000, 000000, 2.0378942747277383e-05, 2.0378942747277383e-05, 0.9998777263435162 0.00012227365648366433, 
17, 000000, 000000, 1.9886313903948857e-05, 1.9886313903948857e-05, 0.9998806821165762 0.00011931788342369315, 
18, 000000, 000000, 1.9980067704443385e-05, 1.9980067704443385e-05, 0.9998801195937733 0.00011988040622666034, 
19, 000000, 000000, 2.0719246681719023e-05, 2.0719246681719023e-05, 0.9998756845199097 0.00012431548009031416, 
20, 000000, 000000, 1.9717829197177695e-05, 1.9717829197177695e-05, 0.999881693024817 0.00011830697518306616, 
21, 000000, 000000, 2.0584141387494582e-05, 2.0584141387494582e-05, 0.999876495151675 0.00012350484832496749, 
22, 000000, 000000, 2.037649016513326e-05, 2.037649016513326e-05, 0.9998777410590093 0.00012225894099079958, 
23, 000000, 000000, 1.9578992200072846e-05, 1.9578992200072846e-05, 0.9998825260467996 0.0001174739532004371, 
24, 000000, 000000, 1.842361459929902e-05, 1.842361459929902e-05, 0.9998894583124042 0.00011054168759579414, 
25, 000000, 000000, 1.9523046779168347e-05, 1.9523046779168347e-05, 0.9998828617193251 0.00011713828067501008, 
26, 000000, 000000, 1.9945076872259466e-05, 1.9945076872259466e-05, 0.9998803295387664 0.00011967046123355681, 
27, 000000, 000000, 2.0229449085471954e-05, 2.0229449085471954e-05, 0.9998786233054872 0.00012137669451283175, 
28, 000000, 000000, 2.049594813045243e-05, 2.049594813045243e-05, 0.9998770243112173 0.00012297568878271461, 
29, 000000, 000000, 2.038115520231488e-05, 2.038115520231488e-05, 0.9998777130687861 0.0001222869312138893, 
30, 000000, 000000, 2.04432682239527e-05, 2.04432682239527e-05, 0.9998773403906562 0.0001226596093437162, 
31, 000000, 000000, 2.1552225145620957e-05, 2.1552225145620957e-05, 0.9998706866491263 0.00012931335087372576, 
32, 000000, 000000, 1.9664519012097372e-05, 1.9664519012097372e-05, 0.9998820128859274 0.00011798711407258423, 
33, 000000, 000000, 1.96694488247675e-05, 1.96694488247675e-05, 0.9998819949050507 0.0001179934969499931 1.1597999305952162e-08, 
34, 000000, 000000, 0.00017985688583168485, 0.00017985688583168485, 0.9993998486825243 0.00012116131996125037 0.0004789899975144295, 
35, 000000, 000000, 1.964451668338119e-05, 1.964451668338119e-05, 0.9998821354226282 0.00011786205464342923 2.5227284289541698e-09, 
36, 000000, 000000, 2.0143911153560292e-05, 2.0143911153560292e-05, 0.9998791365330787 0.00012086346692136178, 
37, 000000, 000000, 1.9516192682825584e-05, 1.9516192682825584e-05, 0.999882902843903 0.00011709715609695351, 
38, 000000, 000000, 2.0330989026299244e-05, 2.0330989026299244e-05, 0.9998780140658423 0.00012198593415779548, 
39, 000000, 000000, 2.026130459016682e-05, 2.026130459016682e-05, 0.9998784321724591 0.00012156782754100093, 
40, 000000, 000000, 2.113182649685668e-05, 2.113182649685668e-05, 0.9998732223498388 0.0001267643413413941 1.3308819872992378e-08, 
41, 000000, 000000, 2.0311146364994546e-05, 2.0311146364994546e-05, 0.9998781718861584 0.00012178934949339621 3.8764348285538804e-08, 
42, 000000, 000000, 0.004525387687371158, 0.004525387687371158, 0.9883310836575295 0.00011654719249159235 0.0076214449271927555 0.003930807813794726 1.1640899141629536e-07, 
43, 000000, 000000, 1.993327770707196e-05, 1.993327770707196e-05, 0.9998804003337575 0.00011959966624243175, 
44, 000000, 000000, 2.035463594770831e-05, 2.035463594770831e-05, 0.9998778721843137 0.00012212781568624986, 
45, 000000, 000000, 2.0525531684306012e-05, 2.0525531684306012e-05, 0.9998768468098941 0.00012315319010583608, 
46, 000000, 000000, 2.007543513770638e-05, 2.007543513770638e-05, 0.9998795473891738 0.0001204526108262383, 
47, 000000, 000000, 2.0409365940094593e-05, 2.0409365940094593e-05, 0.9998775438043593 0.00012245619564056756, 
48, 000000, 000000, 1.9887869307580318e-05, 1.9887869307580318e-05, 0.9998806727841545 0.00011932721584548191, 
49, 000000, 000000, 2.0445242271829136e-05, 2.0445242271829136e-05, 0.999877328546369 0.0001226714536309748, 
50, 000000, 000000, 2.0160958470795773e-05, 2.0160958470795773e-05, 0.9998790342491752 0.00012096575082477463, 
51, 000000, 000000, 1.961852642814019e-05, 1.961852642814019e-05, 0.9998822888414312 0.00011771115856884112, 
52, 000000, 000000, 2.1055663521668816e-05, 2.1055663521668816e-05, 0.9998736693973156 0.00012632722423860335 3.378445704778035e-09, 
53, 000000, 000000, 1.945244812334472e-05, 1.945244812334472e-05, 0.9998832853112599 0.00011671468874006834, 
54, 000000, 000000, 1.8856675892823403e-05, 1.8856675892823403e-05, 0.9998868599446431 0.00011314005535694043, 
55, 000000, 000000, 1.999897410212076e-05, 1.999897410212076e-05, 0.9998800061553872 0.00011999384461272457, 
56, 000000, 000000, 2.1621615872252765e-05, 2.1621615872252765e-05, 0.9998703015146039 0.0001296672755587795 3.120983736855643e-08, 
57, 000000, 000000, 2.0648527533617958e-05, 2.0648527533617958e-05, 0.9998761088347984 0.00012389116520170775, 
58, 000000, 000000, 1.9376925145427923e-05, 1.9376925145427923e-05, 0.9998837384491275 0.00011626155087256752, 
59, 000000, 000000, 2.0326279034583642e-05, 2.0326279034583642e-05, 0.9998780423257925 0.00012195767420750186, 
60, 000000, 000000, 0.0033037307293859878, 0.0033037307293859878, 0.9902882224267657 0.00011554168982508948 0.009081864963736534 0.0005143709196725913, 
61, 000000, 000000, 2.0906827638626157e-05, 2.0906827638626157e-05, 0.9998745590341682 0.00012544096583175693, 
62, 000000, 000000, 2.043911401482937e-05, 2.043911401482937e-05, 0.9998773653159111 0.00012263468408897624, 
63, 000000, 000000, 1.9566927299479664e-05, 1.9566927299479664e-05, 0.9998825984362031 0.00011740156379687798, 
64, 000000, 000000, 1.98047187458567e-05, 1.98047187458567e-05, 0.9998811716875248 0.00011882831247514021, 
65, 000000, 000000, 2.0263164833576722e-05, 2.0263164833576722e-05, 0.9998784210109986 0.00012157898900146034, 
66, 000000, 000000, 1.97280074029137e-05, 1.97280074029137e-05, 0.9998816319555826 0.00011836804441748219, 
67, 000000, 000000, 1.9689341099895536e-05, 1.9689341099895536e-05, 0.9998818639534007 0.00011813604659937321, 
68, 000000, 000000, 2.050378905215243e-05, 2.050378905215243e-05, 0.9998769772656871 0.0001230227343129146, 
69, 000000, 000000, 2.0291001804808506e-05, 2.0291001804808506e-05, 0.9998782539891712 0.00012174601082885105, 
70, 000000, 000000, 2.0001193544555827e-05, 2.0001193544555827e-05, 0.9998800340708168 0.00011992469709914968 4.123208409263974e-08, 
71, 000000, 000000, 1.9904760781058554e-05, 1.9904760781058554e-05, 0.9998805714353137 0.00011942856468635133, 
72, 000000, 000000, 1.9840661493026557e-05, 1.9840661493026557e-05, 0.999880956031042 0.00011904396895815933, 
73, 000000, 000000, 2.1305952913311803e-05, 2.1305952913311803e-05, 0.9998721642825201 0.00012783571747987082, 
74, 000000, 000000, 1.983310690858135e-05, 1.983310690858135e-05, 0.9998810013585484 0.0001189986414514881, 
75, 000000, 000000, 1.986756824665429e-05, 1.986756824665429e-05, 0.99988079459052 0.00011920540947992575, 
76, 000000, 000000, 2.0478566819882273e-05, 2.0478566819882273e-05, 0.9998771285990807 0.00012287140091929362, 
77, 000000, 000000, 1.988554040280294e-05, 1.988554040280294e-05, 0.9998806867575831 0.00011931324241681766, 
78, 000000, 000000, 1.9888163179541107e-05, 1.9888163179541107e-05, 0.999880680729295 0.00011930956233265117 9.708372297741117e-09, 
79, 000000, 000000, 1.9832021413361064e-05, 1.9832021413361064e-05, 0.9998810078715198 0.00011899212848016635, 
80, 000000, 000000, 1.933939119661438e-05, 1.933939119661438e-05, 0.9998839636528203 0.0001160363471796863, 
81, 000000, 000000, 2.0641563893519553e-05, 2.0641563893519553e-05, 0.9998761506166389 0.00012384938336111733, 
82, 000000, 000000, 2.092357166752749e-05, 2.092357166752749e-05, 0.9998744585699948 0.00012554143000516495, 
83, 000000, 000000, 2.106879253555818e-05, 2.106879253555818e-05, 0.9998735872447867 0.0001264127552133491, 
84, 000000, 000000, 2.0074920443228578e-05, 2.0074920443228578e-05, 0.9998795504773406 0.00012044952265937146, 
85, 000000, 000000, 1.996366460706641e-05, 1.996366460706641e-05, 0.9998802180123576 0.00011978198764239847, 
86, 000000, 000000, 2.012035830213982e-05, 2.012035830213982e-05, 0.9998792778501872 0.00012072214981283892, 
87, 000000, 000000, 2.03206318179717e-05, 2.03206318179717e-05, 0.9998780762090923 0.00012192379090783019, 
88, 000000, 000000, 0.275720843406609, 0.275720843406609, 0.6877469073527545 8.470892791372934e-05 0.003629539842065459 0.015391279062503177 0.030537455594713117 0.09700304305905358 0.16560706616099657, 
89, 000000, 000000, 0.2921571871114812, 0.2921571871114812, 0.6534651314095151 8.223067138518949e-05 0.00695218406299906 0.021349550455967526 0.05362471791487426 0.1267481120674487 0.13777807341781018, 
90, 000000, 000000, 2.0291572311422194e-05, 2.0291572311422194e-05, 0.9998782505661316 0.00012174943386853316, 
91, 000000, 000000, 1.9600607229484155e-05, 1.9600607229484155e-05, 0.9998823963566231 0.00011760364337690495, 
92, 000000, 000000, 2.0452883838198528e-05, 2.0452883838198528e-05, 0.9998772826969708 0.00012271730302919117, 
93, 000000, 000000, 2.001139499529553e-05, 2.001139499529553e-05, 0.9998799459092422 0.00012003981154382626 1.4279213973454066e-08, 
94, 000000, 000000, 1.9888579414315772e-05, 1.9888579414315772e-05, 0.9998806685235141 0.00011933147648589463, 
95, 000000, 000000, 2.0029287899513146e-05, 2.0029287899513146e-05, 0.9998798242726029 0.00012017572739707887, 
96, 000000, 000000, 2.0201440706522733e-05, 2.0201440706522733e-05, 0.9998787913557609 0.00012120864423913641, 
97, 000000, 000000, 1.9734417789407394e-05, 1.9734417789407394e-05, 0.9998815934932634 0.00011840650673644438, 
98, 000000, 000000, 2.0640823850805165e-05, 2.0640823850805165e-05, 0.9998761550568952 0.00012384494310483098, 
99, 000000, 000000, 1.896079383293962e-05, 1.896079383293962e-05, 0.9998862352370024 0.00011376476299763772, 
100, 000000, 000000, 1.9758125055538905e-05, 1.9758125055538905e-05, 0.9998814512496668 0.00011854875033323344, 
run, initial grid state, final grid state, mean grid cell occupancy, mean binding site occupancy, fraction of time with N TFs bound, warning
1, 000000, 000000, 2.046249554212445e-05, 2.046249554212445e-05, 0.9998772250267473 0.0001227749732527467, 
2, 000000, 000000, 2.0828308188096907e-05, 2.0828308188096907e-05, 0.9998750301508714 0.00012496984912858144, 
3, 000000, 000000, 2.0749589969587273e-05, 2.0749589969587273e-05, 0.9998755024601825 0.00012449753981752363, 
4, 000000, 000000, 2.0575577128886597e-05, 2.0575577128886597e-05, 0.9998765465372266 0.0001234534627733196, 
5, 000000, 000000, 2.0211451936465675e-05, 2.0211451936465675e-05, 0.9998787312883812 0.00012126871161879405, 
6, 000000, 000000, 1.9092123294784497e-05, 1.9092123294784497e-05, 0.9998854472602313 0.00011455273976870701, 
7, 000000, 000000, 0.0002789056866889775, 0.0002789056866889775, 0.9991011162976343 0.00012437482961067645 0.0007744673277418953 4.1545013132549466e-08, 
8, 000000, 000000, 2.0180242104042116e-05, 2.0180242104042116e-05, 0.9998789185473758 0.00012108145262425271, 
9, 000000, 000000, 0.08067762291792786, 0.08067762291792786, 0.9017444474744174 0.00011367649007541208 0.003352013337831951 0.013603287685101257 0.013270501416136763 0.024140275956646143 0.04377579763979105, 
10, 000000, 000000, 1.9662734172611295e-05, 1.9662734172611295e-05, 0.9998820235949644 0.00011797640503566778, 
11, 000000, 000000, 1.9640711594565348e-05, 1.9640711594565348e-05, 0.9998821557304327 0.00011784426956739208, 
12, 000000, 000000, 1.9532939615458097e-05, 1.9532939615458097e-05, 0.9998828023623072 0.00011719763769274859, 
13, 000000, 000000, 1.978706594963704e-05, 1.978706594963704e-05, 0.9998812776043021 0.00011872239569782223, 
14, 000000, 000000, 2.098300943851198e-05, 2.098300943851198e-05, 0.9998741019433689 0.0001258980566310719, 
15, 000000, 000000, 1.9774602118687186e-05, 1.9774602118687186e-05, 0.9998813523872878 0.00011864761271212312, 
16, 000000, 000000, 2.0264244756246782e-05, 2.0264244756246782e-05, 0.9998784145314625 0.00012158546853748071, 
17, 000000, 000000, 1.980824402587843e-05, 1.980824402587843e-05, 0.9998811505358447 0.00011884946415527057, 
18, 111100, 000000, 0.19498263003470243, 0.19498263003470243, 0.7724261730150984 9.271008437548364e-05 0.0055772384156305855 0.013591188750806595 0.03375843272058483 0.06448424592320622 0.11007001109029792, 
19, 000000, 000000, 1.967757918179443e-05, 1.967757918179443e-05, 0.9998819345249094 0.0001180654750907666, 
20, 000000, 000000, 1.982862396789469e-05, 1.982862396789469e-05, 0.9998810282561926 0.00011897174380736815, 
21, 000000, 000000, 1.9021028848404127e-05, 1.9021028848404127e-05, 0.9998858738269095 0.00011412617309042476, 
22, 000000, 111111, 0.01723234805791855, 0.01723234805791855, 0.9802686948342291 0.00011721475847302017 0.0001802783297958828 0.00024415718362172443 0.0019420023075140088 0.009070079369672706 0.008177573216693627, 
23, 000000, 000000, 2.066548384345417e-05, 2.066548384345417e-05, 0.9998760197965175 0.00012396750390425678 1.2699578234127589e-08, 
24, 000000, 000000, 1.9904099677022652e-05, 1.9904099677022652e-05, 0.999880575401938 0.00011942459806213592, 
25, 000000, 000000, 2.0961277151229224e-05, 2.0961277151229224e-05, 0.9998742323370926 0.00012576766290737536, 
26, 000000, 000000, 2.048935973236932e-05, 2.048935973236932e-05, 0.9998770638416058 0.00012293615839421593, 
27, 000000, 000000, 1.91309634389018e-05, 1.91309634389018e-05, 0.9998852270736718 0.00011476007202296697 1.285430522192092e-08, 
28, 000000, 000000, 2.0477191479806787e-05, 2.0477191479806787e-05, 0.9998772350789124 0.00012266669329640367 9.822779121853055e-08, 
29, 000000, 000000, 1.934616074797649e-05, 1.934616074797649e-05, 0.9998839230355121 0.00011607696448785894, 
30, 000000, 000000, 2.039602214719473e-05, 2.039602214719473e-05, 0.9998776449888871 0.00012233388934254074 2.1121770313807894e-08, 
31, 000000, 000000, 1.9510961792592513e-05, 1.9510961792592513e-05, 0.9998829342292443 0.00011706577075555509, 
32, 000000, 000000, 2.0258284361567643e-05, 2.0258284361567643e-05, 0.9998784502938306 0.00012154970616940588, 
33, 000000, 000000, 2.0388601903970095e-05, 2.0388601903970095e-05, 0.9998776683885762 0.00012233161142382058, 
34, 000000, 000000, 2.0265881512665505e-05, 2.0265881512665505e-05, 0.9998784047109239 0.00012159528907599303, 
35, 000000, 000000, 2.0258290022728725e-05, 2.0258290022728725e-05, 0.9998784502598637 0.00012154974013637234, 
36, 000000, 000000, 1.9767891099725593e-05, 1.9767891099725593e-05, 0.9998813926534016 0.00011860734659835357, 
37, 000000, 000000, 1.9941560496266846e-05, 1.9941560496266846e-05, 0.9998803506370224 0.00011964936297760107, 
38, 000000, 000000, 1.9848569979494996e-05, 1.9848569979494996e-05, 0.999880908580123 0.00011909141987696999, 
39, 000000, 000000, 2.0134966949198887e-05, 2.0134966949198887e-05, 0.9998792521430672 0.0001206859121704837 6.194476235480535e-08, 
40, 000000, 000000, 2.1568648051638215e-05, 2.1568648051638215e-05, 0.9998705881116902 0.0001294118883098293, 
41, 000000, 000000, 1.9952261181579438e-05, 1.9952261181579438e-05, 0.9998802864329105 0.00011971356708947665, 
42, 000000, 000000, 2.0517275651877914e-05, 2.0517275651877914e-05, 0.9998768963460887 0.0001231036539112675, 
43, 000000, 000000, 1.995558276122925e-05, 1.995558276122925e-05, 0.9998802665034328 0.00011973349656737552, 
44, 000000, 000000, 2.035979921777362e-05, 2.035979921777362e-05, 0.9998778412046934 0.00012215879530664173, 
45, 000000, 000000, 1.911781361215158e-05, 1.911781361215158e-05, 0.9998853249249043 0.00011464326851836194 3.180657727377755e-08, 
46, 000000, 000000, 1.9537770769187264e-05, 1.9537770769187264e-05, 0.9998827733753848 0.0001172266246151236, 
47, 000000, 000000, 2.046628379649061e-05, 2.046628379649061e-05, 0.999877202297221 0.00012279770277894367, 
48, 000000, 000000, 2.007530711051199e-05, 2.007530711051199e-05, 0.99987956134994 0.00012042545745680398 1.319260313397362e-08, 
49, 000000, 000000, 2.155309729233458e-05, 2.155309729233458e-05, 0.999870681416246 0.0001293185837540075, 
50, 000000, 000000, 2.0331050459203973e-05, 2.0331050459203973e-05, 0.9998780136972448 0.00012198630275522385, 
51, 000000, 000000, 1.936820604492751e-05, 1.936820604492751e-05, 0.9998837907637305 0.00011620923626956507, 
52, 000000, 000000, 2.000313350621524e-05, 2.000313350621524e-05, 0.999880003948093 0.0001199733027769183 2.2749130186580473e-08, 
53, 000000, 000000, 1.999421932395039e-05, 1.999421932395039e-05, 0.9998800346840563 0.00011996531594370236, 
54, 000000, 000000, 2.0122136780816062e-05, 2.0122136780816062e-05, 0.9998792671793151 0.00012073282068489639, 
55, 000000, 000000, 2.0468888596882607e-05, 2.0468888596882607e-05, 0.9998772414694383 0.00012270372954209472 5.4801019600459504e-08, 
56, 000000, 000000, 2.0806398541403798e-05, 2.0806398541403798e-05, 0.9998751616087515 0.0001248383912484228, 
57, 000000, 000000, 1.9315799451610154e-05, 1.9315799451610154e-05, 0.9998841052032903 0.00011589479670966093, 
58, 000000, 000000, 1.9371062749410297e-05, 1.9371062749410297e-05, 0.9998837736235036 0.00011622637649646177, 
59, 000000, 000000, 1.9891016284649935e-05, 1.9891016284649935e-05, 0.9998806539022922 0.00011934609770789962, 
60, 000000, 000000, 2.1279370500015952e-05, 2.1279370500015952e-05, 0.9998723237769999 0.00012767622300009575, 
61, 000000, 000000, 2.1084672832859838e-05, 2.1084672832859838e-05, 0.9998734919630028 0.00012650803699715906, 
62, 000000, 000000, 1.99896462070637e-05, 1.99896462070637e-05, 0.9998800621227577 0.0001199378772423822, 
63, 000000, 000000, 2.0779992729204605e-05, 2.0779992729204605e-05, 0.9998753200436248 0.00012467995637522765, 
64, 000000, 000000, 0.012196348636228115, 0.012196348636228115, 0.9806893643201098 0.00012091132038687096 0.0020384839216915766 0.006135413205278827 0.004505163124902589 0.006510664107630366, 
65, 000000, 000000, 1.9980282452077462e-05, 1.9980282452077462e-05, 0.9998801183052876 0.00011988169471246477, 
66, 000000, 000000, 2.0124349489338056e-05, 2.0124349489338056e-05, 0.999879253903064 0.00012074609693602835, 
67, 000000, 000000, 1.9716552142846088e-05, 1.9716552142846088e-05, 0.9998817515437745 0.00011819759959410983 5.085663148335047e-08, 
68, 000000, 000000, 2.0468707260597535e-05, 2.0468707260597535e-05, 0.9998771877564363 0.0001228122435635852, 
69, 000000, 000000, 2.0173481899081052e-05, 2.0173481899081052e-05, 0.9998789591086055 0.00012104089139448632, 
70, 000000, 111111, 0.8250742215373368, 0.8250742215373368, 0.04236031409137171 5.886210247640043e-06 0.00752885278940029 0.05342234029781733 0.15422833718660256 0.29652424875225264 0.4459300206723078, 
71, 000000, 000000, 1.9984813656625773e-05, 1.9984813656625773e-05, 0.9998800911180603 0.00011990888193975462, 
72, 000000, 000000, 1.991784370936245e-05, 1.991784370936245e-05, 0.9998804929377437 0.00011950706225617471, 
73, 000000, 000000, 2.0690794067843682e-05, 2.0690794067843682e-05, 0.999875855235593 0.0001241447644070621, 
74, 000000, 000000, 1.9655282427953333e-05, 1.9655282427953333e-05, 0.9998820683054322 0.00011793169456772, 
75, 000000, 000000, 2.0310214038998365e-05, 2.0310214038998365e-05, 0.9998781387157659 0.00012186128423399019, 
76, 000000, 000000, 2.065733741173367e-05, 2.065733741173367e-05, 0.9998760559755295 0.00012394402447040201, 
77, 000000, 000000, 2.028331304337959e-05, 2.028331304337959e-05, 0.9998783001217397 0.00012169987826027756, 
78, 000000, 000000, 2.1101539576277217e-05, 2.1101539576277217e-05, 0.9998733907625423 0.0001266092374576633, 
79, 111111, 000000, 0.2847001364753787, 0.2847001364753787, 0.6838864381548304 8.308320974503244e-05 0.000806216376463643 0.009232690361139035 0.03181246218850672 0.09351727520373554 0.18066183450557965, 
80, 000000, 000000, 2.076567055624534e-05, 2.076567055624534e-05, 0.9998754059766625 0.00012459402333747204, 
81, 000000, 000000, 2.0217604376048336e-05, 2.0217604376048336e-05, 0.9998787000572802 0.00012129425918323092 5.683536529541015e-09, 
82, 000000, 000000, 0.001378540911087764, 0.001378540911087764, 0.9972826651561892 0.00012181308099747456 0.000641348896966321 0.0009499568717908859 0.0010042159940559523, 
83, 000000, 000000, 2.105374028916372e-05, 2.105374028916372e-05, 0.999873677558265 0.00012632244173498236, 
84, 000000, 000000, 2.031090055811308e-05, 2.031090055811308e-05, 0.9998781345966513 0.0001218654033486785, 
85, 000000, 000000, 2.022227430372284e-05, 2.022227430372284e-05, 0.9998786663541777 0.00012133364582233703, 
86, 000000, 000000, 2.0026572734449738e-05, 2.0026572734449738e-05, 0.9998798405635932 0.00012015943640669846, 
87, 000000, 000000, 2.100952959536931e-05, 2.100952959536931e-05, 0.9998739428224277 0.00012605717757221586, 
88, 000000, 000000, 1.9089858989949723e-05, 1.9089858989949723e-05, 0.9998854608460603 0.00011453915393969837, 
89, 000000, 000000, 1.9972380343945674e-05, 1.9972380343945674e-05, 0.9998801657179364 0.00011983428206367406, 
90, 000000, 000000, 1.9962246246041895e-05, 1.9962246246041895e-05, 0.9998802831639549 0.00011966019461374706 5.6641431252161655e-08, 
91, 000000, 000000, 1.9743083449055585e-05, 1.9743083449055585e-05, 0.9998815414993056 0.00011845850069433352, 
92, 000000, 000000, 2.01717537042255e-05, 2.01717537042255e-05, 0.9998789694777747 0.000121030522225353, 
93, 000000, 000000, 2.1260201736702802e-05, 2.1260201736702802e-05, 0.9998724387895798 0.0001275612104202168, 
94, 000000, 000000, 0.00014620638670502636, 0.00014620638670502636, 0.999504333887471 0.0001141673740852144 0.00038142526918661025 7.346925724120366e-08, 
95, 000000, 000000, 1.955747726642464e-05, 1.955747726642464e-05, 0.9998826551364014 0.00011734486359854785, 
96, 000000, 000000, 1.9514948694258446e-05, 1.9514948694258446e-05, 0.9998829103078344 0.00011708969216555067, 
97, 000000, 000000, 2.0063397182145508e-05, 2.0063397182145508e-05, 0.9998796196169071 0.00012038038309287307, 
98, 000000, 000000, 2.0929482733059766e-05, 2.0929482733059766e-05, 0.9998744231036018 0.0001255768963983586, 
99, 000000, 000000, 1.9392474456463036e-05, 1.9392474456463036e-05, 0.9998836451532612 0.00011635484673877822, 
100, 000000, 000000, 2.03134678117243e-05, 2.03134678117243e-05, 0.9998781191931296 0.0001218808068703458, 
run, initial grid state, final grid state, mean grid cell occupancy, mean binding site occupancy, fraction of time with N TFs bound, warning
1, 000000, 000000, 2.034548607209237e-05, 2.034548607209237e-05, 0.9998779270835675 0.00012207291643255423, 
2, 000000, 000000, 1.956312550918e-05, 1.956312550918e-05, 0.9998826212469449 0.00011737875305508002, 
3, 000000, 000000, 2.0373860186048123e-05, 2.0373860186048123e-05, 0.9998777568388838 0.00012224316111628873, 
4, 000000, 000000, 2.0594226959127076e-05, 2.0594226959127076e-05, 0.9998764346382453 0.00012356536175476247, 
5, 000000, 000000, 2.0041356391554e-05, 2.0041356391554e-05, 0.9998797518616507 0.00012024813834932401, 
6, 000000, 000000, 2.1088229620229405e-05, 2.1088229620229405e-05, 0.9998734706222786 0.00012652937772137643, 
7, 000000, 000000, 2.0134024592414735e-05, 2.0134024592414735e-05, 0.9998791958524456 0.00012080414755448842, 
8, 000000, 000000, 1.9684717226988368e-05, 1.9684717226988368e-05, 0.999881891696638 0.00011810830336193021, 
9, 000000, 000000, 2.106370969627094e-05, 2.106370969627094e-05, 0.9998736177418223 0.00012638225817762562, 
10, 000000, 000000, 2.0423380222388612e-05, 2.0423380222388612e-05, 0.9998774597186657 0.00012254028133433167, 
11, 000000, 000000, 2.10311683037233e-05, 2.10311683037233e-05, 0.9998738170798511 0.00012617883047539235 4.089673473721459e-09, 
12, 000000, 000000, 1.9540161345078597e-05, 1.9540161345078597e-05, 0.9998827590319295 0.00011724096807047157, 
13, 000000, 000000, 1.9145190068522672e-05, 1.9145190068522672e-05, 0.9998851288595889 0.00011487114041113604, 
14, 000000, 000000, 2.1021514001395545e-05, 2.1021514001395545e-05, 0.9998738709159916 0.00012612908400837325, 
15, 000000, 000000, 1.909918136790387e-05, 1.909918136790387e-05, 0.9998854049117926 0.00011459508820742323, 
16, 000000, 000000, 2.109153911480167e-05, 2.109153911480167e-05, 0.9998734507653113 0.00012654923468881002, 
17, 000000, 000000, 1.9760862801585434e-05, 1.9760862801585434e-05, 0.9998814388715259 0.00011855708013863524 4.048335438682919e-09, 
18, 000000, 000000, 2.0767396810628955e-05, 2.0767396810628955e-05, 0.9998753956191363 0.00012460438086377373, 
19, 000000, 000000, 2.0481785239008317e-05, 2.0481785239008317e-05, 0.9998771092885659 0.0001228907114340499, 
20, 000000, 000000, 0.0001607087189451759, 0.0001607087189451759, 0.9994589530181281 0.00011799569574986184 0.0004228972404448191 1.540456771850586e-07, 
21, 000000, 000000, 1.961227099255941e-05, 1.961227099255941e-05, 0.9998823263740446 0.00011767362595535647, 
22, 000000, 000000, 2.0256868087406287e-05, 2.0256868087406287e-05, 0.9998784587914756 0.00012154120852443773, 
23, 000000, 000000, 0.17153434428548078, 0.17153434428548078, 0.800443502884201 9.690030838440553e-05 0.002395387435255164 0.009313604402804827 0.03764023148328678 0.05484558952397902 0.09526478396208887, 
24, 000000, 000000, 2.020791144435498e-05, 2.020791144435498e-05, 0.9998787525313338 0.00012124746866612987, 
25, 000000, 000000, 1.916968295599594e-05, 1.916968295599594e-05, 0.999884981902264 0.00011501809773597566, 
26, 000000, 000000, 0.00020840435909182583, 0.00020840435909182583, 0.9993144230136453 0.00012072781815859796 0.0005648491681961785, 
27, 000000, 000000, 1.9524111239167256e-05, 1.9524111239167256e-05, 0.9998828553325649 0.00011714466743500353, 
28, 000000, 000000, 1.983139158142015e-05, 1.983139158142015e-05, 0.9998810116505116 0.00011898834948852091, 
29, 000000, 000000, 2.0410664079984294e-05, 2.0410664079984294e-05, 0.9998775360155201 0.00012246398447990576, 
30, 000000, 000000, 2.0750360445604282e-05, 2.0750360445604282e-05, 0.9998754978373264 0.00012450216267362568, 
31, 000000, 000000, 1.9546344021838234e-05, 1.9546344021838234e-05, 0.9998827219358689 0.0001172780641310294, 
