run, initial grid state, final grid state, mean grid cell occupancy, mean binding site occupancy, fraction of time with N TFs bound, warning
1, 0000000000, 0000000000, 6.505985530970636e-05, 0.00010832717085993087, 0.9993501036151924 0.0006498297444557907 6.664035189719426e-08, 
2, 0000000000, 0000000000, 6.0358923448958164e-05, 0.00010051306972244546, 0.9993969215816654 0.0006030784183346727, 
3, 0000000000, 0000000000, 6.059669362661646e-05, 0.00010090510623213657, 0.9993952211457099 0.0006041270711874314 6.517831026940118e-07, 
4, 0000000000, 0000000000, 5.679239121830204e-05, 9.455115809777178e-05, 0.9994326930514134 0.0005673069485866306, 
5, 0000000000, 0000000000, 5.8686267870713024e-05, 9.704610218356896e-05, 0.9994177233868986 0.0005822766131014138, 
6, 0000000000, 0000000000, 6.190509155033356e-05, 0.00010307557398638399, 0.9993815465560817 0.000618453443918304, 
7, 0000000000, 0000000000, 5.7566996092626836e-05, 9.584693845331631e-05, 0.9994249183692802 0.0005750816307198978, 
8, 0000000000, 0000000000, 0.00031914295375956906, 0.0005318100010177816, 0.9980941588350225 0.000620997498196984 0.0012846684924319811 1.751743485814049e-07, 
9, 0000000000, 0000000000, 6.07102664790313e-05, 0.00010109303696894631, 0.9993934417781862 0.0006065582218136779, 
10, 0000000000, 0000000000, 0.0003162472724177096, 0.0005269838149954838, 0.9983400663760803 0.0006143767504275195 0.0005891444809312195 0.0004564123925609815, 
11, 0000000000, 0000000000, 6.002687379438536e-05, 9.995825768322705e-05, 0.9994002504539007 0.0005997495460993622, 
12, 0000000000, 0000000000, 6.524744303166766e-05, 0.00010865780277220914, 0.9993483551504143 0.0006513428825382356 3.0196704750969295e-07, 
13, 0000000000, 0000000000, 5.939464632863059e-05, 9.889590095895216e-05, 0.9994066245942463 0.0005933754057537129, 
14, 0000000000, 0000000000, 5.640812401308563e-05, 9.39239462159849e-05, 0.9994365306047511 0.0005633951132020017 7.428204695383706e-08, 
15, 0000000000, 0000000000, 6.47355774654415e-05, 0.00010779512104716828, 0.999353229273717 0.0006467707262830097, 
16, 0000000000, 0000000000, 5.973833816258703e-05, 9.946349087743848e-05, 0.9994032190547354 0.0005967809452646309, 
17, 0000000000, 0000000000, 5.70122396787314e-05, 9.493357785017481e-05, 0.999430398532899 0.0005696014671010489, 
18, 0000000000, 0000000000, 5.60600571697979e-05, 9.334190520365558e-05, 0.9994403703884905 0.0005592077917970646 4.2181971243449615e-07, 
19, 0000000000, 0000000000, 6.522982182606125e-05, 0.00010862685640310754, 0.9993482388615813 0.0006517611384186453, 
20, 0000000000, 0000000000, 0.0010000764800129455, 0.0016666816530722481, 0.9946969685981677 0.0006079156660360168 0.004693172954991615 1.9427808047476265e-06, 
21, 0000000000, 0000000000, 6.291072749058934e-05, 0.00010475969110708302, 0.9993714418533575 0.0006285581466424983, 
22, 0000000000, 0000000000, 6.168907701999487e-05, 0.00010271881195483182, 0.9993836871282711 0.000616312871728991, 
23, 0000000000, 0000000000, 5.9097051800520985e-05, 9.8406781989171e-05, 0.999409559308065 0.0005904406919350259, 
24, 0000000000, 0000000000, 6.438117093056688e-05, 0.00010720099087577243, 0.9993569491981515 0.0006428956584423064 1.5514340616407848e-07, 
25, 0000000000, 0000000000, 6.198740364903217e-05, 0.00010322050740548924, 0.9993818744655866 0.000616928024393854 1.1975100195407867e-06, 
26, 0000000000, 0000000000, 6.250922024367827e-05, 0.00010409413594884826, 0.9993754351843069 0.0006245648156930895, 
27, 0000000000, 0000000000, 5.8261060319461235e-05, 9.70164928307391e-05, 0.9994179010430155 0.0005820989569844347, 
28, 0000000000, 0000000000, 6.517318781448836e-05, 0.00010853150400227669, 0.9993488109759863 0.0006511890240136602, 
29, 0000000000, 0000000000, 5.969628189003226e-05, 9.939258338074806e-05, 0.9994039801373377 0.0005956842250402751 3.356376221066429e-07, 
30, 0000000000, 0000000000, 6.087229228409435e-05, 0.00010136283358452643, 0.9993918229984928 0.0006081770015071587, 
31, 0000000000, 0000000000, 6.551202746103653e-05, 0.00010908820680625445, 0.9993454707591625 0.0006545292408375267, 
32, 0000000000, 0000000000, 6.07618494596727e-05, 0.00010118051058608054, 0.9993941609296584 0.0006045950771666509 1.2439931749162219e-06, 
33, 0000000000, 0000000000, 0.00041442210985197047, 0.0006906190483678886, 0.9979051964593294 0.0006532046185575203 0.0008342870946893876 0.0006073118274236789, 
34, 0000000000, 0000000000, 6.210491229294713e-05, 0.00010341037520260138, 0.9993796106947761 0.0006203163592319857 7.294599181129818e-08, 
35, 0000000000, 0000000000, 6.0474069876417224e-05, 0.0001006849899648843, 0.9993958900602107 0.0006041099397893059, 
36, 0000000000, 0000000000, 0.00023048381502881486, 0.0003840371304651207, 0.9985550202657615 0.0005866929675956637 0.0008573304847336382 9.56281909261431e-07, 
37, 0000000000, 0000000000, 6.060614650936309e-05, 0.00010091716881651636, 0.9993944969871009 0.0006055030128990982, 
38, 0000000000, 0000000000, 6.225652590173696e-05, 0.00010367192022573726, 0.9993779684786456 0.0006220315213544236, 
39, 0000000000, 0000000000, 6.351129586530552e-05, 0.00010575735605527203, 0.9993654641440631 0.0006345275755421151 8.280394758496964e-09, 
40, 0000000000, 0000000000, 6.276778013371863e-05, 0.00010452971683425785, 0.9993728216989946 0.0006271783010055471, 
41, 0000000000, 0000000000, 6.539799063574571e-05, 0.00010890207722788603, 0.9993465875366327 0.0006534124633673163, 
42, 0000000000, 0000000000, 6.405794417160058e-05, 0.00010666992587198066, 0.999359980444768 0.000640019555231884, 
43, 0000000000, 0000000000, 6.183920954870837e-05, 0.00010297204333318246, 0.999383157361892 0.0006158530162169605 9.896218910671415e-07, 
44, 0000000000, 0000000000, 6.0473178339030686e-05, 0.00010068881691956144, 0.9993958670984826 0.0006041329015173687, 
45, 0000000000, 0000000000, 6.241122589224608e-05, 0.0001039305649161291, 0.9993764166105032 0.0006235833894967746, 
46, 0000000000, 0000000000, 5.960867094105828e-05, 9.925410513957343e-05, 0.9994044753691625 0.0005955246308374406, 
47, 0000000000, 0000000000, 6.006843685727243e-05, 0.00010001589082912266, 0.9994000137311851 0.0005998771926550323 1.0907615985189165e-07, 
48, 0000000000, 0000000000, 6.553002587516517e-05, 0.0001091288510055054, 0.9993452268939669 0.0006547731060330325, 
49, 0000000000, 0000000000, 5.9717621175056296e-05, 9.944554531625921e-05, 0.9994033267281025 0.0005966732718975553, 
50, 0000000000, 0000000000, 0.001571693500301913, 0.002619383381644291, 0.9932047645872009 0.000626413150752914 0.0037847697434622895 0.002015862422147478 0.0003681900964364551, 
51, 0000000000, 0000000000, 6.383511003549997e-05, 0.00010631061212332408, 0.99936213632726 0.0006378636727399445, 
52, 0000000000, 0000000000, 5.881932373047756e-05, 9.793163791148535e-05, 0.9994124101725311 0.0005875898274689121, 
53, 0000000000, 0000000000, 6.266984252014192e-05, 0.00010429866150199416, 0.9993742080309881 0.000625791969011965, 
54, 0000000000, 0000000000, 6.445934155105712e-05, 0.00010733597099276574, 0.9993559841740434 0.0006440158259565945, 
55, 0000000000, 0000000000, 6.140900121822009e-05, 0.0001022535595968848, 0.9993864786424187 0.000613521357581309, 
56, 0000000000, 0000000000, 6.030011464834972e-05, 0.00010040026367963358, 0.9993975984179221 0.0006024015820778016, 
57, 0000000000, 0000000000, 6.387152823148289e-05, 0.00010636289149864915, 0.9993624066463904 0.0006370093582272316 5.839953823316665e-07, 
58, 0000000000, 0000000000, 6.442503447294495e-05, 0.00010727783797646975, 0.9993563329721411 0.0006436670278588184, 
59, 0000000000, 0000000000, 5.9857804364691444e-05, 9.967396584785919e-05, 0.9994019562049129 0.0005980437950871551, 
60, 0000000000, 0000000000, 5.7283330653074765e-05, 9.53773831106539e-05, 0.9994277357013361 0.0005722642986639235, 
61, 0000000000, 0000000000, 6.265491077208522e-05, 0.00010433743141134998, 0.9993740772658555 0.0006258208798210077 1.0185432354609171e-07, 
62, 0000000000, 0000000000, 6.300605554199949e-05, 0.00010491995088632547, 0.999370480294682 0.0006295197053179528, 
63, 0000000000, 0000000000, 6.0858991532917985e-05, 0.0001013375497430909, 0.9993919747015414 0.0006080252984585455, 
64, 0000000000, 0000000000, 6.433913911987658e-05, 0.00010544496013021481, 0.9993679835220636 0.0006313631950914753 6.532828449067615e-07, 
65, 0000000000, 0000000000, 0.0012988546217389176, 0.0021609014010324553, 0.9935316290397267 0.0006257575853516959 0.005188189303921745 0.0006544240709998494, 
66, 0000000000, 0000000000, 6.544190338139817e-05, 0.00010897203528176271, 0.9993461677883094 0.0006538322116905763, 
67, 0000000000, 0000000000, 6.492238119484433e-05, 0.00010811076235620322, 0.9993513354258629 0.0006486645741372193, 
68, 0000000000, 0000000000, 6.190091812482179e-05, 0.00010306739884349567, 0.9993815956069391 0.0006184043930609741, 
69, 0000000000, 0000000000, 0.00022859445422422183, 0.00037945417734841144, 0.9986806537333586 0.0006079165168482706 0.0004654807021371807 0.00024594904765594573, 
70, 0000000000, 0000000000, 6.0421186951090245e-05, 0.00010060510996380387, 0.9993963693402171 0.0006036306597828233, 
71, 0000000000, 0000000000, 5.6346982247693466e-05, 9.381549596416895e-05, 0.9994371070242151 0.0005628929757850137, 
72, 0000000000, 0000000000, 6.082670652716218e-05, 0.000101293424649249, 0.9993935496202986 0.000605140211507542 1.3101681939760842e-06, 
73, 0000000000, 0000000000, 5.9646881103343076e-05, 9.932005217195552e-05, 0.9994041112211575 0.0005958572446533074 3.153418921288989e-08, 
74, 0000000000, 0000000000, 6.436512381980133e-05, 0.00010717789761271741, 0.9993569326143238 0.0006430673856763046, 
75, 0000000000, 0000000000, 6.688424819431081e-05, 0.00011137165877712712, 0.9993317700473373 0.0006682299526627627, 
76, 0000000000, 0000000000, 6.308610685115527e-05, 0.000105052322555156, 0.9993697091678524 0.0006302677289643743 2.3103183280853994e-08, 
77, 0000000000, 0000000000, 6.409104267962894e-05, 0.00010671618873723256, 0.999360065787991 0.000639571291594636 3.6292041437966477e-07, 
78, 0000000000, 0000000000, 0.0015967642161558568, 0.002657432659911709, 0.9922146272701594 0.0006075186774366034 0.006198559203096911 0.0009772205213885079 2.0743279185749232e-06, 
79, 0000000000, 0000000000, 6.401146337778897e-05, 0.00010659496745874697, 0.9993604301952476 0.0006395698047524819, 
80, 0000000000, 0000000000, 6.0079855942970905e-05, 0.00010004099006423743, 0.9993997540596146 0.0006002459403854246, 
81, 0000000000, 0000000000, 6.610335671840814e-05, 0.00011007041164555633, 0.9993395775301267 0.0006604224698733381, 
82, 0000000000, 0000000000, 5.865309084162334e-05, 9.765617354914856e-05, 0.9994140629587052 0.0005859370412948915, 
83, 0000000000, 0000000000, 6.006631692847935e-05, 0.00010002222917525698, 0.9993998666249485 0.0006001333750515419, 
84, 0000000000, 0000000000, 6.334462219892255e-05, 0.00010548305152208363, 0.9993671016908675 0.0006328983091325018, 
85, 0000000000, 0000000000, 6.175529857124589e-05, 0.00010282962003063919, 0.9993830222798161 0.0006169777201838352, 
86, 0000000000, 0000000000, 0.00048311530994598034, 0.0008038047005282712, 0.9972954571306755 0.0005862575354795334 0.0021182853338450477, 
87, 0000000000, 0000000000, 6.32991248685594e-05, 0.00010539837773037788, 0.9993676097336177 0.0006323902663822673, 
88, 0000000000, 0000000000, 5.5337055759480694e-05, 9.213931790308682e-05, 0.9994471640925815 0.000552835907418521, 
89, 0000000000, 0000000000, 6.618868918213052e-05, 0.00011022223853516211, 0.9993386665687889 0.0006613334312109727, 
90, 0000000000, 0000000000, 6.593592382110682e-05, 0.00010980274820472641, 0.9993411835107716 0.0006588164892283585, 
91, 0000000000, 0000000000, 6.069039823090564e-05, 0.00010104671072449253, 0.999393719735653 0.0006062802643469552, 
92, 0000000000, 0000000000, 0.007202971102703168, 0.012004526176445705, 0.9778715373233603 0.0005918422301664525 0.0039742895267472125 0.008075120470910805 0.008174677881794911 0.001312532567020257, 
93, 0000000000, 0000000000, 6.235876200892268e-05, 0.0001038244444901403, 0.9993777813581988 0.0006214906166616873 7.280251395773319e-07, 
94, 0000000000, 0000000000, 6.272019690951465e-05, 0.00010443642878986432, 0.9993733814272608 0.0006266185727391861, 
95, 0000000000, 0000000000, 0.00011303240449662285, 0.000188294101806328, 0.9991112713852822 0.0006487832774285337 0.00023885467845859978 1.0906588307448794e-06, 
96, 0000000000, 0000000000, 6.090399068673434e-05, 0.00010140885648465161, 0.9993915468610921 0.0006084531389079097, 
97, 0000000000, 0000000000, 5.934624536188424e-05, 9.881064835218014e-05, 0.999407136109887 0.0005928638901130809, 
98, 0000000000, 0000000000, 6.366391557007528e-05, 0.00010601398215701173, 0.9993639939188977 0.0006359282692624552 7.781183980760119e-08, 
99, 0000000000, 0000000000, 6.162843644919531e-05, 0.00010262070359018843, 0.9993842757784588 0.0006157242215411307, 
100, 0000000000, 0000000000, 5.823781242777918e-05, 9.69726787014382e-05, 0.9994185206028703 0.0005811227220507779 3.5667507892563223e-07, 
run, initial grid state, final grid state, mean grid cell occupancy, mean binding site occupancy, fraction of time with N TFs bound, warning
1, 0000000000, 0000000000, 9.36960892859023e-05, 0.00015607389385283765, 0.9992065878921564 0.0006503808525700692 0.00014303125527347836, 
2, 0000000000, 0000000000, 6.203068082158718e-05, 0.00010329298345418446, 0.9993808188213498 0.0006186044565752721 5.767220749173845e-07, 
3, 0000000000, 0000000000, 6.504270221724302e-05, 0.00010831397271833365, 0.9993503149957214 0.0006494861722472522 1.988320313748859e-07, 
4, 0000000000, 0000000000, 6.281395825692078e-05, 0.00010459338162928128, 0.999372613703318 0.0006272123035882921 1.7399309369779766e-07, 
5, 0000000000, 0000000000, 6.016362528025238e-05, 0.00010018264902660088, 0.9993989041058404 0.0006010958941596054, 
6, 0000000000, 0000000000, 5.950244771458394e-05, 9.907206097423112e-05, 0.9994055676341547 0.0005944323658453867, 
7, 0000000000, 0000000000, 0.0052958283041704525, 0.008826085947968887, 0.9823296988012474 0.0005853377722760706 0.006813696325253247 0.0053893971689145895 0.00183375590325628 0.0030481140290523705, 
8, 0000000000, 0000000000, 6.498021970423178e-05, 0.00010820818095757772, 0.9993507509142545 0.0006492490857454664, 
9, 0000000000, 0000000000, 6.332808522434722e-05, 0.00010544931559420093, 0.999367439194518 0.0006324257173989663 1.3508808311961946e-07, 
10, 0000000000, 0000000000, 6.595771117069509e-05, 0.00010981843741009396, 0.9993410893755396 0.0006589106244605638, 
11, 0000000000, 0000000000, 6.270059467968644e-05, 0.00010440962525229087, 0.9993735422484862 0.0006264577515137452, 
12, 0000000000, 0000000000, 6.822077119659876e-05, 0.00011361289372071658, 0.9993183226376757 0.0006816773623242996, 
13, 0000000000, 0000000000, 0.00034953141667321566, 0.0005824594547392157, 0.997939784779576 0.0006256737124127372 0.0014345415080112786, 
14, 0000000000, 0000000000, 5.488753634288132e-05, 9.137595026625278e-05, 0.9994517442984024 0.0005482557015975167, 
15, 0000000000, 0000000000, 0.0052338845529891, 0.008723053721199213, 0.9805537174838858 0.0006581210410422835 0.00687075331796629 0.0097309379782025 0.0021864701789032276, 
16, 0000000000, 0000000000, 6.434569481179616e-05, 0.00010715050424191437, 0.9993570969745487 0.0006429030254514863, 
17, 0000000000, 0000000000, 6.503879442043742e-05, 0.00010380046653866998, 0.999377197200768 0.00062280279923202, 
18, 0000000000, 0000000000, 6.661829112980538e-05, 0.00011094526037439628, 0.9993343284377536 0.0006656715622463778, 
19, 0000000000, 0000000000, 6.583663505990963e-05, 0.000109627174417769, 0.9993422369534934 0.0006577630465066141, 
20, 0000000000, 0000000000, 6.376690982872477e-05, 0.00010618340352126199, 0.9993628995788724 0.000637100421127572, 
21, 0000000000, 0000000000, 6.218306341952177e-05, 0.0001035371698987797, 0.9993800565027492 0.0006186639751088227 1.2795221419277644e-06, 
22, 0000000000, 0000000000, 5.9013929276188415e-05, 9.825554711380276e-05, 0.9994104667173171 0.0005895332826828167, 
23, 0000000000, 0000000000, 6.169904483293282e-05, 0.00010273354586557562, 0.9993835987248065 0.0006164012751934537, 
24, 0000000000, 0000000000, 5.1762821096585326e-05, 8.617590193178266e-05, 0.9994829445884093 0.0005170554115906961, 
25, 0000000000, 0000000000, 6.69316120460266e-05, 0.00011145277840117546, 0.999331283329593 0.0006687166704070528, 
26, 0000000000, 0000000000, 0.0015399610079705763, 0.0025652423991635413, 0.9927300257205148 0.0006538561165110645 0.0051107792117740984 0.0015053159498780964 2.300132192316509e-08, 
27, 0000000000, 0000000000, 6.447704823311057e-05, 0.00010733067491442826, 0.9993560159505135 0.0006439840494865696, 
28, 0000000000, 0000000000, 6.227583699131681e-05, 0.00010369500733840403, 0.9993778299559696 0.0006221700440304242, 
29, 0000000000, 0000000000, 6.319374046264273e-05, 0.00010522491917480744, 0.9993687669217499 0.0006311166414512453 1.1643679879960558e-07, 
30, 0000000000, 0000000000, 6.144940499477079e-05, 0.00010231574069296126, 0.9993861055558423 0.0006138944441577677, 
31, 0000000000, 0000000000, 6.291391239710422e-05, 0.00010476755189139971, 0.999371404987148 0.0006285847143555423 1.0298496427990141e-08, 
32, 0000000000, 0000000000, 6.804903684413859e-05, 0.00011331838367421768, 0.9993200896979546 0.0006799103020453061, 
33, 0000000000, 0000000000, 6.2041028141052e-05, 0.00010330645358599381, 0.9993801612784841 0.000619838721515963, 
34, 0000000000, 0000000000, 0.00034003564795567873, 0.0005666344063158346, 0.9979935532939139 0.0006131710181544798 0.001393191644054236 8.404387735185167e-08, 
35, 0000000000, 0000000000, 0.02275086098300157, 0.03790268324974289, 0.9488331724137237 0.0005591025145814463 0.0034419178598771487 0.002388747298486119 0.01896818222470465 0.01791907566191653 0.007889802026710338, 
36, 0000000000, 0000000000, 6.250714568700782e-05, 0.00010408004271225476, 0.9993755197437265 0.0006244802562735286, 
37, 0000000000, 0000000000, 6.0318255958176665e-05, 0.00010042763440299294, 0.999397434193582 0.0006025658064179576, 
38, 0000000000, 0000000000, 6.379499004263779e-05, 0.00010623114877898413, 0.999362613107326 0.0006373868926739049, 
39, 0000000000, 0000000000, 6.56132327302571e-05, 0.00010926294161956238, 0.9993444661543022 0.0006554900416783358 4.3804019519260945e-08, 
40, 0000000000, 0000000000, 5.953206555334533e-05, 9.912835745585707e-05, 0.9994052753160194 0.0005946792232259901 4.5460754576183495e-08, 
41, 0000000000, 0000000000, 0.012117882125718026, 0.020192773142315563, 0.9579918182746057 0.0006222749904169081 0.013654357792035226 0.018133671759394406 0.009164752916516576 0.0004331242670312949, 
42, 0000000000, 0000000000, 0.00014756406219651005, 0.0002458441665543664, 0.9989602835287787 0.0006043679431162711 0.0004353485281049637, 
43, 0000000000, 0000000000, 6.233512664066843e-05, 0.00010379667512861639, 0.9993772199492283 0.0006227800507716983, 
44, 0000000000, 0000000000, 6.160842455270318e-05, 0.00010258242310856426, 0.9993847491941297 0.0006150070730892463 2.437327810696193e-07, 
45, 0000000000, 0000000000, 6.775761880469798e-05, 0.0001128363265092521, 0.9993229820409446 0.0006770179590555127, 
46, 0000000000, 0000000000, 6.620462324735397e-05, 0.00011024565079487037, 0.9993385260952307 0.0006614739047692223, 
47, 0000000000, 0000000000, 5.718752240199422e-05, 9.522345830732371e-05, 0.9994286592501561 0.0005713407498439423, 
48, 0000000000, 0000000000, 6.027292135369661e-05, 0.00010035379275675254, 0.9993978772434594 0.0006021227565405153, 
49, 0000000000, 0000000000, 6.508669793425711e-05, 0.0001083871680333891, 0.9993507846942744 0.0006481076032510328 1.1077024746508824e-06, 
50, 0000000000, 0000000000, 6.452351510976415e-05, 0.00010744068440766375, 0.9993566383187288 0.0006420792560963292 1.2824251748266674e-06, 
51, 0000000000, 0000000000, 6.24940352813221e-05, 0.00010406964035452742, 0.9993755821578728 0.0006244178421271645, 
52, 0000000000, 0000000000, 6.44246822937383e-05, 0.00010727530608565809, 0.9993563481634861 0.0006436518365139486, 
53, 0000000000, 0000000000, 5.896222888338677e-05, 9.817838638091542e-05, 0.9994109442049802 0.0005890412717542013 1.452326564561753e-08, 
54, 0000000000, 0000000000, 6.85093335909947e-05, 0.00011407798187468915, 0.9993157223104127 0.0006840874879266076 1.9020166076364968e-07, 
55, 0000000000, 0000000000, 6.075453058531498e-05, 0.00010115244427659908, 0.9993930853343403 0.0006069146656595945, 
56, 0000000000, 0000000000, 5.88826897691122e-05, 9.804391450152812e-05, 0.9994117365129908 0.0005882634870091688, 
57, 0000000000, 0000000000, 5.6837751948549364e-05, 9.464451283098582e-05, 0.999432279339283 0.0005675742444479686 1.4641626897312343e-07, 
58, 0000000000, 0000000000, 6.234462388313863e-05, 0.00010381893689155716, 0.9993772620048286 0.000622562368993427 1.7562617795807973e-07, 
59, 0000000000, 0000000000, 5.910520316803464e-05, 9.842725160189761e-05, 0.9994094364903887 0.0005905635096113858, 
60, 0000000000, 0000000000, 6.10094656884867e-05, 0.00010157905561003478, 0.9993905256663399 0.0006094743336602087, 
61, 0000000000, 0000000000, 6.578801866071634e-05, 0.00010955216920094337, 0.9993426869847943 0.0006573130152056603, 
62, 0000000000, 0000000000, 6.002226263140966e-05, 9.993964546413417e-05, 0.9994009216615473 0.0005985188041205495 5.595343321277981e-07, 
63, 0000000000, 0000000000, 6.458101078927591e-05, 0.00010753970357088703, 0.9993547617785746 0.0006452382214253222, 
64, 0000000000, 0000000000, 6.396077348375218e-05, 0.000106509514398423, 0.9993609429136094 0.0006390570863905381, 
65, 0000000000, 0000000000, 5.9643591641977094e-05, 9.931323287457867e-05, 0.9994041206027525 0.0005958793972474721, 
66, 0000000000, 0000000000, 5.8450498933203926e-05, 9.732296199107705e-05, 0.9994160622280536 0.0005839377719464623, 
67, 0000000000, 0000000000, 5.860786616835142e-05, 9.758464587903598e-05, 0.9994144921247259 0.0005855078752742159, 
68, 0000000000, 0000000000, 5.678570723088465e-05, 9.45447341269613e-05, 0.9994327315952383 0.0005672684047617678, 
69, 0000000000, 0000000000, 6.268576859463425e-05, 0.00010438430211862708, 0.9993736941872882 0.0006263058127117626, 
70, 0000000000, 0000000000, 6.214625560235334e-05, 0.00010348784667380788, 0.9993790729199571 0.0006209270800428473, 
71, 0000000000, 0000000000, 5.9619289058294884e-05, 9.925855997100386e-05, 0.999404448640174 0.0005955513598260232, 
72, 0000000000, 0000000000, 6.177529562529033e-05, 0.00010286433893681124, 0.9993829610664464 0.0006168918334863631 1.471000672522045e-07, 
73, 0000000000, 0000000000, 0.010983777916818354, 0.018306043113326648, 0.9684095172414633 0.0006017173618276634 0.005090822221311252 0.004969295166065011 0.02049822866934935 0.00043041933998346323, 
74, 0000000000, 0000000000, 6.120094433381602e-05, 0.00010191182248189087, 0.9993885290651087 0.0006114709348913452, 
75, 0000000000, 0000000000, 5.9357655859085534e-05, 9.88308958439922e-05, 0.9994070146249361 0.0005929853750639533, 
76, 0000000000, 0000000000, 6.31048689898201e-05, 0.0001050853604218857, 0.9993694878374687 0.0006305121625313142, 
77, 0000000000, 0000000000, 6.556370360518487e-05, 0.00010918195980288997, 0.9993449082411826 0.0006550917588173398, 
78, 0000000000, 0000000000, 5.9983286100739215e-05, 9.988638736474969e-05, 0.9994010818969307 0.0005985178819501901 4.002211191540672e-07, 
79, 0000000000, 0000000000, 6.157885542666903e-05, 0.00010253406480175468, 0.9993847956111895 0.0006152043888105281, 
80, 0000000000, 0000000000, 6.0999846873363215e-05, 0.00010157442160792308, 0.9993913891941989 0.0006077750819548263 8.357238463560739e-07, 
81, 0000000000, 0000000000, 6.027980835047239e-05, 0.00010036867733107716, 0.9993977879360135 0.0006022120639864629, 
82, 0000000000, 0000000000, 5.902744195576258e-05, 9.828643624364416e-05, 0.9994102813825382 0.000589718617461865, 
83, 0000000000, 0000000000, 5.8677458007334506e-05, 9.575778372588604e-05, 0.9994254532976447 0.0005745467023553162, 
84, 0000000000, 0000000000, 6.567685485706467e-05, 0.00010935917691292204, 0.9993443579652465 0.0006551290080293548 5.130267240887596e-07, 
85, 0000000000, 0000000000, 5.6847802130309324e-05, 9.464945805582097e-05, 0.9994322748827527 0.0005675534861597179 1.7163108760402315e-07, 
86, 0000000000, 0000000000, 6.395986188883006e-05, 0.00010453994723096459, 0.9993727603166143 0.0006272396833857876, 
87, 0000000000, 0000000000, 6.223538864037603e-05, 0.00010362854302586805, 0.9993782287418448 0.0006217712581552083, 
88, 0000000000, 0000000000, 6.014743173056219e-05, 0.00010015514649212127, 0.9993994004384223 0.0006002682442026339 3.3131737504686627e-07, 
89, 0000000000, 0000000000, 6.266725302633926e-05, 0.00010434873232833766, 0.99937390760603 0.000626092393970026, 
90, 0000000000, 0000000000, 0.00011569907253182892, 0.0001927337154721555, 0.9991324922822518 0.0005786131426635832 0.0002888945750846749, 
91, 0000000000, 0000000000, 6.655566985585515e-05, 0.00011082976048197377, 0.9993350214371081 0.0006649785628918427, 
92, 0000000000, 0000000000, 0.000375686434373227, 0.0006260538610387637, 0.9978155030969682 0.0006135957598984718 0.0015699760230658735 9.251200674545197e-07, 
93, 0000000000, 0000000000, 6.09527112211053e-05, 0.00010149320278636944, 0.9993910407832818 0.0006089592167182167, 
94, 0000000000, 0000000000, 6.278504566556721e-05, 0.00010455735722112765, 0.9993726558566732 0.000627344143326766, 
95, 0000000000, 0000000000, 6.029849025651837e-05, 0.0001003936586063094, 0.9993976380483621 0.0006023619516378566, 
96, 0000000000, 0000000000, 5.569272563712547e-05, 9.272831607252988e-05, 0.9994436301035649 0.0005563698964351792, 
97, 0000000000, 0000000000, 6.304802867105748e-05, 0.00010498805951941993, 0.9993700716428835 0.0006299283571165196, 
98, 0000000000, 0000000000, 6.629107791930091e-05, 0.00011039475899509075, 0.9993376314460295 0.0006623685539705446, 
99, 0000000000, 0000000000, 5.7576101297375435e-05, 9.585678961323897e-05, 0.9994250489092983 0.0005747614437239261 1.8964697775386626e-07, 
100, 0000000000, 0000000000, 0.00023482565850479266, 0.0003912769169085503, 0.9985274316376956 0.0005974752231575449 0.0008750931391468786, 
run, initial grid state, final grid state, mean grid cell occupancy, mean binding site occupancy, fraction of time with N TFs bound, warning
1, 0000000000, 0000000000, 6.659256607025709e-05, 0.00011088725565342382, 0.9993346764660794 0.0006653235339205429, 
2, 0000000000, 0000000000, 6.070854637366109e-05, 0.00010108442747738721, 0.9993934934351357 0.0006065065648643234, 
3, 0000000000, 0000000000, 5.909150543979666e-05, 9.839061633237111e-05, 0.9994096563020058 0.0005903436979942267, 
4, 0000000000, 0000000000, 6.085661134008358e-05, 0.00010133807804505894, 0.9993919715317295 0.0006080284682703536, 
5, 0000000000, 0000000000, 6.422692624563068e-05, 0.00010694925212410266, 0.9993583044872553 0.0006416955127446159, 
6, 0000000000, 0000000000, 6.356122694280766e-05, 0.00010584334629553886, 0.9993653805290391 0.0006341788641484152 4.406068124089922e-07, 
7, 0000000000, 0000000000, 5.8295714544773255e-05, 9.706316338711524e-05, 0.9994181882059416 0.0005812446077940704 5.671862643105643e-07, 
8, 0000000000, 0000000000, 6.490140032679693e-05, 0.00010808457977958531, 0.9993514925213225 0.0006485074786775119, 
9, 0000000000, 0000000000, 6.197142956193383e-05, 0.0001031903072405211, 0.9993810279926374 0.0006188021712820698 1.6983608052844092e-07, 
10, 0000000000, 0000000000, 6.337781717222632e-05, 0.00010553896645946926, 0.9993667662012433 0.0006332337987568155, 
11, 0000000000, 0000000000, 5.6133506356129714e-05, 9.346711460834176e-05, 0.99943919731235 0.0005608026876500505, 
12, 0000000000, 0000000000, 6.294503484011684e-05, 0.00010481251029507662, 0.9993711249382294 0.0006288750617704597, 
13, 0000000000, 0000000000, 6.280005714441378e-05, 0.00010456595575136272, 0.9993726042654919 0.0006273957345081764, 
14, 0000000000, 0000000000, 6.067176849063876e-05, 0.0001010275560925932, 0.9993952908648058 0.0006032529338328372 1.4562013613610038e-06, 
15, 0000000000, 0000000000, 6.358044412280687e-05, 0.00010587541440474816, 0.9993647475135715 0.0006352524864284891, 
16, 0000000000, 0000000000, 6.565279573814206e-05, 0.00010933028354478757, 0.9993440182987313 0.0006559817012687255, 
17, 0000000000, 0000000000, 0.0011923016455122409, 0.0019870727369245664, 0.9937293544916097 0.0006192424065817059 0.005651015290460019 3.8781134855179553e-07, 
18, 0000000000, 0000000000, 0.003971202541545162, 0.006614114526836022, 0.9834848800758748 0.0006211580768512903 0.008619599611407723 0.007273119082115363 1.2431537508254958e-06, 
19, 0000000000, 0000000000, 0.0005953758687993329, 0.0009921857884120516, 0.9970114311173518 0.0006892651290369895 0.0016344948083468844 0.0006643757963154429 4.3314894880567273e-07, 
20, 0000000000, 0000000000, 6.303882115554028e-05, 0.00010497314312217237, 0.999370161141267 0.0006298388587330343, 
21, 0000000000, 0000000000, 6.163686669681114e-05, 0.0001026316687604688, 0.9993842099874372 0.0006157900125628128, 
22, 0000000000, 0000000000, 6.199763223807932e-05, 0.00010323388465151439, 0.9993805966920909 0.0006194033079090864, 
23, 0000000000, 0000000000, 6.428344011902924e-05, 0.00010704530042781788, 0.9993580169471058 0.0006416943032213096 2.887496727988833e-07, 
24, 0000000000, 0000000000, 6.899588120376702e-05, 0.00011489666984090882, 0.9993106199809546 0.000689380019045453, 
25, 0000000000, 0000000000, 6.424642664366703e-05, 0.00010698359551752627, 0.9993581405444654 0.0006418173379639939 4.211757058189028e-08, 
26, 0000000000, 0000000000, 6.35726883878236e-05, 0.00010585591808846939, 0.9993648644914692 0.0006351355085308164, 
27, 0000000000, 0000000000, 6.337060143017557e-05, 0.00010551613290431392, 0.9993672305467077 0.0006324421091584028 3.2734413374037967e-07, 
28, 0000000000, 0000000000, 6.497295726938594e-05, 0.00010818938424806294, 0.9993508636945114 0.0006491363054883777, 
29, 0000000000, 0000000000, 6.434017713300413e-05, 0.00010714544989504345, 0.9993571273006298 0.0006428726993702609, 
30, 0000000000, 0000000000, 6.721375272115375e-05, 0.00010909429267527758, 0.9993454342439484 0.0006545657560516655, 
31, 0000000000, 0000000000, 0.00978132405716024, 0.016294080133000443, 0.9728431658927297 0.0005544011481765891 0.0068560093600655726 0.005735418958681736 0.003763219148082108 0.010247785492264258, 
32, 0000000000, 0000000000, 6.519010402920907e-05, 0.0001085544204815832, 0.9993486734771105 0.0006513265228894993, 
33, 0000000000, 0000000000, 6.502516676560897e-05, 0.00010828037145028978, 0.9993503177712983 0.0006496822287017388, 
34, 0000000000, 0000000000, 6.271592243308578e-05, 0.00010442297948128758, 0.9993734621231123 0.0006265378768877254, 
35, 0000000000, 0000000000, 5.750059208946452e-05, 9.57409315767329e-05, 0.9994255544105396 0.0005744455894603974, 
36, 0000000000, 0000000000, 6.760811296370396e-05, 0.00011258297849945757, 0.9993245021290033 0.0006754978709967455, 
37, 0000000000, 0000000000, 6.204164029670792e-05, 0.00010331267924685909, 0.9993801239245189 0.0006198760754811545, 
38, 0000000000, 0000000000, 6.131825800837969e-05, 0.00010210743357785796, 0.9993874191726493 0.0006125170532342745 6.377411643664041e-08, 
39, 0000000000, 0000000000, 5.754351400151944e-05, 9.581436102192382e-05, 0.9994251872178568 0.0005747393981549183 7.338398831231252e-08, 
40, 0000000000, 0000000000, 6.572333118341052e-05, 0.00010943994669890409, 0.99934360030774 0.0006561597043266074 2.399879334086463e-07, 
41, 0000000000, 0000000000, 6.226618499005949e-05, 0.00010368449056754026, 0.99937811931738 0.000621654421834718 2.2626078526178994e-07, 
42, 0000000000, 0000000000, 5.786727520459332e-05, 9.635844455967033e-05, 0.999421849332642 0.000578150667358022, 
43, 0000000000, 0000000000, 5.8499394235745384e-05, 9.740901853075851e-05, 0.9994159305975043 0.0005836846938066705 3.8470868894032067e-07, 
44, 0000000000, 0000000000, 5.846511198831064e-05, 9.733662956324751e-05, 0.9994159802226205 0.0005840197773794852, 
45, 0000000000, 0000000000, 6.419682178312505e-05, 0.00010691263077181855, 0.9993585242153691 0.0006414757846309113, 
46, 0000000000, 0000000000, 6.02481432484454e-05, 0.00010031465481090819, 0.9993981120711346 0.0006018879288654491, 
47, 0000000000, 0000000000, 5.6909574366910424e-05, 9.475431766139686e-05, 0.9994314740940317 0.0005685259059683811, 
48, 0000000000, 0000000000, 5.9797665314073626e-05, 9.95622106615858e-05, 0.9994026267360304 0.0005973732639695149, 
49, 0000000000, 0000000000, 5.922029902560352e-05, 9.86073667430355e-05, 0.9994083557995418 0.0005916442004582131, 
50, 0000000000, 0000000000, 6.548000217672613e-05, 0.00010902469149201236, 0.9993460476431001 0.000653756564847945 1.9579205206462312e-07, 
51, 0000000000, 0000000000, 6.475598725634593e-05, 0.00010783340404614844, 0.9993529995757231 0.0006470004242768906, 
52, 0000000000, 0000000000, 5.8967227722003316e-05, 9.818795880326385e-05, 0.9994108722471804 0.0005891277528195832, 
53, 0000000000, 0000000000, 6.0776527047412355e-05, 0.0001011981611821438, 0.9993928110329071 0.0006071889670928629, 
54, 0000000000, 0000000000, 6.290841009300563e-05, 0.00010475254217065173, 0.9993715721594288 0.0006283404281185149 8.74124526977539e-08, 
55, 0000000000, 0000000000, 6.480626666697698e-05, 0.00010792086734467833, 0.9993525110152305 0.0006474527654711289 3.621929847058795e-08, 
56, 0000000000, 0000000000, 0.0019684247387730283, 0.003279534709172633, 0.9918484862972182 0.0006186720443972346 0.00353998876451515 0.003992852893869422, 
57, 0000000000, 0000000000, 6.389443897884746e-05, 0.00010639382725451197, 0.999361637036473 0.0006383629635270719, 
58, 0000000000, 0000000000, 6.228715952198061e-05, 0.00010371639327287842, 0.9993777016403628 0.0006222983596372706, 
59, 0000000000, 0000000000, 6.180887021789441e-05, 0.00010291804387364843, 0.9993824917367582 0.0006175082632418906, 
60, 0000000000, 0000000000, 6.035452707260097e-05, 0.00010049961441580918, 0.9993970023135051 0.0006029976864948551, 
61, 0000000000, 0000000000, 6.0223190312215506e-05, 0.00010003583916603606, 0.9993997849650038 0.0006002150349962163, 
62, 0000000000, 0000000000, 0.0008414967258159358, 0.0014024003542143636, 0.9956100949236844 0.0006546925024810653 0.0034459280986983433 0.0002892844751361438, 
63, 0000000000, 0000000000, 0.000724536474708157, 0.0012074725911585557, 0.9969950050542824 0.0006437333776929675 0.00048640176140603557 0.0018711405800282386 3.719226590394973e-06, 
64, 0000000000, 0000000000, 6.667446259076363e-05, 0.00011102726409851001, 0.999334127369968 0.0006655816754731272 2.909545589664152e-07, 
65, 0000000000, 0000000000, 5.890507241901502e-05, 9.806704905612884e-05, 0.9994115977056632 0.0005884022943367731, 
66, 0000000000, 0000000000, 0.0004143653754533237, 0.0006905155197861106, 0.9976408859674237 0.0005751349464360108 0.0017839790861403266, 
67, 0000000000, 0000000000, 6.40709266090612e-05, 0.00010668115661980708, 0.9993600098775378 0.0006398933052056234 9.681725660959879e-08, 
68, 0000000000, 0000000000, 6.79500071801996e-05, 0.00011314833101421317, 0.9993211100139147 0.0006788899860852791, 
69, 0000000000, 0000000000, 0.0010356898418253286, 0.0017225882742703865, 0.994523589041431 0.0006172922715156186 0.004859118687053351, 
70, 0000000000, 0000000000, 5.702465289975528e-05, 9.495143842389312e-05, 0.9994302913694567 0.0005697086305433587, 
71, 0000000000, 0000000000, 5.8077362994160026e-05, 9.670877293496306e-05, 0.9994197473623903 0.0005802526376097784, 
72, 0000000000, 0000000000, 6.0842707072334756e-05, 0.00010131451340818317, 0.9993925537676036 0.0006070053843436416 4.4084805272874375e-07, 
73, 0000000000, 0000000000, 6.162540583962736e-05, 9.928346392097144e-05, 0.9994042992164742 0.0005957007835258288, 
74, 0000000000, 0000000000, 6.343732770383637e-05, 0.0001056338562858137, 0.9993661968622851 0.0006338031377148823, 
75, 0000000000, 0000000000, 6.039986487783429e-05, 0.00010056313921759761, 0.9993980184304582 0.000600584303778197 1.3972657636943317e-06, 
76, 0000000000, 0000000000, 5.812862951213165e-05, 9.678946320314577e-05, 0.9994193734041971 0.0005805164123871406 1.1018341586703344e-07, 
77, 0000000000, 0000000000, 6.822910849646446e-05, 0.00011361049933613741, 0.9993183370039832 0.0006816629960168246, 
78, 0000000000, 0000000000, 5.975098786480971e-05, 9.949339887000639e-05, 0.99940303960678 0.0005969603932200383, 
79, 0000000000, 0000000000, 5.816061203339257e-05, 9.683991589189587e-05, 0.9994189605046487 0.0005810394953513753, 
80, 0000000000, 0000000000, 5.708729052886453e-05, 9.504845884678495e-05, 0.9994297092469193 0.0005702907530807098, 
81, 0000000000, 0000000000, 0.00019960703404753793, 0.0003325897489672321, 0.9987226425016026 0.000559176502991454 0.000718180995405969, 
82, 0000000000, 0000000000, 6.601815608326727e-05, 0.00010993748412535652, 0.9993403750952479 0.0006596249047521391, 
83, 0000000000, 0000000000, 6.333054209558745e-05, 0.00010545654809089219, 0.9993676005951433 0.0006320595211680121 3.398836886705387e-07, 
84, 0000000000, 0000000000, 6.211171113798406e-05, 0.00010343382186425974, 0.9993793970688144 0.0006206029311855585, 
85, 0000000000, 0000000000, 6.43343031994733e-05, 0.00010713121791297247, 0.9993572126925222 0.0006427873074778348, 
86, 0000000000, 0000000000, 6.485013386601268e-05, 0.00010799500226675171, 0.9993520299863995 0.0006479700136005102, 
87, 0000000000, 0000000000, 6.220855325968528e-05, 0.00010358647727442585, 0.9993784811363535 0.0006215188636465551, 
88, 0000000000, 0000000000, 6.472309301320477e-05, 0.00010778689066044466, 0.9993532786560374 0.0006467213439626681, 
89, 0000000000, 0000000000, 6.451868577192447e-05, 0.0001074339889219307, 0.9993553960664684 0.0006446039335315843, 
90, 0000000000, 0000000000, 6.31394694687817e-05, 0.00010513021917758666, 0.9993698107013295 0.0006295972822754269 5.920163950465974e-07, 
91, 0000000000, 0000000000, 0.000517205389225829, 0.0008619103455267688, 0.9971007753516757 0.0006269872234879559 0.0022722374248363287, 
92, 0000000000, 0000000000, 6.200286632006407e-05, 0.000103246364735988, 0.9993805218115841 0.000619478188415928, 
93, 0000000000, 0000000000, 5.9389403032694936e-05, 9.888138327385575e-05, 0.9994067117003569 0.0005932882996431345, 
94, 0000000000, 0000000000, 6.573071833937396e-05, 0.000109454839868181, 0.999343351408202 0.00065656814438692 8.044741108303978e-08, 
95, 0000000000, 0000000000, 0.00011713290912645642, 0.00019513284957079936, 0.9990963807662788 0.0006364413700176587 0.00026717786370356874, 
96, 0000000000, 0000000000, 5.7318141521685974e-05, 9.544024727230034e-05, 0.9994273585163662 0.000572641483633802, 
97, 0000000000, 0000000000, 6.68338792047975e-05, 0.0001113043685361761, 0.9993321820624943 0.0006678096637944206 8.273711318061465e-09, 
98, 0000000000, 0000000000, 5.94935920098352e-05, 9.90553444988152e-05, 0.9994056679330071 0.0005943320669928912, 
99, 0000000000, 0000000000, 5.6798839868397025e-05, 9.45734750428427e-05, 0.9994325591497429 0.0005674408502570564, 
100, 0000000000, 0000000000, 6.419001663953816e-05, 0.00010689278221870774, 0.9993594672369406 0.000639708832806552 8.239302528472173e-07, 
run, initial grid state, final grid state, mean grid cell occupancy, mean binding site occupancy, fraction of time with N TFs bound, warning
1, 0000000000, 0000000000, 5.6821053644703375e-05, 9.46098123337227e-05, 0.9994323411259977 0.0005676588740023363, 
2, 0000000000, 0000000000, 6.510562342369984e-05, 0.00010841164555280075, 0.9993496059247406 0.0006503182772018285 7.579805748803275e-08, 
3, 0000000000, 0000000000, 6.039298219268193e-05, 0.0001005576521075259, 0.9993966540873549 0.0006033459126451554, 
4, 0000000000, 0000000000, 6.14544351316798e-05, 0.00010233598869444594, 0.9993859840678334 0.0006140159321666756, 
5, 0000000000, 0000000000, 0.00011522153466586699, 0.0001919397967068843, 0.9990962822064751 0.0006557968068086061 0.0002479209867163499, 
6, 0000000000, 0000000000, 6.344996051547514e-05, 0.0001056494852797633, 0.9993661030883213 0.0006338969116785799, 
7, 0000000000, 0000000000, 5.902797918781615e-05, 9.828696907904848e-05, 0.9994102781855257 0.0005897218144742908, 
