run, initial grid state, final grid state, mean grid cell occupancy, mean binding site occupancy, fraction of time with N TFs bound, warning
1, 0000000000, 0000000000, 3.379577532082778e-05, 5.623673308718283e-05, 0.9996949357347557 0.0002727081319655966 3.235613327875023e-05, 
2, 0000000000, 0000000000, 2.996628046519388e-05, 4.9852441891463135e-05, 0.9997008853486513 0.00029911465134877885, 
3, 0000000000, 0000000000, 0.0004813624177728846, 0.0008021710922816379, 0.9974523874617895 0.0002825359562127417 0.0022647391485160037 3.374334816927356e-07, 
4, 0000000000, 0000000000, 2.836768196454724e-05, 4.718503916006423e-05, 0.9997170284621281 0.0002828328407836071 1.386970883891696e-07, 
5, 0000000000, 0000000000, 2.6745312135879198e-05, 4.449240853654316e-05, 0.9997330455487807 0.00026695445121925897, 
6, 0000000000, 0000000000, 2.934461193920095e-05, 4.8808427913365065e-05, 0.9997071494325198 0.0002928505674801904, 
7, 0000000000, 0000000000, 2.711182470966663e-05, 4.5087556467520775e-05, 0.9997294746611948 0.00027052533880512466, 
8, 0000000000, 0000000000, 2.553344214587643e-05, 4.246930987193692e-05, 0.9997451841407684 0.00025481585923162154, 
9, 0000000000, 0000000000, 0.000440818189999443, 0.000734599235160526, 0.9976580484459204 0.00027671797502986154 0.00206482330121625 4.102778335980006e-07, 
10, 0000000000, 0000000000, 2.7939661123613294e-05, 4.6471656869270324e-05, 0.9997211700587844 0.000278829941215622, 
11, 0000000000, 0000000000, 2.680373757374231e-05, 4.457614368594912e-05, 0.9997325703986161 0.00026740234065220975 2.726073174249558e-08, 
12, 0000000000, 0000000000, 2.5852920701391784e-05, 4.299435537834009e-05, 0.99974203386773 0.0002579661322700406, 
13, 0000000000, 0000000000, 2.7993793679878636e-05, 4.655146093820001e-05, 0.9997206912343709 0.0002793087656292001, 
14, 0000000000, 0000000000, 2.6574162141244712e-05, 4.420808399989775e-05, 0.9997347514960007 0.00026524850399938654, 
15, 0000000000, 0000000000, 2.707624671231141e-05, 4.503211200088416e-05, 0.9997298073279948 0.00027019267200530496, 
16, 0000000000, 0000000000, 2.734645211443643e-05, 4.548260318756465e-05, 0.9997271043808746 0.0002728956191253879, 
17, 0000000000, 0000000000, 2.7193932858078025e-05, 4.523469443548111e-05, 0.9997285918333871 0.0002714081666128867, 
18, 0000000000, 0000000000, 2.8098199802193576e-05, 4.6743576406915446e-05, 0.9997195385415585 0.0002804614584414927, 
19, 0000000000, 0000000000, 2.7461584432798326e-05, 4.566676823462994e-05, 0.9997259993905923 0.0002740006094077797, 
20, 0000000000, 0000000000, 2.5819967625688188e-05, 4.2943247959952435e-05, 0.9997423405122403 0.0002576594877597146, 
21, 0000000000, 0000000000, 2.6547337503005295e-05, 4.415089363669261e-05, 0.9997350946381798 0.00026490536182015566, 
22, 0000000000, 0000000000, 0.0006504340719812698, 0.0010839580852372232, 0.9975307330192751 0.00026536706748897006 0.00037331829577338124 0.0018305816174625355, 
23, 0000000000, 0000000000, 2.6815465410450938e-05, 4.459775417603156e-05, 0.9997324482975457 0.00026751687985249683 3.4822601846286224e-08, 
24, 0000000000, 0000000000, 2.782815767053552e-05, 4.627862043744932e-05, 0.9997223282773753 0.0002776717226246959, 
25, 0000000000, 0000000000, 2.7350933038970474e-05, 4.548963915565408e-05, 0.9997270663771283 0.00027292941080933456 4.2120622949940815e-09, 
26, 0000000000, 0000000000, 2.776441235353682e-05, 4.617579176462001e-05, 0.9997229452494123 0.0002770547505877201, 
27, 0000000000, 0000000000, 2.683167383089984e-05, 4.46251787605996e-05, 0.9997322489274364 0.0002677510725635976, 
28, 0000000000, 0000000000, 2.6998525474062932e-05, 4.490193812305866e-05, 0.9997305883712616 0.000269411628738352, 
29, 0000000000, 0000000000, 2.5959253354210353e-05, 4.3175104695113756e-05, 0.9997409493718293 0.0002590506281706825, 
30, 0000000000, 0000000000, 2.6930474237461344e-05, 4.477830264966254e-05, 0.9997316012149768 0.0002681277541481082 2.7103087493351523e-07, 
31, 0000000000, 0000000000, 2.5024870077097518e-05, 4.1604610694393794e-05, 0.9997503847242135 0.00024960288740653397 1.238837991441999e-08, 
32, 0000000000, 0000000000, 2.923026398544167e-05, 4.8624286288626886e-05, 0.9997086121616042 0.0002910299590598872 3.578793359370458e-07, 
33, 0000000000, 0000000000, 2.623637082329824e-05, 4.363989159225287e-05, 0.9997382851254267 0.0002615903995929903 1.2447498026348295e-07, 
34, 0000000000, 0000000000, 2.685196652866184e-05, 4.466341697794069e-05, 0.9997320194981324 0.00026798050186764414, 
35, 0000000000, 0000000000, 3.46360846477401e-05, 5.240157105539366e-05, 0.9996855905736677 0.000314409426332362, 
36, 0000000000, 0000000000, 2.8391650186550358e-05, 4.72260715568281e-05, 0.999716643570659 0.0002833564293409686, 
37, 0000000000, 0000000000, 2.5505772063516706e-05, 4.24019620935261e-05, 0.9997455882274389 0.0002544117725611566, 
38, 0000000000, 0000000000, 2.858714179873477e-05, 4.7540582993903684e-05, 0.9997147565020366 0.00028524349796342214, 
39, 0000000000, 0000000000, 2.5835627398063805e-05, 4.296238994547128e-05, 0.9997422256603271 0.00025777433967282774, 
40, 0000000000, 0000000000, 2.709766409044666e-05, 4.506659940003572e-05, 0.9997296004035997 0.0002703995964002143, 
41, 0000000000, 0000000000, 2.7219285871217237e-05, 4.526033844144595e-05, 0.9997284379693513 0.0002715620306486757, 
42, 0000000000, 0000000000, 2.7472289429120743e-05, 4.569955512253881e-05, 0.9997258904061044 0.0002740218570562552 8.773683948885826e-08, 
43, 0000000000, 0000000000, 2.6812210960111556e-05, 4.459178808555765e-05, 0.9997324492714867 0.00026755072851334587, 
44, 0000000000, 0000000000, 2.8226006000966184e-05, 4.694892805539455e-05, 0.999718741177073 0.0002808240775215643 4.347454054015023e-07, 
45, 0000000000, 0000000000, 2.9037634630676922e-05, 4.830523016895442e-05, 0.9997101686189864 0.00028983138101372653, 
46, 0000000000, 0000000000, 2.87498682512294e-05, 4.7820301243915615e-05, 0.9997130781925365 0.0002869218074634937, 
47, 0000000000, 0000000000, 2.49696597774094e-05, 4.1524948907850507e-05, 0.9997508503065529 0.00024914969344710307, 
48, 0000000000, 0000000000, 2.6642611118259557e-05, 4.431453373048367e-05, 0.9997341127976171 0.000265887202382902, 
49, 0000000000, 0000000000, 2.6375998334171446e-05, 4.3870679877142464e-05, 0.9997367759207372 0.0002632240792628548, 
50, 0000000000, 0000000000, 2.8394245855445373e-05, 4.7235834408271716e-05, 0.9997165849935504 0.00028341500644963024, 
51, 0000000000, 0000000000, 2.6585693351373847e-05, 4.42204564644217e-05, 0.999734880886133 0.00026491548894733787 2.036249195961725e-07, 
52, 0000000000, 0000000000, 2.6220838957351598e-05, 4.361222810947269e-05, 0.9997383266313432 0.00026167336865683615, 
53, 0000000000, 0000000000, 2.724696380750184e-05, 4.532695878226178e-05, 0.9997280382473065 0.0002719617526935707, 
54, 0000000000, 0000000000, 2.8903649044768157e-05, 4.808166695075461e-05, 0.9997115099982955 0.0002884900017045277, 
55, 0000000000, 0000000000, 2.5261889950877804e-05, 4.200354935935931e-05, 0.9997481025160198 0.00025177367180406404 1.238121760459173e-07, 
56, 0000000000, 0000000000, 2.643479734079327e-05, 4.396738552517567e-05, 0.9997361956868488 0.00026380431315105405, 
57, 0000000000, 0000000000, 2.483189179738474e-05, 4.128801858580136e-05, 0.9997522718884851 0.00024772811151480814, 
58, 0000000000, 0000000000, 2.859391035796569e-05, 4.7557834375989096e-05, 0.9997146529937441 0.0002853470062559346, 
59, 0000000000, 0000000000, 0.00025095035439069594, 0.00041815925431567413, 0.9986044847352855 0.0002820750035348331 0.001113440261179606, 
60, 0000000000, 0000000000, 2.8555588643359855e-05, 4.750128079068634e-05, 0.999714992315256 0.0002850076847441181, 
61, 0000000000, 0000000000, 2.63252176703693e-05, 4.377902750610131e-05, 0.9997373258349634 0.0002626741650366079, 
62, 0000000000, 0000000000, 2.5198807067686907e-05, 4.18914262643704e-05, 0.9997486514424138 0.0002513485575862224, 
63, 0000000000, 0000000000, 0.00026170808992467663, 0.00043608414707295445, 0.9985528532145805 0.0002778843373359371 0.0011691667991488035 9.564893472762333e-08, 
64, 0000000000, 0000000000, 2.8676623501442728e-05, 4.770139711631963e-05, 0.9997137916173021 0.0002862083826979178, 
65, 0000000000, 0000000000, 2.793352805001244e-05, 4.6462763919271966e-05, 0.9997212234164843 0.0002787765835156318, 
66, 0000000000, 0000000000, 2.4349457994914346e-05, 4.0493173213334796e-05, 0.99975704096072 0.00024295903928000877, 
67, 0000000000, 0000000000, 4.4809432987753295e-05, 6.0110295110252816e-05, 0.9996393382293385 0.0003606617706615169, 
68, 0000000000, 0000000000, 2.7218585063118266e-05, 4.5283637366057745e-05, 0.9997282981758037 0.00027170182419634643, 
69, 0000000000, 0000000000, 2.8719028662067505e-05, 4.778252181494708e-05, 0.9997133048691104 0.00028669513088968245, 
70, 0000000000, 0000000000, 2.580830647733067e-05, 4.29146177450512e-05, 0.9997425122935296 0.0002574877064703072, 
71, 0000000000, 0000000000, 2.5426971151255114e-05, 4.228281518131856e-05, 0.9997463031089121 0.0002536968910879114, 
72, 0000000000, 0000000000, 2.4143012696590702e-05, 4.0152007713931596e-05, 0.9997590879537164 0.0002409120462835896, 
73, 0000000000, 0000000000, 2.8729052076313357e-05, 4.77902072981848e-05, 0.9997132587562108 0.0002867412437891088, 
74, 0000000000, 0000000000, 2.6839226709025066e-05, 4.4639809813200456e-05, 0.9997322642784107 0.0002676325842993826 1.0313728991008938e-07, 
75, 0000000000, 0000000000, 2.7282747535852694e-05, 4.537609077394906e-05, 0.9997277434553563 0.00027225654464369437, 
76, 0000000000, 0000000000, 2.9539662233566534e-05, 4.9141196583846447e-05, 0.9997051528204969 0.00029484717950307873, 
77, 0000000000, 0000000000, 2.929683936727029e-05, 4.8742913671731204e-05, 0.999707592943512 0.0002923566309457689 5.042554230917067e-08, 
78, 0000000000, 0000000000, 2.678906433036846e-05, 4.4564948541207475e-05, 0.9997326720365977 0.00026726623555744 6.172784490244728e-08, 
79, 0000000000, 0000000000, 2.7471572303038332e-05, 4.5692091247213347e-05, 0.9997258474525168 0.00027415254748328007, 
80, 0000000000, 0000000000, 2.8122811471093194e-05, 4.6778241608109094e-05, 0.9997193305503513 0.00028066944964865457, 
81, 0000000000, 0000000000, 3.0083391061403427e-05, 5.004970465738835e-05, 0.9996997017720557 0.00030029822794433014, 
82, 0000000000, 0000000000, 2.6748963143839804e-05, 4.4493123921315953e-05, 0.9997332545274717 0.00026653220152848757 2.1327099970408846e-07, 
83, 0000000000, 0000000000, 2.817195032412969e-05, 4.686031955335281e-05, 0.9997188380826799 0.0002811619173201169, 
84, 0000000000, 0000000000, 2.7327518398493306e-05, 4.544591831153531e-05, 0.9997273244901309 0.0002726755098692119, 
85, 0000000000, 0000000000, 0.002365952306855446, 0.003943160773217296, 0.9880445722999719 0.0002536507472903195 0.01170001696619976 1.7599865379787625e-06, 
86, 0000000000, 0000000000, 2.9637312557719494e-05, 4.9299201939568024e-05, 0.9997042308214743 0.00029574314541407065 2.603311166876838e-08, 
87, 0000000000, 0000000000, 2.5898421339018425e-05, 4.306201062202376e-05, 0.999741627936268 0.00025837206373214254, 
88, 0000000000, 0000000000, 0.000647412203644803, 0.001078931480636129, 0.9966415528284737 0.00024330545923588145 0.0031151417122904455, 
89, 0000000000, 0000000000, 2.72639749841882e-05, 4.5346109826332784e-05, 0.999727923341042 0.00027207665895799673, 
90, 0000000000, 0000000000, 2.8322745832737222e-05, 4.71115209264147e-05, 0.9997174355842755 0.0002824597058906539 1.0470983391716365e-07, 
91, 0000000000, 0000000000, 2.77347211408548e-05, 4.612550201051295e-05, 0.9997232469879369 0.0002767530120630777, 
92, 0000000000, 0000000000, 2.6494542383334376e-05, 4.407146307243754e-05, 0.9997360510247181 0.0002634691721293212 4.798031526520138e-07, 
93, 0000000000, 0000000000, 2.465769847140377e-05, 4.099807608197006e-05, 0.9997540115435082 0.0002459884564918204, 
94, 0000000000, 0000000000, 2.6322388342460592e-05, 4.37738418978851e-05, 0.9997373569486127 0.0002626430513873106, 
95, 0000000000, 0000000000, 2.700625476651542e-05, 4.492096330079028e-05, 0.9997304742201952 0.00026952577980474167, 
96, 0000000000, 0000000000, 2.5968543707909742e-05, 4.318225650404699e-05, 0.9997409064609757 0.0002590935390242819, 
97, 0000000000, 0000000000, 2.8038039388197715e-05, 4.663616626179462e-05, 0.9997201830024293 0.00027981699757076775, 
98, 0000000000, 0000000000, 2.7882053190796977e-05, 4.637115541762555e-05, 0.9997217730674942 0.00027822693250575335, 
99, 0000000000, 0000000000, 2.9268764207235804e-05, 4.869277713488461e-05, 0.9997078433371908 0.0002921566628093077, 
100, 0000000000, 0000000000, 2.6427442414024133e-05, 4.394810870840155e-05, 0.9997363113477495 0.0002636886522504093, 
run, initial grid state, final grid state, mean grid cell occupancy, mean binding site occupancy, fraction of time with N TFs bound, warning
1, 0000000000, 0000000000, 2.7460158733784053e-05, 4.567129040484234e-05, 0.9997259722575709 0.0002740277424290541, 
2, 0000000000, 0000000000, 2.765221440125748e-05, 4.601099595129651e-05, 0.9997239340242923 0.00027606597570777915, 
3, 0000000000, 0000000000, 3.0509391943111625e-05, 5.075920352956547e-05, 0.9996954447788226 0.00030455522117739283, 
4, 0000000000, 0000000000, 2.939496683875125e-05, 4.890213984396533e-05, 0.99970684337167 0.0002929004175963743 2.562107337088812e-07, 
5, 0000000000, 0000000000, 2.8093263650047964e-05, 4.391417862203351e-05, 0.9997365149282678 0.0002634850717322011, 
6, 0000000000, 0000000000, 2.678278282203719e-05, 4.4547106836696844e-05, 0.9997327173589798 0.0002672826410201811, 
7, 0000000000, 0000000000, 2.6653642165775844e-05, 4.433401158861872e-05, 0.9997342954217288 0.00026540508701070064 2.994912605058579e-07, 
8, 0000000000, 0000000000, 2.5483811899250477e-05, 4.238060198824571e-05, 0.9997457163880706 0.0002542836119294743, 
9, 0000000000, 0000000000, 3.251837959408232e-05, 4.934276542433706e-05, 0.9997039434074539 0.0002960565925460224, 
10, 0000000000, 0000000000, 2.520703756117448e-05, 4.192489612918317e-05, 0.9997484506232249 0.000251549376775099, 
11, 0000000000, 0000000000, 2.4602337730006866e-05, 4.0901691011767785e-05, 0.9997545898539294 0.0002454101460706068, 
12, 0000000000, 0000000000, 2.4359680664306004e-05, 4.0505997610428334e-05, 0.9997569640143376 0.00024303598566257004, 
13, 0000000000, 0000000000, 2.8678134421746248e-05, 4.770849508731473e-05, 0.9997137490294762 0.00028625097052388835, 
14, 0000000000, 0000000000, 2.6604192775289334e-05, 4.425098198115269e-05, 0.9997348429460048 0.0002648082161033671 3.488378917745181e-07, 
15, 0000000000, 0000000000, 2.5225463050926683e-05, 4.194844353578682e-05, 0.9997483093387852 0.00025169066121472094, 
16, 0000000000, 0000000000, 2.816961813996956e-05, 4.685493535559138e-05, 0.9997188703878664 0.00028112961213354825, 
17, 0000000000, 0000000000, 2.8303835535929347e-05, 4.707926288747361e-05, 0.9997175443219019 0.0002824357788715334 1.9899226654143558e-08, 
18, 0000000000, 0000000000, 2.8396549919077933e-05, 4.722779069711111e-05, 0.9997166332558173 0.0002833667441826667, 
19, 0000000000, 0000000000, 2.4346835879847347e-05, 4.048238052619647e-05, 0.9997571057168428 0.00024289428315717884, 
20, 0000000000, 0000000000, 2.7532554659180713e-05, 4.579430996892904e-05, 0.9997252341401864 0.00027476585981357424, 
21, 0000000000, 0000000000, 2.5943618852150123e-05, 4.3147361990578916e-05, 0.9997411158280566 0.0002588841719434735, 
22, 0000000000, 0000000000, 2.5912662005486008e-05, 4.310674526366028e-05, 0.999741359528418 0.00025864047158196166, 
23, 0000000000, 0000000000, 2.6007926760986993e-05, 4.3254516157878885e-05, 0.9997404729030528 0.0002595270969472733, 
24, 0000000000, 0000000000, 2.8759620078691244e-05, 4.783918602003768e-05, 0.9997129648838798 0.00028703511612022606, 
25, 0000000000, 0000000000, 2.8506912243568115e-05, 4.741497569839554e-05, 0.999715546511132 0.0002844171235454887 3.636532244228181e-08, 
26, 0000000000, 0000000000, 2.864902729526976e-05, 4.7650370046854087e-05, 0.9997140977797189 0.00028590222028112455, 
27, 0000000000, 0000000000, 3.02879060934325e-05, 5.0390348253702437e-05, 0.9996976579104779 0.00030234208952221466, 
28, 0000000000, 0000000000, 2.6761899829866774e-05, 4.4513416458205316e-05, 0.9997329195012506 0.0002670804987492319, 
29, 0000000000, 0000000000, 0.001410833759113723, 0.0023512941476165655, 0.9928045728280741 0.00028328490772531854 0.006911946814627698 1.954495728947222e-07, 
30, 0000000000, 0000000000, 2.6659067586208118e-05, 4.4343499275995546e-05, 0.9997339390043442 0.00026606099565597323, 
31, 0000000000, 0000000000, 2.7256760222049382e-05, 4.532704747165552e-05, 0.99972803771517 0.0002719622848299332, 
32, 0000000000, 0000000000, 2.5217000211026e-05, 4.194026526706617e-05, 0.9997483584083975 0.00025164159160239705, 
33, 0000000000, 0000000000, 2.5220753564732183e-05, 4.19441639682377e-05, 0.9997483350161905 0.0002516649838094262, 
34, 0000000000, 0000000000, 2.6315417703761453e-05, 4.3761244031322876e-05, 0.9997377043760538 0.00026202378370443713 2.7184024175008135e-07, 
35, 0000000000, 0000000000, 0.00037946356997946296, 0.0006323437481987287, 0.9979669815195376 0.0002719744717325488 0.0017610440087299118, 
36, 0000000000, 0000000000, 2.671824994906785e-05, 4.443975332687753e-05, 0.9997333614800388 0.00026663851996126516, 
37, 0000000000, 0000000000, 2.7350567805375394e-05, 4.548909185241741e-05, 0.9997270654488856 0.00027293455111450447, 
38, 0000000000, 0000000000, 2.453409520844764e-05, 4.080003299959861e-05, 0.9997551998020024 0.00024480019799759167, 
39, 0000000000, 0000000000, 2.6488297151186633e-05, 4.405673502529928e-05, 0.9997356595898482 0.00026434041015179567, 
40, 0000000000, 0000000000, 2.5230583152620946e-05, 4.19554486215745e-05, 0.9997482673082705 0.000251732691729447, 
41, 0000000000, 0000000000, 2.6685919049012606e-05, 4.438258960944353e-05, 0.9997337044623434 0.00026629553765666116, 
42, 0000000000, 0000000000, 2.5093806091789925e-05, 4.172967105934776e-05, 0.999749621973644 0.0002503780263560865, 
43, 0000000000, 0000000000, 2.7102454426201078e-05, 4.508158050887714e-05, 0.9997295105169468 0.0002704894830532628, 
44, 0000000000, 0000000000, 2.635162644019227e-05, 4.3822486645550634e-05, 0.9997370650801267 0.0002629349198733038, 
45, 0000000000, 0000000000, 2.691410164742289e-05, 4.477052298759771e-05, 0.9997315203269328 0.00026833620820874944 1.4346485841841922e-07, 
46, 0000000000, 0000000000, 2.50564710496535e-05, 4.166453564902061e-05, 0.9997500127861059 0.0002499872138941237, 
47, 0000000000, 0000000000, 2.800433831223833e-05, 4.658182752119312e-05, 0.9997205090348729 0.0002794909651271587, 
48, 0000000000, 0000000000, 2.659548236918182e-05, 4.423110248700334e-05, 0.999734613385078 0.0002653866149220201, 
49, 0000000000, 0000000000, 2.810066571904353e-05, 4.673475760436439e-05, 0.9997195914543737 0.0002804085456261863, 
50, 0000000000, 0000000000, 2.6857347745461404e-05, 4.4658861567738694e-05, 0.9997320468305936 0.00026795316940643216, 
51, 0000000000, 0000000000, 2.6354165196612336e-05, 4.383335273616096e-05, 0.9997369998835829 0.00026300011641696574, 
52, 0000000000, 0000000000, 2.6353086307458643e-05, 4.382324967911377e-05, 0.9997370605019252 0.0002629394980746827, 
53, 0000000000, 0000000000, 2.577189139302607e-05, 4.285970842409208e-05, 0.9997428417494555 0.00025715825054455245, 
54, 0000000000, 0000000000, 2.6660190017579988e-05, 4.434088920432786e-05, 0.9997339546647741 0.0002660453352259671, 
55, 0000000000, 0000000000, 2.5774782744762728e-05, 4.287036968248375e-05, 0.9997427777819051 0.0002572222180949025, 
56, 0000000000, 0000000000, 2.7072055275731445e-05, 4.503096509298334e-05, 0.9997298142094421 0.00027018579055790006, 
57, 0000000000, 0000000000, 2.6991141760548917e-05, 4.4888193569753096e-05, 0.9997307127385123 0.0002692453615567639 4.189993087734494e-08, 
58, 0000000000, 0000000000, 2.6620840410773968e-05, 4.427261403972644e-05, 0.9997343643157616 0.0002656356842383587, 
59, 0000000000, 0000000000, 2.5863041070152866e-05, 4.301675290157353e-05, 0.9997418994825905 0.0002581005174094412, 
60, 0000000000, 0000000000, 2.397973468903534e-05, 3.9872869962695605e-05, 0.999760762780224 0.00023923721977617366, 
61, 0000000000, 0000000000, 2.6191038729009356e-05, 4.3549731988111244e-05, 0.9997389904031542 0.00026072080176284805 2.8879508290972026e-07, 
62, 0000000000, 0000000000, 2.784816459492919e-05, 4.632310853398109e-05, 0.9997220613487963 0.00027793865120388653, 
63, 0000000000, 0000000000, 2.7492018574920675e-05, 4.5722894951150446e-05, 0.9997256626302932 0.0002743373697069027, 
64, 0000000000, 0000000000, 2.536709977867893e-05, 4.217832562494231e-05, 0.9997469300462504 0.0002530699537496539, 
65, 0000000000, 0000000000, 2.8221590125448568e-05, 4.694026978451869e-05, 0.9997185940624616 0.0002811702563697272 2.3568116869245254e-07, 
66, 0000000000, 0000000000, 2.7348532029040387e-05, 4.5496827829969545e-05, 0.9997270190330202 0.0002729809669798173, 
67, 0000000000, 0000000000, 2.6835699591771032e-05, 4.464280272653688e-05, 0.9997321431836408 0.0002678568163592213, 
68, 0000000000, 0000000000, 2.5673360763494612e-05, 4.268996952773585e-05, 0.9997438601828336 0.0002561398171664151, 
69, 0000000000, 0000000000, 2.5544428001527745e-05, 4.2475670315628195e-05, 0.9997451459781062 0.0002548540218937692, 
70, 0000000000, 0000000000, 3.013552776564152e-05, 5.013582195016466e-05, 0.9996991850682991 0.00030081493170098795, 
71, 0000000000, 0000000000, 2.5430212714873726e-05, 4.228742680381457e-05, 0.9997462754391772 0.00025372456082288746, 
72, 0000000000, 0000000000, 2.6363762701896843e-05, 4.3843587855709356e-05, 0.9997369384728657 0.0002630615271342561, 
73, 0000000000, 0000000000, 2.9293983476250507e-05, 4.8722165959963354e-05, 0.9997076670042402 0.00029233299575978015, 
74, 0000000000, 0000000000, 2.786292233075219e-05, 4.634374442954955e-05, 0.9997219375334226 0.00027806246657729734, 
75, 0000000000, 0000000000, 2.4786866216891584e-05, 4.121688096797566e-05, 0.9997526987141921 0.00024730128580785396, 
76, 0000000000, 0000000000, 2.6780067885928698e-05, 4.453372256227192e-05, 0.9997327976646263 0.0002672023353736315, 
77, 0000000000, 0000000000, 2.6984416988231983e-05, 4.487812639980907e-05, 0.9997307312416012 0.00026926875839885443, 
78, 0000000000, 0000000000, 2.6760938922740912e-05, 4.450810203085319e-05, 0.9997329513878149 0.00026704861218511915, 
79, 0000000000, 0000000000, 2.7424305475642195e-05, 4.561205750753013e-05, 0.9997263276549548 0.00027367234504518083, 
80, 0000000000, 0000000000, 2.663688128846962e-05, 4.430485927382254e-05, 0.999734170844357 0.00026582915564293526, 
81, 0000000000, 0000000000, 2.599659532148619e-05, 4.323593539705562e-05, 0.9997405843876177 0.00025941561238233373, 
82, 0000000000, 0000000000, 2.596398152024931e-05, 4.318211356714072e-05, 0.9997409073185972 0.00025909268140284435, 
83, 0000000000, 0000000000, 2.5939899231417044e-05, 4.313958060736872e-05, 0.9997411625163558 0.0002588374836442123, 
84, 0000000000, 0000000000, 2.7410763150413204e-05, 4.5591030833608105e-05, 0.9997264538149984 0.0002735461850016486, 
85, 0000000000, 0000000000, 0.00036075882960221427, 0.0006011735548615062, 0.998050489182601 0.000291980305628996 0.0016575305117700213, 
86, 0000000000, 0000000000, 0.012237278713317465, 0.020377333303171357, 0.963178419747687 0.00024007544581305465 0.010552361374907749 0.010371994659969607 0.008482526214621661 0.007174622557000829, 
87, 0000000000, 0000000000, 2.7780523378677364e-05, 4.621127649084243e-05, 0.9997227323410549 0.0002772676589450546, 
88, 0000000000, 0000000000, 2.8174489610883678e-05, 4.6857413593535155e-05, 0.9997189545556424 0.0002809464071538605 9.903720367522466e-08, 
89, 0000000000, 0000000000, 2.815522108794227e-05, 4.6818707231429126e-05, 0.9997190877566114 0.0002809122433885748, 
90, 0000000000, 0000000000, 2.804994289089166e-05, 4.665030127904366e-05, 0.9997200981923257 0.000279901807674262, 
91, 0000000000, 0000000000, 2.861032780226942e-05, 4.758850378522811e-05, 0.9997144689772887 0.0002855310227113687, 
92, 0000000000, 0000000000, 2.5141702842307485e-05, 4.181406302411114e-05, 0.9997491156218554 0.00025088437814466683, 
93, 0000000000, 0000000000, 2.7874546711169802e-05, 4.6360460308933226e-05, 0.9997218810885902 0.00027807506096607824 4.385044376055399e-08, 
94, 0000000000, 0000000000, 2.8812441407242847e-05, 4.792486666074938e-05, 0.9997124508000356 0.0002875491999644963, 
95, 0000000000, 0000000000, 2.8692271658504332e-05, 4.772958823641166e-05, 0.9997136224705815 0.00028637752941846993, 
96, 0000000000, 0000000000, 2.74003810654468e-05, 4.557461304950692e-05, 0.9997265523217029 0.0002734476782970415, 
97, 0000000000, 0000000000, 2.4731263654709617e-05, 4.112231928737874e-05, 0.9997532660842758 0.00024673391572427246, 
98, 0000000000, 0000000000, 2.9770263826416817e-05, 4.95263753389475e-05, 0.9997028417479664 0.00029715825203368505, 
99, 0000000000, 0000000000, 5.401389597441256e-05, 8.992744771961424e-05, 0.9995759295627924 0.00030857618809746883 0.00011549424911010832, 
100, 0000000000, 0000000000, 2.856888753086606e-05, 4.751434357394345e-05, 0.999715099353155 0.0002847152322464356 1.8541459861255826e-07, 
run, initial grid state, final grid state, mean grid cell occupancy, mean binding site occupancy, fraction of time with N TFs bound, warning
1, 0000000000, 0000000000, 2.8152824327664387e-05, 4.6823335537111634e-05, 0.9997190599867773 0.0002809400132226698, 
2, 0000000000, 0000000000, 2.8683052122510192e-05, 4.7710540419734586e-05, 0.9997137367574815 0.0002862632425184075, 
3, 0000000000, 0000000000, 2.731934553881587e-05, 4.5443214399154746e-05, 0.9997273407136051 0.0002726592863949285, 
4, 0000000000, 0000000000, 2.8418917280539836e-05, 4.727607139263059e-05, 0.9997163435716442 0.0002836564283557836, 
5, 0000000000, 0000000000, 2.7151644273337596e-05, 4.516237448014762e-05, 0.9997290257531191 0.00027097424688088574, 
6, 0000000000, 0000000000, 0.004407876739141522, 0.007343448255048163, 0.9817517640925171 0.0002686902104596124 0.01295799665678728 0.002210415586579981 0.0028109080217653226 2.254318907147362e-07, 
7, 0000000000, 0000000000, 2.687178766718034e-05, 4.468150983458129e-05, 0.9997319109409925 0.00026808905900748775, 
8, 0000000000, 0000000000, 2.7689834401711613e-05, 4.605500724295371e-05, 0.9997236699565423 0.0002763300434577223, 
9, 0000000000, 0000000000, 2.67181221457506e-05, 4.443002774891695e-05, 0.9997334198335065 0.00026658016649350164, 
10, 0000000000, 0000000000, 2.478239307700839e-05, 4.120714116891439e-05, 0.9997527571529865 0.00024724284701348637, 
11, 0000000000, 0000000000, 2.6524829930666558e-05, 4.4108999757202696e-05, 0.9997353460014566 0.00026465399854321616, 
12, 0000000000, 0000000000, 2.7399814890845763e-05, 4.5577864389286535e-05, 0.9997265328136643 0.00027346718633571926, 
13, 0000000000, 0000000000, 2.8865764205193744e-05, 4.801011215465146e-05, 0.999711939327072 0.0002880606729279088, 
14, 0000000000, 0000000000, 2.778015043695718e-05, 4.6206211013170754e-05, 0.999722762733921 0.0002772372660790245, 
15, 0000000000, 0000000000, 2.7002867432040117e-05, 4.491314973653729e-05, 0.9997305211015808 0.0002694788984192238, 
16, 0000000000, 0000000000, 2.7740611775630872e-05, 4.6143686059119984e-05, 0.9997231378836453 0.00027686211635472, 
17, 0000000000, 0000000000, 2.683304994891645e-05, 4.4625494118705e-05, 0.9997322470352877 0.00026775296471223, 
18, 0000000000, 0000000000, 2.8475077800306732e-05, 4.736521852094742e-05, 0.9997158640165663 0.0002840806557418479 5.5327691918327686e-08, 
19, 0000000000, 0000000000, 2.7439741385065396e-05, 4.564193637699365e-05, 0.9997261483817381 0.0002738516182619619, 
20, 0000000000, 0000000000, 2.70537270467703e-05, 4.499453710196448e-05, 0.9997300327773883 0.00026996722261178694, 
21, 0000000000, 0000000000, 2.78256963871308e-05, 4.629368766706891e-05, 0.9997222378739976 0.00027776212600241345, 
22, 0000000000, 0000000000, 2.5482006934739845e-05, 4.2374524592791364e-05, 0.9997457528524433 0.0002542471475567482, 
23, 0000000000, 0000000000, 2.56584259860963e-05, 4.2667094100260404e-05, 0.9997439974353984 0.00025600256460156246, 
24, 0000000000, 0000000000, 2.649621388580404e-05, 4.4064325100396836e-05, 0.9997356140493977 0.000264385950602381, 
25, 0000000000, 0000000000, 2.750960643172257e-05, 4.5756484905301724e-05, 0.9997254610905683 0.0002745389094318103, 
26, 0000000000, 0000000000, 2.5006191329604725e-05, 4.1587625273303756e-05, 0.9997504742483602 0.0002495257516398225, 
27, 0000000000, 0000000000, 2.731441506940741e-05, 4.542611904108578e-05, 0.9997274432857535 0.0002725567142465147, 
28, 0000000000, 0000000000, 0.01866455913118142, 0.031089732162180844, 0.9529932641112442 0.0002508331899646427 0.00443919195361915 0.013444897186591738 0.012558953350905122 0.011038490333564735 0.005274369874110448, 
29, 0000000000, 0000000000, 2.8564496646354582e-05, 4.751192461769753e-05, 0.9997149284522939 0.0002850715477061852, 
30, 0000000000, 0000000000, 2.6477188728573477e-05, 4.40330077196231e-05, 0.9997358019536823 0.00026419804631773865, 
31, 0000000000, 0000000000, 2.6812254968400956e-05, 4.4595316780698104e-05, 0.9997324280993158 0.00026757190068418867, 
32, 0000000000, 0000000000, 2.765830121455921e-05, 4.599332274508067e-05, 0.9997240400635296 0.00027595993647048405, 
33, 0000000000, 0000000000, 2.960116199006151e-05, 4.9236054871509525e-05, 0.9997045836707709 0.00029541632922905716, 
34, 0000000000, 0000000000, 2.8197224302484722e-05, 4.689950245201838e-05, 0.9997186029852879 0.0002813970147121103, 
35, 0000000000, 0000000000, 2.7634641160617373e-05, 4.596615734660871e-05, 0.9997242863863905 0.0002756302831393458 8.333047015326363e-08, 
36, 0000000000, 0000000000, 2.5375447953408342e-05, 4.220351911733941e-05, 0.999746778885296 0.00025322111470403645, 
37, 0000000000, 0000000000, 2.7785187196641376e-05, 4.6218073219373825e-05, 0.9997226915606838 0.00027730843931624303, 
38, 0000000000, 0000000000, 2.753400609986337e-05, 4.5791823585840845e-05, 0.9997252490584849 0.00027475094151504506, 
39, 0000000000, 0000000000, 2.6319121125847972e-05, 4.377862332844006e-05, 0.9997376942683065 0.00026193972341625066 3.6600827719484053e-07, 
40, 0000000000, 0000000000, 2.7893810922750393e-05, 4.6394264644498844e-05, 0.999721634412133 0.00027836558786699313, 
41, 0000000000, 0000000000, 2.5714558864570762e-05, 4.277108943860164e-05, 0.9997433734633684 0.00025662653663160984, 
42, 0000000000, 0000000000, 2.8589495210643034e-05, 4.7558046805265956e-05, 0.9997148529580173 0.0002849458031337238 2.012388489359901e-07, 
43, 0000000000, 0000000000, 2.554325139860072e-05, 4.24792031692357e-05, 0.99974538893028 0.0002543469204246633 2.641492953754606e-07, 
44, 0000000000, 0000000000, 2.640753892415825e-05, 4.391962491008837e-05, 0.9997364822505395 0.0002635177494605302, 
45, 0000000000, 0000000000, 2.6810234605540983e-05, 4.459414964449129e-05, 0.999732435102133 0.00026756489786694776, 
46, 0000000000, 0000000000, 2.6406379008001613e-05, 4.391399510168623e-05, 0.99973651602939 0.0002634839706101174, 
47, 0000000000, 0000000000, 2.5200180883876656e-05, 4.190496924217374e-05, 0.999748570184547 0.00025142981545304245, 
48, 0000000000, 0000000000, 2.4769619809968994e-05, 4.118808659189949e-05, 0.9997528714804484 0.00024712851955139696, 
49, 0000000000, 0000000000, 2.5267638405886546e-05, 4.20153082856476e-05, 0.9997479688723444 0.0002519704055973386 6.072205827349707e-08, 
50, 0000000000, 0000000000, 2.5751103300898683e-05, 4.281419177444051e-05, 0.9997431148493534 0.0002568851506466431, 
51, 0000000000, 0000000000, 2.7414788418714797e-05, 4.5596005732031645e-05, 0.9997264239656078 0.0002735760343921898, 
52, 0000000000, 0000000000, 2.8023396059543745e-05, 4.661437694197202e-05, 0.9997208723832481 0.00027856897185182686 5.586449000026498e-07, 
53, 0000000000, 0000000000, 2.7554799075011276e-05, 4.582992375251139e-05, 0.9997250204574849 0.0002749795425150684, 
54, 0000000000, 0000000000, 2.4635976221299508e-05, 4.095756560151014e-05, 0.999754388817408 0.0002454769715749335 1.342110170636858e-07, 
55, 0000000000, 0000000000, 2.5898312079670156e-05, 4.3063120065968165e-05, 0.9997416212796042 0.00025837872039580895, 
56, 0000000000, 0000000000, 2.7256634938337558e-05, 4.533403582642131e-05, 0.9997279957850415 0.00027200421495852787, 
57, 0000000000, 0000000000, 2.8444458202537826e-05, 4.732198383412699e-05, 0.9997160680969952 0.0002839319030047619, 
58, 0000000000, 0000000000, 2.584121947380928e-05, 4.297657630440104e-05, 0.9997421405421736 0.0002578594578264062, 
59, 0000000000, 0000000000, 2.5856657739901563e-05, 4.3010771379803216e-05, 0.9997419353717213 0.0002580646282788193, 
60, 0000000000, 0000000000, 2.621132095982133e-05, 4.359188449739182e-05, 0.9997384486930156 0.0002615513069843509, 
61, 0000000000, 0000000000, 2.56194646329709e-05, 4.2605617841306073e-05, 0.9997443662929523 0.00025563370704783647, 
62, 0000000000, 0000000000, 2.549630233586952e-05, 4.240643736204294e-05, 0.9997455613758277 0.00025443862417225767, 
63, 0000000000, 0000000000, 2.6919715236618586e-05, 4.477412125262387e-05, 0.9997313552724842 0.0002686447275157432, 
64, 0000000000, 0000000000, 2.8110652904199408e-05, 4.675603455410128e-05, 0.9997194637926754 0.0002805362073246077, 
65, 0000000000, 0000000000, 2.8723746504700072e-05, 4.777430560032902e-05, 0.9997133541663981 0.00028664583360197416, 
66, 0000000000, 0000000000, 2.7617743118591605e-05, 4.5941026858157204e-05, 0.999724532463624 0.00027528891160289224 1.7862477302551268e-07, 
67, 0000000000, 0000000000, 0.014764670545865227, 0.02458744442744876, 0.9550869018364876 0.00025670044725707264 0.005345124074388458 0.02635829234409786 0.007262065552479879 0.005690915745289098, 
68, 0000000000, 0000000000, 2.7470750095440262e-05, 4.569219659942599e-05, 0.9997258468204034 0.00027415317959655596, 
69, 0000000000, 0000000000, 2.795854509797725e-05, 4.650369787635805e-05, 0.9997209778127418 0.00027902218725814836, 
70, 0000000000, 0000000000, 2.5982109736267764e-05, 4.3209040138990025e-05, 0.9997407457591659 0.0002592542408339402, 
71, 0000000000, 0000000000, 0.01033837631728997, 0.017208462615601005, 0.9704725881582452 0.0002525361998041943 0.004765831121208667 0.007599326480809506 0.013879992390706425 0.003029725649226052, 
72, 0000000000, 0000000000, 2.8016167588313927e-05, 4.6596381980495465e-05, 0.9997204217081171 0.00027957829188297276, 
73, 0000000000, 0000000000, 0.0022799716158993914, 0.0037998620305771573, 0.9897098926024425 0.00027305865546061814 0.0075251703285820135 0.002491740783221154 1.3763029370989117e-07, 
74, 0000000000, 0000000000, 2.778397053735122e-05, 4.621172376077052e-05, 0.9997227296574352 0.00027727034256462313, 
75, 0000000000, 0000000000, 2.7002707168606086e-05, 4.490706733001015e-05, 0.9997305575960199 0.0002694424039800609, 
76, 0000000000, 0000000000, 2.7812150475120127e-05, 4.6265702369416505e-05, 0.9997224057857834 0.00027759421421649907, 
77, 0000000000, 0000000000, 2.6915146543821002e-05, 4.476673848505846e-05, 0.9997313995690896 0.0002686004309103508, 
78, 0000000000, 0000000000, 2.4065849157089853e-05, 4.0020725227599504e-05, 0.9997598756486343 0.00024012435136559705, 
79, 0000000000, 0000000000, 2.6877757805558624e-05, 4.469902476110022e-05, 0.9997318058514334 0.0002681941485666013, 
80, 0000000000, 0000000000, 2.6332255879543253e-05, 4.379126723178457e-05, 0.9997372523966093 0.00026274760339070743, 
81, 0000000000, 0000000000, 2.7069264398862672e-05, 4.502632914659601e-05, 0.9997298420251205 0.0002701579748795761, 
82, 0000000000, 0000000000, 2.750936129415615e-05, 4.575515739398651e-05, 0.9997256563355649 0.00027415638450641435 1.872799287523542e-07, 
83, 0000000000, 0000000000, 2.6424227952821024e-05, 4.394380499037226e-05, 0.9997363371700577 0.00026366282994223355, 
84, 0000000000, 0000000000, 2.5576811816142295e-05, 4.253832347613145e-05, 0.9997447700591431 0.00025522994085678874, 
85, 0000000000, 0000000000, 2.772139642812632e-05, 4.611372788046828e-05, 0.9997233176327172 0.0002766823672828097, 
86, 0000000000, 0000000000, 2.753893938824215e-05, 4.5803442119697015e-05, 0.9997251793472819 0.0002748206527181821, 
87, 0000000000, 0000000000, 2.6514793586374522e-05, 4.410662764852822e-05, 0.9997353602341088 0.0002646397658911693, 
88, 0000000000, 0000000000, 2.6336131312201496e-05, 4.379708677190542e-05, 0.9997372174793686 0.00026278252063143253, 
89, 0000000000, 0000000000, 2.7618867321160315e-05, 4.5926974596835906e-05, 0.999724438152419 0.0002755618475810155, 
90, 0000000000, 0000000000, 2.694576609793737e-05, 4.480263910969753e-05, 0.9997311841653419 0.0002688158346581852, 
91, 0000000000, 0000000000, 2.599847185748597e-05, 4.3233488553961e-05, 0.9997405990686763 0.000259400931323766, 
92, 0000000000, 0000000000, 2.727276480937394e-05, 4.53609351239266e-05, 0.9997278343892564 0.00027216561074355967, 
93, 0000000000, 0000000000, 2.8124552151908634e-05, 4.6777716500487924e-05, 0.9997193337009971 0.00028066629900292756, 
94, 0000000000, 0000000000, 2.7240833337275132e-05, 4.530472003781735e-05, 0.9997281716797731 0.00027182832022690413, 
95, 0000000000, 0000000000, 2.7266636904446456e-05, 4.5353358592237634e-05, 0.9997278798484465 0.00027212015155342583, 
96, 0000000000, 0000000000, 2.8114230608899346e-05, 4.676251742243965e-05, 0.9997194248954654 0.000280575104534638, 
97, 0000000000, 0000000000, 2.8303272084351973e-05, 4.709039273307442e-05, 0.9997174576436015 0.0002825423563984465, 
98, 0000000000, 0000000000, 2.7817035022818672e-05, 4.6267970460869376e-05, 0.9997223921772347 0.0002776078227652163, 
99, 0000000000, 0000000000, 2.7219126645256163e-05, 4.5271122195945956e-05, 0.9997283732668243 0.00027162673317567573, 
100, 0000000000, 0000000000, 2.77670197353202e-05, 4.618581955455707e-05, 0.9997228850826727 0.00027711491732734247, 
run, initial grid state, final grid state, mean grid cell occupancy, mean binding site occupancy, fraction of time with N TFs bound, warning
1, 0000000000, 0000000000, 0.012978583795242159, 0.021622641929990433, 0.9613649473783329 0.0002599812948277 0.007859776278579575 0.013676140585059324 0.011467876343225068 0.0053712781199754984, 
2, 0000000000, 0000000000, 2.710288946241411e-05, 4.5066684345218553e-05, 0.9997295998939287 0.0002704001060713113, 
3, 0000000000, 0000000000, 0.012264536514192605, 0.0204407974711773, 0.9726148699834234 0.0002676207946138462 0.001225815679746923 0.006329876674003033 0.0042140244492592125 0.008006949659810633 0.0073408427591428295, 
4, 0000000000, 0000000000, 2.6889911566764732e-05, 4.47169941750556e-05, 0.9997316980349497 0.00026830196505033357, 
5, 0000000000, 0000000000, 2.925143995105364e-05, 4.865124020953773e-05, 0.9997080925587428 0.0002919074412572264, 
6, 0000000000, 0000000000, 2.7336349565109444e-05, 4.5467354411431115e-05, 0.9997271958735314 0.00027280412646858666, 
7, 0000000000, 0000000000, 2.6956550339511356e-05, 4.482690451859337e-05, 0.9997310385728885 0.0002689614271115602, 
8, 0000000000, 0000000000, 2.5493302653647737e-05, 4.239007372691673e-05, 0.9997456595576385 0.00025434044236150033, 
9, 0000000000, 0000000000, 2.676674032909943e-05, 4.452556081373835e-05, 0.9997328466351176 0.0002671533648824301, 
10, 0000000000, 0000000000, 0.0012023523286128477, 0.002003824442913308, 0.9950185709612441 0.00029753746635666114 0.002326344413711684 0.002357468271050453 7.888763711566016e-08, 
11, 0000000000, 0000000000, 2.7886139728837337e-05, 4.638547160063227e-05, 0.9997217047222552 0.000278277725885808 1.7551858992803663e-08, 
12, 0000000000, 0000000000, 2.778586877532372e-05, 4.6210888971778636e-05, 0.9997227346661692 0.00027726533383067183, 
13, 0000000000, 0000000000, 2.8447341363253867e-05, 4.7319841900787324e-05, 0.9997160809485953 0.00028391905140472395, 
14, 0000000000, 0000000000, 2.59139227622158e-05, 4.309406169545843e-05, 0.9997416004160916 0.00025823479764409317 1.6478626432872953e-07, 
15, 0000000000, 0000000000, 2.813522004628047e-05, 4.679151735082148e-05, 0.9997192508958951 0.0002807491041049289, 
16, 0000000000, 0000000000, 2.7161635878654283e-05, 4.517512622477837e-05, 0.9997289492426513 0.0002710507573486702, 
