run, initial grid state, final grid state, mean grid cell occupancy, mean binding site occupancy, fraction of time with N TFs bound, warning
1, 000000, 000000, 4.430834116891921e-05, 4.430834116891921e-05, 0.9997341499529865 0.00026585004701351535, 
2, 000000, 000000, 4.36139221117018e-05, 4.36139221117018e-05, 0.9997383164673298 0.0002616835326702108, 
3, 000000, 000000, 4.2546853421953246e-05, 4.2546853421953246e-05, 0.9997448627474257 0.00025499338461676255 1.4386795747847783e-07, 
4, 000000, 000000, 4.62515348066368e-05, 4.62515348066368e-05, 0.9997224907911602 0.0002775092088398208, 
5, 000000, 000000, 4.676171932422614e-05, 4.676171932422614e-05, 0.9997194296840546 0.00028057031594535685, 
6, 000000, 000000, 0.023362362497130723, 0.023362362497130723, 0.9536300482787602 0.0002545978881822056 0.00885761897982095 0.026826663782872528 0.0104310075654778 6.350488628659928e-08, 
7, 000000, 000000, 4.6386406211533004e-05, 4.6386406211533004e-05, 0.9997216815627308 0.00027831843726919806, 
8, 000000, 000000, 4.303665909947551e-05, 4.303665909947551e-05, 0.9997417800454032 0.0002582199545968531, 
9, 000000, 000000, 4.3633326395699924e-05, 4.3633326395699924e-05, 0.9997382000416258 0.00026179995837419956, 
10, 000000, 000000, 4.466719154688305e-05, 4.466719154688305e-05, 0.9997319968507187 0.00026800314928129826, 
11, 000000, 000000, 5.078246387511548e-05, 5.078246387511548e-05, 0.9997105587514394 0.0002741877138702109 1.5253534690241016e-05, 
12, 000000, 000000, 4.587587231389525e-05, 4.587587231389525e-05, 0.9997247568910261 0.00027523098406425175 1.212490955988566e-08, 
13, 000000, 000000, 4.1768963816755536e-05, 4.1768963816755536e-05, 0.9997493862170995 0.0002506137829005332, 
14, 000000, 000000, 4.876231748118598e-05, 4.876231748118598e-05, 0.999707426095113 0.0002925739048871159, 
15, 000000, 000000, 4.441779030552311e-05, 4.441779030552311e-05, 0.9997334932581668 0.00026650674183313866, 
16, 000000, 000000, 0.0019694269857954854, 0.0019694269857954854, 0.9939522615047268 0.0002791769819861772 0.00576829960707409 2.619062128521147e-07, 
17, 000000, 000000, 4.598820422376031e-05, 4.598820422376031e-05, 0.9997240707746575 0.00027592922534256195, 
18, 000000, 000000, 4.549636069247535e-05, 4.549636069247535e-05, 0.9997270218358452 0.00027297816415485215, 
19, 000000, 000000, 4.510246381962364e-05, 4.510246381962364e-05, 0.9997293852170823 0.0002706147829177419, 
20, 000000, 000000, 4.232317444815943e-05, 4.232317444815943e-05, 0.999746060953311 0.0002539390466889566, 
21, 000000, 000000, 4.5489683358210985e-05, 4.5489683358210985e-05, 0.9997270618998507 0.0002729381001492659, 
22, 000000, 000000, 4.409833158987648e-05, 4.409833158987648e-05, 0.9997354100104607 0.0002645899895392589, 
23, 000000, 000000, 4.427063414541451e-05, 4.427063414541451e-05, 0.9997343761951275 0.00026562380487248706, 
24, 000000, 000000, 4.627218120565725e-05, 4.627218120565725e-05, 0.9997223669127661 0.00027763308723394343, 
25, 000000, 000000, 4.426394451219974e-05, 4.426394451219974e-05, 0.9997344163329268 0.00026558366707319845, 
26, 000000, 000000, 4.3531117499050976e-05, 4.3531117499050976e-05, 0.9997388132950057 0.00026118670499430583, 
27, 000000, 000000, 4.603263599550748e-05, 4.603263599550748e-05, 0.999723804184027 0.0002761958159730449, 
28, 000000, 000000, 4.779093426015877e-05, 4.779093426015877e-05, 0.9997132543944389 0.00028674560556095265, 
29, 000000, 000000, 4.5876237167388965e-05, 4.5876237167388965e-05, 0.9997247425769957 0.0002752574230043338, 
30, 000000, 000000, 0.0037000365737691813, 0.0037000365737691813, 0.9921266763297629 0.000293137760731839 0.0013702295991978226 0.0056732027577420675 0.0005367535525653511, 
31, 000000, 000000, 4.218686045199342e-05, 4.218686045199342e-05, 0.999746878837288 0.00025312116271196053, 
32, 000000, 000000, 4.762341259509969e-05, 4.762341259509969e-05, 0.9997142595244293 0.0002857404755705982, 
33, 000000, 000000, 4.284145425937945e-05, 4.284145425937945e-05, 0.9997429910552099 0.00025696916402382475 3.9780766225996466e-08, 
34, 000000, 000000, 4.646922541025759e-05, 4.646922541025759e-05, 0.9997211846475385 0.00027881535246154554, 
35, 000000, 000000, 4.69317173980801e-05, 4.69317173980801e-05, 0.9997184096956115 0.0002815903043884806, 
36, 000000, 000000, 4.717117543611044e-05, 4.717117543611044e-05, 0.9997169729473833 0.0002830270526166627, 
37, 000000, 000000, 4.7445763158096685e-05, 4.7445763158096685e-05, 0.9997153254210515 0.00028467457894858016, 
38, 000000, 000000, 4.6229545378753674e-05, 4.6229545378753674e-05, 0.9997226227277275 0.00027737727227252206, 
39, 000000, 000000, 4.4923560137888705e-05, 4.4923560137888705e-05, 0.9997304586391728 0.00026954136082733225, 
40, 000000, 000000, 4.935037471351169e-05, 4.935037471351169e-05, 0.999703897751719 0.00029610224828107015, 
41, 000000, 000000, 4.7639034062808586e-05, 4.7639034062808586e-05, 0.9997141657956232 0.00028583420437685154, 
42, 000000, 000000, 0.0030615344563366433, 0.0030615344563366433, 0.9906741876507281 0.0002840798560412925 0.00904007059771319 1.661895517394656e-06, 
43, 000000, 000000, 4.435955205689473e-05, 4.435955205689473e-05, 0.9997338426876586 0.0002661573123413684, 
44, 000000, 000000, 4.6006273887867396e-05, 4.6006273887867396e-05, 0.9997239623566727 0.00027603764332720436, 
45, 000000, 000000, 4.330945680830017e-05, 4.330945680830017e-05, 0.9997401432591501 0.00025985674084980104, 
46, 000000, 000000, 4.2216216328225526e-05, 4.2216216328225526e-05, 0.9997467027020306 0.0002532972979693531, 
47, 000000, 000000, 4.429993769776892e-05, 4.429993769776892e-05, 0.9997342003738134 0.0002657996261866135, 
48, 000000, 000000, 4.801021374299774e-05, 4.801021374299774e-05, 0.9997123055722619 0.0002873275730183228 3.668547198318299e-07, 
49, 000000, 000000, 4.925697758869145e-05, 4.925697758869145e-05, 0.9997044581344678 0.00029554186553214874, 
50, 000000, 000000, 4.563031480730825e-05, 4.563031480730825e-05, 0.9997262899092473 0.00027363829266131476 7.179809126736861e-08, 
51, 000000, 000000, 4.891662555088175e-05, 4.891662555088175e-05, 0.9997065002466947 0.0002934997533052905, 
52, 000000, 000000, 4.2265351611435994e-05, 4.2265351611435994e-05, 0.9997464078903314 0.00025359210966861595, 
53, 000000, 000000, 4.60565930018821e-05, 4.60565930018821e-05, 0.9997236604419888 0.0002763395580112926, 
54, 000000, 000000, 5.336820524756084e-05, 5.336820524756084e-05, 0.9996797907685147 0.000320209231485365, 
55, 000000, 000000, 0.0020828517674415683, 0.0020828517674415683, 0.993859479460166 0.0002656913277940798 0.005393068359264646 0.0004817608527753466, 
56, 000000, 000000, 4.86557751651946e-05, 4.86557751651946e-05, 0.9997084595847756 0.00029114617945748305 3.9423576684225167e-07, 
57, 000000, 000000, 4.427513897257095e-05, 4.427513897257095e-05, 0.9997343491661647 0.0002656508338354257, 
58, 000000, 000000, 4.629159964431269e-05, 4.629159964431269e-05, 0.9997222504021341 0.00027774959786587615, 
59, 000000, 000000, 4.377318568360668e-05, 4.377318568360668e-05, 0.9997373608858984 0.0002626391141016401, 
60, 000000, 000000, 4.8434345670861764e-05, 4.8434345670861764e-05, 0.9997093939259748 0.0002906060740251706, 
61, 000000, 000000, 4.354521316304442e-05, 4.354521316304442e-05, 0.9997387287210218 0.0002612712789782665, 
62, 000000, 000000, 4.0455310565173647e-05, 4.0455310565173647e-05, 0.9997572681366089 0.0002427318633910419, 
63, 000000, 000000, 4.513963513914994e-05, 4.513963513914994e-05, 0.9997291621891651 0.00027083781083489967, 
64, 000000, 000000, 4.612359294474321e-05, 4.612359294474321e-05, 0.9997232584423316 0.00027674155766845926, 
65, 000000, 000000, 4.865237264533847e-05, 4.865237264533847e-05, 0.999708085764128 0.00029191423587203083, 
66, 000000, 000000, 4.5061877565751215e-05, 4.5061877565751215e-05, 0.9997296287346056 0.00027037126539450736, 
67, 000000, 000000, 4.212050031976691e-05, 4.212050031976691e-05, 0.9997472769980814 0.00025272300191860145, 
68, 000000, 000000, 0.009219640838201391, 0.009219640838201391, 0.9790757665150842 0.0002668635934567555 0.00842351155475412 0.010731475020576203 0.0015023833161286796, 
69, 000000, 000000, 0.006395677496943492, 0.006395677496943492, 0.9850249534767016 0.0002532695272517444 0.007154308618750167 0.006457695292277201 0.0011097730850193187, 
70, 000000, 000000, 4.8392709042543246e-05, 4.8392709042543246e-05, 0.9997096873872707 0.0002902689712034508 4.364152590433756e-08, 
71, 000000, 000000, 4.3124150651606264e-05, 4.3124150651606264e-05, 0.9997412550960902 0.0002587449039096376, 
72, 000000, 000000, 4.8968906901736945e-05, 4.8968906901736945e-05, 0.9997061865585896 0.0002938134414104217, 
73, 000000, 000000, 4.2522586715199194e-05, 4.2522586715199194e-05, 0.9997448644797088 0.00025513552029119514, 
74, 000000, 000000, 4.4442225212515404e-05, 4.4442225212515404e-05, 0.999733346648725 0.0002666533512750924, 
75, 000000, 000000, 4.835753710745348e-05, 4.835753710745348e-05, 0.9997098547773553 0.00029014522264472097, 
76, 000000, 000000, 4.895059385956807e-05, 4.895059385956807e-05, 0.9997062964368426 0.0002937035631574085, 
77, 000000, 000000, 4.2790608030395843e-05, 4.2790608030395843e-05, 0.9997432563518176 0.0002567436481823751, 
78, 000000, 000000, 4.841602388961517e-05, 4.841602388961517e-05, 0.9997095038566624 0.00029049614333769106, 
79, 000000, 000000, 4.268846287513487e-05, 4.268846287513487e-05, 0.9997438692227492 0.00025613077725080926, 
80, 000000, 000000, 4.201899427935225e-05, 4.201899427935225e-05, 0.999747886034324 0.0002521139656761135, 
81, 000000, 000000, 4.532331373188377e-05, 4.532331373188377e-05, 0.9997280601176086 0.0002719398823913026, 
82, 000000, 000000, 4.942556427653548e-05, 4.942556427653548e-05, 0.9997034466143407 0.00029655338565921286, 
83, 000000, 000000, 4.4984136722246034e-05, 4.4984136722246034e-05, 0.9997300951796666 0.0002699048203334762, 
84, 000000, 000000, 4.974135391202347e-05, 4.974135391202347e-05, 0.9997015518765278 0.0002984481234721408, 
85, 000000, 000000, 4.470209352785381e-05, 4.470209352785381e-05, 0.9997323647993207 0.0002670578401915649 5.773604877789815e-07, 
86, 000000, 000000, 4.4770761536536535e-05, 4.4770761536536535e-05, 0.9997313754307808 0.00026862456921921925, 
87, 000000, 000000, 4.2814013308631155e-05, 4.2814013308631155e-05, 0.9997431159201482 0.00025688407985178694, 
88, 000000, 000000, 4.652662954081714e-05, 4.652662954081714e-05, 0.9997208402227551 0.00027915977724490284, 
89, 000000, 000000, 4.668666592725783e-05, 4.668666592725783e-05, 0.9997198800044365 0.00028011999556354697, 
90, 000000, 000000, 4.7181317716792126e-05, 4.7181317716792126e-05, 0.9997169120936993 0.00028308790630075277, 
91, 000000, 000000, 4.28815412650723e-05, 4.28815412650723e-05, 0.9997427107524096 0.0002572892475904338, 
92, 000000, 000000, 3.7692706083661535e-05, 3.7692706083661535e-05, 0.999773843763498 0.0002261562365019692, 
93, 000000, 000000, 4.520222361870748e-05, 4.520222361870748e-05, 0.9997287866582877 0.0002712133417122449, 
94, 000000, 000000, 4.287089731516337e-05, 4.287089731516337e-05, 0.9997427746161089 0.00025722538389098023, 
95, 000000, 000000, 4.667700407879497e-05, 4.667700407879497e-05, 0.9997199379755273 0.0002800620244727698, 
96, 000000, 000000, 4.735560498858775e-05, 4.735560498858775e-05, 0.9997158663700685 0.00028413362993152654, 
97, 000000, 000000, 4.321863385136829e-05, 4.321863385136829e-05, 0.9997406881968918 0.00025931180310820973, 
98, 000000, 000000, 4.5901470383665897e-05, 4.5901470383665897e-05, 0.999724851392252 0.00027488839319396604 2.6021455401466005e-07, 
99, 000000, 000000, 5.0915304572779245e-05, 5.0915304572779245e-05, 0.9996945081725633 0.0003054918274366755, 
100, 000000, 000000, 4.439529193753008e-05, 4.439529193753008e-05, 0.9997336282483748 0.0002663717516251805, 
run, initial grid state, final grid state, mean grid cell occupancy, mean binding site occupancy, fraction of time with N TFs bound, warning
1, 000000, 000000, 4.7777880395891816e-05, 4.7777880395891816e-05, 0.9997133327176246 0.0002866672823753509, 
2, 000000, 000000, 4.747746777392054e-05, 4.747746777392054e-05, 0.9997151351933564 0.0002848648066435233, 
3, 000000, 000000, 4.495572513320635e-05, 4.495572513320635e-05, 0.9997302824311723 0.00026970078685632884 1.678197145462036e-08, 
4, 000000, 000000, 4.178944423030219e-05, 4.178944423030219e-05, 0.9997493764045567 0.00025051052550463 1.1306993859154836e-07, 
5, 000000, 000000, 4.5494003523218374e-05, 4.5494003523218374e-05, 0.9997270359788607 0.0002729640211393103, 
6, 000000, 000000, 4.5566730170760935e-05, 4.5566730170760935e-05, 0.9997265996189755 0.0002734003810245656, 
7, 000000, 000000, 4.438237179116172e-05, 4.438237179116172e-05, 0.999733705769253 0.0002662942307469703, 
8, 000000, 000000, 4.124365244367908e-05, 4.124365244367908e-05, 0.9997525380853379 0.0002474619146620745, 
9, 000000, 000000, 4.568900536860479e-05, 4.568900536860479e-05, 0.9997258659677883 0.00027413403221162875, 
10, 000000, 000000, 4.2062858295012263e-05, 4.2062858295012263e-05, 0.99974762285023 0.00025237714977007354, 
11, 000000, 000000, 4.562579117892398e-05, 4.562579117892398e-05, 0.9997262452529264 0.0002737547470735439, 
12, 000000, 000000, 3.863084709708157e-05, 3.863084709708157e-05, 0.9997684622759776 0.00023129036546250048 2.473585599944705e-07, 
13, 000000, 000000, 0.000636439810318782, 0.000636439810318782, 0.9979527979277569 0.000275765282573619 0.0017714367896695363, 
14, 000000, 000000, 4.4497324504939465e-05, 4.4497324504939465e-05, 0.9997330160529703 0.00026698394702963683, 
15, 000000, 000000, 4.919978144896632e-05, 4.919978144896632e-05, 0.9997048013113061 0.0002951986886937979, 
16, 000000, 000000, 4.624528568195792e-05, 4.624528568195792e-05, 0.9997225745852344 0.000277379115439362 4.6299326192765006e-08, 
17, 000000, 000000, 4.516169034143508e-05, 4.516169034143508e-05, 0.9997290298579514 0.0002709701420486105, 
18, 000000, 000000, 4.704187764959879e-05, 4.704187764959879e-05, 0.9997177487341024 0.0002822512658975927, 
19, 000000, 000000, 4.703349107528216e-05, 4.703349107528216e-05, 0.9997177990535483 0.0002822009464516929, 
20, 000000, 000000, 0.008225652861111236, 0.008225652861111236, 0.9815752418169632 0.0002637494134402123 0.007592740883382955 0.008368385558393001 0.0021998823278205734, 
21, 000000, 000000, 4.49333535355926e-05, 4.49333535355926e-05, 0.9997303998787864 0.00026960012121355557, 
22, 000000, 000000, 4.5363820017580524e-05, 4.5363820017580524e-05, 0.9997278170798946 0.00027218292010548317, 
23, 000000, 000000, 0.002772646035596977, 0.002772646035596977, 0.9915420321128913 0.00028075797712044014 0.008176511493503309 6.984164849349429e-07, 
24, 000000, 000000, 4.5656142652443316e-05, 4.5656142652443316e-05, 0.9997261036933487 0.0002738557573878869 4.054926338649931e-08, 
25, 000000, 000000, 4.1818484730403194e-05, 4.1818484730403194e-05, 0.9997490890916176 0.0002509109083824192, 
26, 000000, 000000, 4.7193344384770586e-05, 4.7193344384770586e-05, 0.9997168399336913 0.00028316006630862354, 
27, 000000, 000000, 4.2160260549973e-05, 4.2160260549973e-05, 0.9997470384367002 0.000252961563299838, 
28, 000000, 000000, 4.716439197988261e-05, 4.716439197988261e-05, 0.9997170136481208 0.0002829863518792957, 
29, 000000, 000000, 4.1225082011479014e-05, 4.1225082011479014e-05, 0.9997526495079312 0.0002473504920688741, 
30, 000000, 000000, 4.284419898335329e-05, 4.284419898335329e-05, 0.9997430882708873 0.00025675826432519877 1.5346478746050878e-07, 
31, 000000, 000000, 4.6758379136720515e-05, 4.6758379136720515e-05, 0.9997194761142137 0.0002804974967521666 2.6389034078234716e-08, 
32, 000000, 000000, 4.9075937135693875e-05, 4.9075937135693875e-05, 0.9997055443771858 0.00029445562281416325, 
33, 000000, 000000, 4.3879911941984544e-05, 4.3879911941984544e-05, 0.9997367205283482 0.00026327947165190725, 
34, 000000, 000000, 4.325638433858057e-05, 4.325638433858057e-05, 0.9997404616939685 0.00025953830603148343, 
35, 000000, 000000, 4.2619549621584654e-05, 4.2619549621584654e-05, 0.9997442827022704 0.00025571729772950796, 
36, 000000, 000000, 4.5981730918501985e-05, 4.5981730918501985e-05, 0.999724109614489 0.00027589038551101194, 
37, 000000, 000000, 4.6579085466146525e-05, 4.6579085466146525e-05, 0.9997205254872031 0.0002794745127968792, 
38, 000000, 000000, 4.344651893990187e-05, 4.344651893990187e-05, 0.9997393208863605 0.0002606791136394113, 
39, 000000, 000000, 4.540686536044361e-05, 4.540686536044361e-05, 0.9997275588078374 0.00027244119216266165, 
40, 000000, 000000, 3.9635080132664524e-05, 3.9635080132664524e-05, 0.9997621895192039 0.00023781048079598714, 
41, 000000, 000000, 4.277906121324659e-05, 4.277906121324659e-05, 0.9997433256327206 0.00025667436727947954, 
42, 000000, 000000, 4.600990891421823e-05, 4.600990891421823e-05, 0.9997239405465148 0.00027605945348530936, 
43, 000000, 000000, 4.6646484514529924e-05, 4.6646484514529924e-05, 0.9997201210929129 0.00027987890708717957, 
44, 000000, 000000, 4.394680715039542e-05, 4.394680715039542e-05, 0.9997363191570976 0.00026368084290237254, 
45, 000000, 000000, 4.8345306533679637e-05, 4.8345306533679637e-05, 0.9997099281607978 0.0002900718392020779, 
46, 000000, 000000, 4.1835835146490824e-05, 4.1835835146490824e-05, 0.9997490676303071 0.000250849728506879 8.264118603297641e-08, 
47, 000000, 000000, 4.7465847585081826e-05, 4.7465847585081826e-05, 0.9997152049144895 0.000284795085510491, 
48, 000000, 000000, 0.003078414142371999, 0.003078414142371999, 0.9924352377779774 0.00027856627005870316 0.0036666692717187174 0.0036195266802452855, 
49, 000000, 000000, 4.5785230108047386e-05, 4.5785230108047386e-05, 0.9997252886193516 0.00027471138064828434, 
50, 000000, 000000, 4.5922019923880605e-05, 4.5922019923880605e-05, 0.9997244678804567 0.00027553211954328363, 
51, 000000, 000000, 4.399861351440084e-05, 4.399861351440084e-05, 0.9997360083189135 0.00026399168108640503, 
52, 000000, 000000, 4.562129095848788e-05, 4.562129095848788e-05, 0.999726272254249 0.00027372774575092735, 
53, 000000, 000000, 4.299057484450189e-05, 4.299057484450189e-05, 0.999742056550933 0.0002579434490670114, 
54, 000000, 000000, 5.124176106487482e-05, 5.124176106487482e-05, 0.9996925494336107 0.0003074505663892489, 
55, 000000, 000000, 0.0004924306196306987, 0.0004924306196306987, 0.9983872344419841 0.00027097679101350006 0.0013417593742367482 2.9392765732038585e-08, 
56, 000000, 000000, 4.304416977518015e-05, 4.304416977518015e-05, 0.999741734981349 0.00025826501865108093, 
57, 000000, 000000, 4.552434931288761e-05, 4.552434931288761e-05, 0.9997268539041227 0.00027314609587732565, 
58, 000000, 000000, 4.523903583878933e-05, 4.523903583878933e-05, 0.9997285657849673 0.000271434215032736, 
59, 000000, 000000, 4.344464070170255e-05, 4.344464070170255e-05, 0.9997393321557898 0.00026066784421021526, 
60, 000000, 000000, 4.214549011608116e-05, 4.214549011608116e-05, 0.9997471270593036 0.000252872940696487, 
61, 000000, 000000, 4.405533164729504e-05, 4.405533164729504e-05, 0.9997356680101162 0.00026433198988377025, 
62, 000000, 000000, 4.5203603242139015e-05, 4.5203603242139015e-05, 0.9997287783805472 0.0002712216194528341, 
63, 000000, 000000, 4.211776616166338e-05, 4.211776616166338e-05, 0.99974729340303 0.0002527065969699803, 
64, 000000, 000000, 4.701214764379165e-05, 4.701214764379165e-05, 0.9997179440690688 0.0002820389759996867 1.6954931531633648e-08, 
65, 000000, 000000, 4.222971330078885e-05, 4.222971330078885e-05, 0.9997466217201952 0.0002533782798047331, 
66, 000000, 000000, 4.4769281471757426e-05, 4.4769281471757426e-05, 0.9997313843111695 0.00026861568883054457, 
67, 000000, 000000, 4.16551739187053e-05, 4.16551739187053e-05, 0.9997500689564879 0.0002499310435122318, 
68, 000000, 000000, 4.5900486592826725e-05, 4.5900486592826725e-05, 0.999724597080443 0.0002754029195569603, 
69, 000000, 000000, 4.3221699086715354e-05, 4.3221699086715354e-05, 0.9997406698054796 0.0002593301945202922, 
70, 000000, 000000, 4.6466291534867094e-05, 4.6466291534867094e-05, 0.9997212022507909 0.0002787977492092026, 
71, 000000, 000000, 4.656577241964464e-05, 4.656577241964464e-05, 0.9997206053654821 0.00027939463451786786, 
72, 000000, 000000, 4.480415960507211e-05, 4.480415960507211e-05, 0.9997311750423696 0.0002688249576304327, 
73, 000000, 000000, 4.481379293790964e-05, 4.481379293790964e-05, 0.9997311172423725 0.00026888275762745786, 
74, 000000, 000000, 4.828017792287785e-05, 4.828017792287785e-05, 0.9997103189324628 0.0002896810675372671, 
75, 000000, 000000, 0.0036444975341079835, 0.0036444975341079835, 0.9894886852897233 0.0002622652158706091 0.009142428494441168 0.0011066209999649865, 
76, 000000, 000000, 4.762012338242061e-05, 4.762012338242061e-05, 0.9997142792597055 0.00028572074029452365, 
77, 000000, 000000, 4.3562716649702656e-05, 4.3562716649702656e-05, 0.9997386237001018 0.0002613762998982159, 
78, 000000, 000000, 4.884235504206372e-05, 4.884235504206372e-05, 0.9997069458697476 0.0002930541302523824, 
79, 000000, 000000, 4.6458019805624556e-05, 4.6458019805624556e-05, 0.9997212518811663 0.00027874811883374736, 
80, 000000, 000000, 4.69838877396826e-05, 4.69838877396826e-05, 0.9997182962944784 0.000281504084605317 1.9962091638928366e-07, 
81, 000000, 000000, 4.671796939755674e-05, 4.671796939755674e-05, 0.9997196921836146 0.0002803078163853405, 
82, 000000, 000000, 4.340724493193878e-05, 4.340724493193878e-05, 0.9997395565304082 0.0002604434695916327, 
83, 000000, 000000, 4.64362656606798e-05, 4.64362656606798e-05, 0.9997213824060359 0.0002786175939640788, 
84, 000000, 000000, 4.603809177472934e-05, 4.603809177472934e-05, 0.9997237714493517 0.00027622855064837607, 
85, 000000, 000000, 4.4665945614481426e-05, 4.4665945614481426e-05, 0.9997325295931859 0.00026694513994125914 5.252668728147234e-07, 
86, 000000, 000000, 4.761103001487048e-05, 4.761103001487048e-05, 0.9997143338199108 0.0002856661800892229, 
87, 000000, 000000, 0.001668632409160044, 0.001668632409160044, 0.9948574434930707 0.00027331855889843506 0.004869237948030914, 
88, 000000, 000000, 4.157157368176006e-05, 4.157157368176006e-05, 0.9997505705579095 0.0002494294420905604, 
89, 000000, 000000, 4.980862256564805e-05, 4.980862256564805e-05, 0.9997011482646061 0.00029885173539388835, 
90, 000000, 000000, 3.960138372730449e-05, 3.960138372730449e-05, 0.9997623916976363 0.00023760830236382698, 
91, 000000, 000000, 4.7028486658003e-05, 4.7028486658003e-05, 0.999717829080052 0.000282170919948018, 
92, 000000, 000000, 4.768717469658358e-05, 4.768717469658358e-05, 0.9997138769518205 0.0002861230481795015, 
93, 000000, 000000, 4.363513130804442e-05, 4.363513130804442e-05, 0.9997381892121517 0.0002618107878482665, 
94, 000000, 000000, 4.869522293050699e-05, 4.869522293050699e-05, 0.9997078286624169 0.00029217133758304196, 
95, 000000, 000000, 4.967702166218583e-05, 4.967702166218583e-05, 0.9997019378700269 0.000298062129973115, 
96, 000000, 000000, 4.9210986872309524e-05, 4.9210986872309524e-05, 0.999704734078766 0.00029526592123385717, 
97, 000000, 000000, 4.419999041883075e-05, 4.419999041883075e-05, 0.9997348000574869 0.00026519994251298447, 
98, 000000, 000000, 4.55323395883463e-05, 4.55323395883463e-05, 0.9997268059624699 0.00027319403753007783, 
99, 000000, 000000, 4.455620702813386e-05, 4.455620702813386e-05, 0.9997326627578312 0.00026733724216880316, 
100, 000000, 000000, 4.8602476929240214e-05, 4.8602476929240214e-05, 0.9997083851384245 0.0002916148615754413, 
run, initial grid state, final grid state, mean grid cell occupancy, mean binding site occupancy, fraction of time with N TFs bound, warning
1, 000000, 000000, 4.5885305093630906e-05, 4.5885305093630906e-05, 0.9997246881694382 0.00027531183056178545, 
2, 000000, 000000, 4.504423433550513e-05, 4.504423433550513e-05, 0.9997297345939871 0.00027026540601303076, 
3, 000000, 000000, 4.6356981207621956e-05, 4.6356981207621956e-05, 0.9997221076057293 0.000277642901295679 2.4949297502636907e-07, 
4, 000000, 000000, 0.0004953941071175038, 0.0004953941071175038, 0.9983801459389025 0.000267593991128561 0.0013520095583306607 2.505116383802323e-07, 
5, 000000, 000000, 4.4274058403918695e-05, 4.4274058403918695e-05, 0.9997343556495766 0.00026564435042351214, 
6, 000000, 000000, 4.6084843873673815e-05, 4.6084843873673815e-05, 0.9997234909367579 0.0002765090632420429, 
7, 000000, 000000, 4.459589995493052e-05, 4.459589995493052e-05, 0.9997324246002703 0.0002675753997295831, 
8, 000000, 000000, 4.4403531962948404e-05, 4.4403531962948404e-05, 0.9997335788082223 0.00026642119177769044, 
9, 000000, 000000, 4.561206263514981e-05, 4.561206263514981e-05, 0.9997263276241892 0.00027367237581089887, 
10, 000000, 000000, 4.617670331453521e-05, 4.617670331453521e-05, 0.9997229397801128 0.0002770602198872113, 
11, 000000, 000000, 0.00012193135246377107, 0.00012193135246377107, 0.9994992887495019 0.000269834386213505 0.00023087686428456078, 
12, 000000, 000000, 4.3200973919415987e-05, 4.3200973919415987e-05, 0.9997407941564834 0.00025920584351649595, 
13, 000000, 000000, 0.05108000708169346, 0.05108000708169346, 0.9256028421594339 0.00024956847575043105 0.012922912521373883 0.015059406675649596 0.011511475018834386 0.018762242024369807 0.015891553124587874, 
14, 000000, 000000, 4.479795080776359e-05, 4.479795080776359e-05, 0.9997312122951534 0.00026878770484658153, 
15, 000000, 000000, 4.5206648752048515e-05, 4.5206648752048515e-05, 0.9997287601074877 0.0002712398925122911, 
16, 000000, 000000, 4.356416600303354e-05, 4.356416600303354e-05, 0.9997386150039818 0.00026138499601820127, 
17, 000000, 000000, 4.460683485939858e-05, 4.460683485939858e-05, 0.9997323589908436 0.00026764100915639146, 
18, 000000, 000000, 4.3402685776273634e-05, 4.3402685776273634e-05, 0.9997395838853422 0.00026041611465764186, 
19, 000000, 000000, 4.3881447806948893e-05, 4.3881447806948893e-05, 0.9997367113131583 0.00026328868684169336, 
20, 000000, 000000, 4.6131899682049295e-05, 4.6131899682049295e-05, 0.9997232086019077 0.00027679139809229586, 
21, 000000, 000000, 4.266023243409623e-05, 4.266023243409623e-05, 0.9997440386053954 0.0002559613946045774, 
22, 000000, 000000, 4.695419785174252e-05, 4.695419785174252e-05, 0.9997182748128896 0.00028172518711045514, 
23, 000000, 000000, 4.5239839819381374e-05, 4.5239839819381374e-05, 0.9997285609610836 0.00027143903891628827, 
24, 000000, 000000, 4.276961036313548e-05, 4.276961036313548e-05, 0.9997433823378212 0.0002566176621788129, 
25, 000000, 000000, 4.74797436759201e-05, 4.74797436759201e-05, 0.9997151215379445 0.0002848784620555206, 
26, 000000, 000000, 4.588410260508742e-05, 4.588410260508742e-05, 0.9997246953843695 0.0002753046156305245, 
27, 000000, 000000, 4.2383469632541125e-05, 4.2383469632541125e-05, 0.9997456991822048 0.00025430081779524683, 
28, 000000, 000000, 4.177754217501204e-05, 4.177754217501204e-05, 0.99974933474695 0.0002506652530500723, 
29, 000000, 000000, 4.4586907406894276e-05, 4.4586907406894276e-05, 0.9997325349965575 0.0002674085624437123 5.644099882670811e-08, 
30, 000000, 000000, 4.4552695935901744e-05, 4.4552695935901744e-05, 0.9997326838243846 0.00026731617561541053, 
31, 000000, 000000, 4.4318258451940044e-05, 4.4318258451940044e-05, 0.9997340904492883 0.00026590955071164024, 
32, 000000, 000000, 4.1386338591656774e-05, 4.1386338591656774e-05, 0.9997516819684502 0.00024831803154994064, 
33, 000000, 000000, 4.722067113990266e-05, 4.722067113990266e-05, 0.9997168604081106 0.00028295515693939376 1.844349500111171e-07, 
34, 000000, 000000, 4.447725669628515e-05, 4.447725669628515e-05, 0.9997331364598223 0.0002668635401777109, 
35, 000000, 000000, 4.589779336419887e-05, 4.589779336419887e-05, 0.9997246132398148 0.00027538676018519325, 
36, 000000, 000000, 4.369706678404903e-05, 4.369706678404903e-05, 0.9997378175992958 0.00026218240070429415, 
37, 000000, 000000, 4.50678329222296e-05, 4.50678329222296e-05, 0.9997295930024666 0.00027040699753337757, 
38, 000000, 000000, 4.4117344880668e-05, 4.4117344880668e-05, 0.9997352959307161 0.00026470406928400805, 
39, 000000, 000000, 4.3418836624302575e-05, 4.3418836624302575e-05, 0.9997394869802542 0.0002605130197458154, 
40, 000000, 000000, 4.26573743426805e-05, 4.26573743426805e-05, 0.9997440557539439 0.000255944246056083, 
41, 000000, 000000, 0.0002402493901223389, 0.0002402493901223389, 0.9991432606920911 0.00027198227508375773 0.0005847570328251378, 
42, 000000, 000000, 4.49643375550155e-05, 4.49643375550155e-05, 0.9997302139746699 0.000269786025330093, 
43, 000000, 000000, 4.7946075851585326e-05, 4.7946075851585326e-05, 0.9997123235448905 0.000287676455109512, 
44, 000000, 000000, 4.370337593938031e-05, 4.370337593938031e-05, 0.9997388939768611 0.00025999179064151076 1.11423249738557e-06, 
45, 000000, 000000, 4.482881976813905e-05, 4.482881976813905e-05, 0.9997310270813913 0.0002689729186088343, 
46, 000000, 000000, 4.663332053853893e-05, 4.663332053853893e-05, 0.9997202000767689 0.0002797999232312336, 
47, 000000, 000000, 4.45207511837005e-05, 4.45207511837005e-05, 0.9997328754928978 0.00026712450710220304, 
48, 000000, 000000, 4.3196417265578065e-05, 4.3196417265578065e-05, 0.9997408214964065 0.00025917850359346835, 
49, 000000, 000000, 0.0031526215230066328, 0.0031526215230066328, 0.9919629062612862 0.00027554604606689107 0.004644718397728377 0.0031165708831576706 2.584117607843308e-07, 
50, 000000, 000000, 4.343960991236971e-05, 4.343960991236971e-05, 0.9997393623405257 0.0002606376594742183, 
51, 000000, 000000, 4.388980062233062e-05, 4.388980062233062e-05, 0.999736661196266 0.0002633388037339837, 
52, 000000, 000000, 4.2041224072827905e-05, 4.2041224072827905e-05, 0.9997477820934841 0.000252188468594646 2.9437921160743348e-08, 
53, 000000, 000000, 0.0014769880837047003, 0.0014769880837047003, 0.9954416051041737 0.0002548612894242709 0.004303533606401965, 
54, 000000, 000000, 4.4978950098487544e-05, 4.4978950098487544e-05, 0.999730126299409 0.00026987370059092524, 
55, 000000, 000000, 4.8117732431398037e-05, 4.8117732431398037e-05, 0.9997112936054116 0.0002887063945883882, 
56, 000000, 000000, 4.3458579817970786e-05, 4.3458579817970786e-05, 0.9997392485210922 0.0002607514789078247, 
57, 000000, 000000, 4.585514319204854e-05, 4.585514319204854e-05, 0.9997248691408477 0.00027513085915229125, 
58, 000000, 000000, 4.478122067638901e-05, 4.478122067638901e-05, 0.9997313127625085 0.00026868715092455214 8.656689098903111e-11, 
59, 000000, 000000, 4.42819845755603e-05, 4.42819845755603e-05, 0.9997343080925466 0.0002656919074533618, 
60, 000000, 000000, 5.0135371254010546e-05, 5.0135371254010546e-05, 0.999699187772476 0.0003008122275240633, 
61, 000000, 000000, 4.4744287008360157e-05, 4.4744287008360157e-05, 0.9997315342779498 0.000268465722050161, 
62, 000000, 000000, 4.656987188957321e-05, 4.656987188957321e-05, 0.9997207618186837 0.00027905713129505066 1.8105002119427634e-07, 
63, 000000, 000000, 4.378054483605563e-05, 4.378054483605563e-05, 0.9997373167309836 0.0002626832690163338, 
64, 000000, 000000, 4.289417317173254e-05, 4.289417317173254e-05, 0.9997426349609696 0.0002573650390303953, 
65, 000000, 000000, 3.941608718212573e-05, 3.941608718212573e-05, 0.9997635034769073 0.00023649652309275438, 
66, 000000, 000000, 4.759856849596504e-05, 4.759856849596504e-05, 0.9997144085890242 0.00028559141097579026, 
67, 000000, 000000, 4.618113564113317e-05, 4.618113564113317e-05, 0.9997229131861531 0.00027708681384679904, 
68, 000000, 000000, 4.590414537019679e-05, 4.590414537019679e-05, 0.9997245751277789 0.0002754248722211807, 
69, 000000, 000000, 0.00013500355595522196, 0.00013500355595522196, 0.9994713640641981 0.0002472505358724211 0.0002813853999294553, 
70, 000000, 000000, 4.633776830340823e-05, 4.633776830340823e-05, 0.9997219733901795 0.0002780266098204494, 
71, 000000, 000000, 4.6825802304288685e-05, 4.6825802304288685e-05, 0.9997190451861744 0.00028095481382573215, 
72, 000000, 000000, 4.418159684713772e-05, 4.418159684713772e-05, 0.9997349104189173 0.0002650895810828263, 
73, 000000, 000000, 4.5682277971115764e-05, 4.5682277971115764e-05, 0.9997259063321733 0.00027409366782669455, 
74, 000000, 000000, 4.6737793550191754e-05, 4.6737793550191754e-05, 0.9997195732386989 0.0002804267613011505, 
75, 000000, 000000, 4.4529299773043106e-05, 4.4529299773043106e-05, 0.9997328242013617 0.00026717579863825864, 
76, 000000, 000000, 4.6846190424214644e-05, 4.6846190424214644e-05, 0.9997189228574548 0.0002810771425452879, 
77, 000000, 000000, 4.6007018424216554e-05, 4.6007018424216554e-05, 0.9997239578894547 0.00027604211054529937, 
78, 000000, 000000, 4.8334071646907965e-05, 4.8334071646907965e-05, 0.9997100112381583 0.00028997309380189573 1.5668039776030037e-08, 
79, 000000, 000000, 4.320745221166997e-05, 4.320745221166997e-05, 0.99974075528673 0.0002592447132700198, 
80, 000000, 000000, 4.4576756971368706e-05, 4.4576756971368706e-05, 0.9997325394581718 0.00026746054182821225, 
81, 000000, 000000, 4.49254228154884e-05, 4.49254228154884e-05, 0.9997304919406536 0.00026946358179981905 4.447754655565534e-08, 
82, 000000, 000000, 4.229848858429706e-05, 4.229848858429706e-05, 0.9997462090684942 0.0002537909315057824, 
83, 000000, 000000, 4.4757323926453517e-05, 4.4757323926453517e-05, 0.9997314560564412 0.0002685439435587211, 
84, 000000, 000000, 4.404991274101757e-05, 4.404991274101757e-05, 0.9997357005235539 0.0002642994764461054, 
85, 000000, 000000, 4.784466691798233e-05, 4.784466691798233e-05, 0.9997129319984921 0.00028706800150789404, 
86, 000000, 000000, 4.6420561890557126e-05, 4.6420561890557126e-05, 0.9997214766286566 0.00027852337134334277, 
87, 000000, 000000, 4.656043570368018e-05, 4.656043570368018e-05, 0.999720637385778 0.0002793626142220811, 
88, 000000, 000000, 4.820563672474326e-05, 4.820563672474326e-05, 0.9997107959853203 0.0002891742090111044 2.980566867760249e-08, 
89, 000000, 000000, 4.4084765044528515e-05, 4.4084765044528515e-05, 0.9997354914097328 0.0002645085902671711, 
90, 000000, 000000, 4.1592928959336095e-05, 4.1592928959336095e-05, 0.999750442426244 0.0002495575737560165, 
91, 000000, 000000, 4.5654184472258514e-05, 4.5654184472258514e-05, 0.9997264617700176 0.0002731513531313079 3.8687685112158453e-07, 
92, 000000, 000000, 4.480094542755641e-05, 4.480094542755641e-05, 0.9997311943274347 0.0002688056725653385, 
93, 000000, 000000, 4.896602406091292e-05, 4.896602406091292e-05, 0.9997062038556346 0.00029379614436547756, 
94, 000000, 000000, 4.4020450388268485e-05, 4.4020450388268485e-05, 0.9997358772976704 0.0002641227023296109, 
95, 000000, 000000, 4.638014489481014e-05, 4.638014489481014e-05, 0.9997220829059997 0.00027755331863179775 3.6377536853154496e-07, 
96, 000000, 000000, 4.5289889591209696e-05, 4.5289889591209696e-05, 0.9997282606624527 0.0002717393375472582, 
97, 000000, 000000, 4.8076480763361344e-05, 4.8076480763361344e-05, 0.9997115411154198 0.00028845888458016813, 
98, 000000, 000000, 0.00019058838978969677, 0.00019058838978969677, 0.9992964999172157 0.0002634698268303308 0.00044003025595392494, 
99, 000000, 000000, 4.470231377566173e-05, 4.470231377566173e-05, 0.999731786117346 0.00026821388265397037, 
100, 000000, 000000, 0.006518594088165174, 0.006518594088165174, 0.9834758666327139 0.0002807113077709904 0.009899751814657052 0.006343331387526193 3.3885733184360316e-07, 
run, initial grid state, final grid state, mean grid cell occupancy, mean binding site occupancy, fraction of time with N TFs bound, warning
1, 000000, 000000, 4.4650861553765e-05, 4.4650861553765e-05, 0.9997320948306775 0.00026790516932259, 
2, 000000, 000000, 4.286671073429836e-05, 4.286671073429836e-05, 0.9997427997355942 0.0002572002644057902, 
3, 000000, 000000, 4.435864707811173e-05, 4.435864707811173e-05, 0.9997338481175314 0.0002661518824686704, 
4, 000000, 000000, 0.00010953382554378734, 0.00010953382554378734, 0.9995358385491776 0.00027111994838186436 0.00019304150244042983, 
5, 000000, 000000, 4.4288482829194615e-05, 4.4288482829194615e-05, 0.9997342691030248 0.0002657308969751677, 
6, 000000, 000000, 4.479058169231349e-05, 4.479058169231349e-05, 0.9997313559982602 0.00026854451332553855 9.948841417119615e-08, 
7, 000000, 000000, 4.210039714351739e-05, 4.210039714351739e-05, 0.9997473976171389 0.00025260238286110436, 
8, 000000, 000000, 4.671321911988328e-05, 4.671321911988328e-05, 0.9997197770019954 0.00028016668128981784 5.631671474093482e-08, 
9, 000000, 000000, 4.420258769723397e-05, 4.420258769723397e-05, 0.9997347844738166 0.0002652155261834039, 
10, 000000, 000000, 4.504433008082281e-05, 4.504433008082281e-05, 0.999729734019515 0.00027026598048493684, 
11, 000000, 000000, 4.36527836722053e-05, 4.36527836722053e-05, 0.999738729894396 0.0002606235091746494 6.465964292912255e-07, 
12, 000000, 000000, 4.5539691892464504e-05, 4.5539691892464504e-05, 0.9997267772948811 0.0002732072588828605 1.5446235963276454e-08, 
13, 000000, 000000, 4.158471386850085e-05, 4.158471386850085e-05, 0.9997504917167891 0.00024950828321100517, 
14, 000000, 000000, 4.5275245616412784e-05, 4.5275245616412784e-05, 0.9997283485263015 0.00027165147369847674, 
15, 000000, 000000, 4.650856242601419e-05, 4.650856242601419e-05, 0.9997209486254439 0.00027905137455608514, 
16, 000000, 000000, 4.476541766656712e-05, 4.476541766656712e-05, 0.9997314074940006 0.0002685925059994027, 
17, 000000, 000000, 0.0067565864691060025, 0.0067565864691060025, 0.9862575617229847 0.0002493376073287291 0.0053011033263664015 0.004146378821619919 0.0029792545187859306 0.0010663640029142016, 
18, 000000, 000000, 4.350412921214925e-05, 4.350412921214925e-05, 0.9997389752247271 0.00026102477527289547, 
19, 000000, 000000, 4.8235753319000266e-05, 4.8235753319000266e-05, 0.999710585480086 0.00028941451991400154, 
20, 000000, 000000, 0.0006467272996505299, 0.0006467272996505299, 0.9979129892303588 0.0002936577413794038 0.0017933530282618884, 
21, 000000, 000000, 4.690740339280209e-05, 4.690740339280209e-05, 0.9997185555796433 0.00028144442035681256, 
22, 000000, 000000, 4.75530823148308e-05, 4.75530823148308e-05, 0.9997146815061111 0.0002853184938889848, 
23, 000000, 000000, 0.0005029779264405243, 0.0005029779264405243, 0.99836705966401 0.000248013113336913 0.0013849272226531164, 
24, 000000, 000000, 4.662990151224646e-05, 4.662990151224646e-05, 0.9997202205909265 0.0002797794090734788, 
25, 000000, 000000, 4.222779174768637e-05, 4.222779174768637e-05, 0.9997466332495138 0.0002533667504861182, 
26, 000000, 000000, 4.566621158170498e-05, 4.566621158170498e-05, 0.9997260027305098 0.00027399726949022994, 
27, 000000, 000000, 4.459506077018876e-05, 4.459506077018876e-05, 0.9997324296353789 0.00026757036462113256, 
28, 000000, 000000, 4.184619082340948e-05, 4.184619082340948e-05, 0.9997490221836457 0.00025087848776839003 9.932858603341238e-08, 
29, 000000, 000000, 4.551109976433388e-05, 4.551109976433388e-05, 0.9997269334014139 0.0002730665985860032, 
30, 000000, 000000, 4.6738305468229086e-05, 4.6738305468229086e-05, 0.9997195701671906 0.0002804298328093745, 
31, 000000, 000000, 4.458785576517441e-05, 4.458785576517441e-05, 0.9997324728654089 0.0002675271345910465, 
32, 000000, 000000, 0.0014164523815756338, 0.0014164523815756338, 0.9956102689451206 0.00028090369914309595 0.004108671476897966 1.558788382581302e-07, 
33, 000000, 000000, 4.6231934467007265e-05, 4.6231934467007265e-05, 0.9997226083931979 0.0002773916068020436, 
34, 000000, 000000, 4.7991033300221516e-05, 4.7991033300221516e-05, 0.9997120538001986 0.00028794619980132915, 
35, 000000, 000000, 0.0005307064835614471, 0.0005307064835614471, 0.9982754022889234 0.00026495652078460224 0.0014596411902920404, 
36, 000000, 000000, 0.012593776143466476, 0.012593776143466476, 0.9750509772836998 0.000278109801723324 0.004265090933561892 0.014868922732108148 0.005536899248906827, 
37, 000000, 000000, 4.7486383329523376e-05, 4.7486383329523376e-05, 0.9997150817000229 0.0002849182999771403, 
38, 000000, 000000, 4.987101610479351e-05, 4.987101610479351e-05, 0.9997007739033712 0.0002992260966287611, 
39, 000000, 000000, 4.4424423041942846e-05, 4.4424423041942846e-05, 0.9997334534617484 0.0002665465382516571, 
