run, initial grid state, final grid state, mean grid cell occupancy, mean binding site occupancy, fraction of time with N TFs bound, warning
1, 000000, 000000, 3.885892964154836e-05, 3.885892964154836e-05, 0.9997668464221507 0.00023315357784929017, 
2, 000000, 000000, 3.5826399450148616e-05, 3.5826399450148616e-05, 0.9997850416032991 0.00021495839670089168, 
3, 000000, 000000, 3.6356399927114946e-05, 3.6356399927114946e-05, 0.9997818748123701 0.00021811197569721814 1.3211932735783712e-08, 
4, 000000, 000000, 0.0004949788011007105, 0.0004949788011007105, 0.9984039200831611 0.00022228702707360152 0.0013737928897653306, 
5, 000000, 000000, 3.921695232542819e-05, 3.921695232542819e-05, 0.9997647072543301 0.0002352837773872608 8.968282654171897e-09, 
6, 000000, 000000, 3.445048879656779e-05, 3.445048879656779e-05, 0.9997932970672206 0.0002067029327794067, 
7, 000000, 000000, 3.632006547218709e-05, 3.632006547218709e-05, 0.9997820796071669 0.00021792039283312256, 
8, 000000, 000000, 3.8207571442954644e-05, 3.8207571442954644e-05, 0.9997707545713422 0.00022924542865772785, 
9, 000000, 000000, 3.434186598503123e-05, 3.434186598503123e-05, 0.9997939488040898 0.00020605119591018736, 
10, 000000, 000000, 0.0012233104798223973, 0.0012233104798223973, 0.99622307833863 0.00021459340463595735 0.003561715295903824 6.129608302598907e-07, 
11, 000000, 000000, 3.8652290192347286e-05, 3.8652290192347286e-05, 0.999768086258846 0.00023191374115408373, 
12, 000000, 000000, 3.661937367133665e-05, 3.661937367133665e-05, 0.999780283757972 0.00021971624202801987, 
13, 000000, 000000, 3.6982538738269625e-05, 3.6982538738269625e-05, 0.9997781047675703 0.0002218952324296178, 
14, 000000, 000000, 3.7617652882883453e-05, 3.7617652882883453e-05, 0.9997742940827027 0.00022570591729730076, 
15, 000000, 000000, 3.9214841999289926e-05, 3.9214841999289926e-05, 0.9997647109480042 0.00023528905199573954, 
16, 000000, 000000, 3.840476498427342e-05, 3.840476498427342e-05, 0.9997695714100944 0.00023042858990564053, 
17, 000000, 000000, 3.768742772294843e-05, 3.768742772294843e-05, 0.9997738754336623 0.0002261245663376906, 
18, 000000, 000000, 3.586576824050465e-05, 3.586576824050465e-05, 0.999784805390557 0.00021519460944302788, 
19, 000000, 000000, 3.686874816257632e-05, 3.686874816257632e-05, 0.9997787875110244 0.0002212124889754579, 
20, 000000, 000000, 3.725117588388431e-05, 3.725117588388431e-05, 0.9997764929446966 0.00022350705530330587, 
21, 000000, 000000, 3.651946540528678e-05, 3.651946540528678e-05, 0.9997811237497571 0.00021863570805377057 2.40542188975073e-07, 
22, 000000, 000000, 3.671577318753699e-05, 3.671577318753699e-05, 0.9997797053608748 0.00022029463912522196, 
23, 000000, 000000, 3.965553928958281e-05, 3.965553928958281e-05, 0.9997621889001815 0.00023768896389941374 1.2213591904157682e-07, 
24, 000000, 111100, 0.08991291190292056, 0.08991291190292056, 0.8850875691692267 0.0002032314749331736 0.006951034699930463 0.009516779272839001 0.03455795058500982 0.023510578404192014 0.040172856393868805, 
25, 000000, 000000, 3.619778334304467e-05, 3.619778334304467e-05, 0.9997828132999417 0.00021718670005826807, 
26, 000000, 000000, 3.669259818798008e-05, 3.669259818798008e-05, 0.9997798444108721 0.0002201555891278805, 
27, 000000, 000000, 3.5543946621787835e-05, 3.5543946621787835e-05, 0.9997867363202694 0.00021326367973072702, 
28, 000000, 000000, 3.557094651895184e-05, 3.557094651895184e-05, 0.9997865744030764 0.00021342551473341043 8.219015030633835e-11, 
29, 000000, 000000, 3.639046965922539e-05, 3.639046965922539e-05, 0.9997816571820446 0.00021834281795535238, 
30, 000000, 000000, 3.5734254664474886e-05, 3.5734254664474886e-05, 0.9997855944720131 0.00021440552798684934, 
31, 000000, 000000, 3.504220634405652e-05, 3.504220634405652e-05, 0.9997897467619357 0.00021025323806433914, 
32, 000000, 000000, 3.590362530867354e-05, 3.590362530867354e-05, 0.9997845782481479 0.00021542175185204127, 
33, 000000, 000000, 3.919526756819375e-05, 3.919526756819375e-05, 0.9997648283945908 0.0002351716054091625, 
34, 000000, 000000, 3.6933193035834876e-05, 3.6933193035834876e-05, 0.999778400841785 0.0002215991582150093, 
35, 000000, 000000, 0.16890973288958616, 0.16890973288958616, 0.802111464218436 0.00016964875322898805 0.004240919428234157 0.009926182551059693 0.02878813522811855 0.06870607776336919 0.0860575720575534, 
36, 000000, 000000, 3.862940137921952e-05, 3.862940137921952e-05, 0.9997682235917247 0.0002317764082753171, 
37, 000000, 000000, 3.895380405833421e-05, 3.895380405833421e-05, 0.9997662771756499 0.00023372282435000529, 
38, 000000, 000000, 3.5758956238551706e-05, 3.5758956238551706e-05, 0.9997855171321541 0.00021441199826056025 7.08695853749911e-08, 
39, 000000, 000000, 3.816505106182382e-05, 3.816505106182382e-05, 0.9997710096936291 0.00022899030637094293, 
40, 000000, 000000, 3.6420707081204447e-05, 3.6420707081204447e-05, 0.9997814757575129 0.00021852424248722667, 
41, 000000, 000000, 3.659059597928111e-05, 3.659059597928111e-05, 0.9997804564241243 0.0002195435758756867, 
42, 000000, 111111, 0.16114101889056584, 0.16114101889056584, 0.8090356657126871 0.00019180534080168762 0.006314548487049057 0.014493462073396272 0.023534279984624044 0.062173725538840624 0.08425651286260116, 
43, 000000, 000000, 3.6462446988759006e-05, 3.6462446988759006e-05, 0.999781256825138 0.0002187116677917438 3.150707040514264e-08, 
44, 000000, 000000, 3.5282687958846166e-05, 3.5282687958846166e-05, 0.9997883038722468 0.000211696127753077, 
45, 000000, 000000, 3.56375983706909e-05, 3.56375983706909e-05, 0.9997861744097758 0.0002138255902241454, 
46, 000000, 000000, 3.6489607115487124e-05, 3.6489607115487124e-05, 0.999781062357307 0.00021893764269292275, 
47, 000000, 000000, 3.7240167309543894e-05, 3.7240167309543894e-05, 0.9997765589961428 0.0002234410038572634, 
48, 000000, 000000, 3.876542385304335e-05, 3.876542385304335e-05, 0.9997674074568818 0.00023259254311826005, 
49, 000000, 000000, 3.533962609220772e-05, 3.533962609220772e-05, 0.9997879622434467 0.00021203775655324642, 
50, 000000, 000000, 3.7676373593755924e-05, 3.7676373593755924e-05, 0.9997739417584375 0.00022605824156253558, 
51, 000000, 000000, 3.557061559397719e-05, 3.557061559397719e-05, 0.9997865763064361 0.00021342369356386313, 
52, 000000, 000000, 3.878320535070329e-05, 3.878320535070329e-05, 0.9997673007678958 0.00023269923210421972, 
53, 000000, 000000, 3.653205414969156e-05, 3.653205414969156e-05, 0.9997808480462422 0.00021911158261721204 4.0371140468688234e-08, 
54, 000000, 000000, 3.394989055891043e-05, 3.394989055891043e-05, 0.9997963006566466 0.00020369934335346258, 
55, 000000, 000000, 3.72394638340824e-05, 3.72394638340824e-05, 0.9997765991591098 0.00022336489877604918 3.594211422261737e-08, 
56, 000000, 000000, 3.626973440348434e-05, 3.626973440348434e-05, 0.9997823815935791 0.00021761840642090606, 
57, 000000, 000000, 3.416100907781364e-05, 3.416100907781364e-05, 0.999795033945533 0.00020496605446688185, 
58, 000000, 000000, 3.756884363794042e-05, 3.756884363794042e-05, 0.9997745869381724 0.00022541306182764253, 
59, 000000, 000000, 3.6066316860055924e-05, 3.6066316860055924e-05, 0.9997836020988398 0.0002163979011603356, 
60, 000000, 000000, 3.863053587859603e-05, 3.863053587859603e-05, 0.9997682167847285 0.0002317832152715762, 
61, 000000, 000000, 3.968736383074002e-05, 3.968736383074002e-05, 0.9997618758170156 0.00023812418298444009, 
62, 000000, 000000, 3.662534783394379e-05, 3.662534783394379e-05, 0.9997802479129964 0.00021975208700366272, 
63, 000000, 000000, 3.881837637925043e-05, 3.881837637925043e-05, 0.9997670897417245 0.0002329102582755026, 
64, 000000, 000000, 3.730193951782801e-05, 3.730193951782801e-05, 0.9997761883628931 0.0002238116371069681, 
65, 000000, 000000, 3.656513384606707e-05, 3.656513384606707e-05, 0.9997806091969236 0.00021939080307640244, 
66, 000000, 000000, 3.856156612848505e-05, 3.856156612848505e-05, 0.9997686306032291 0.00023136939677091036, 
67, 000000, 000000, 3.6427844433426336e-05, 3.6427844433426336e-05, 0.9997814329333995 0.00021856706660055802, 
68, 000000, 000000, 3.561646230872317e-05, 3.561646230872317e-05, 0.9997863012261475 0.00021369877385233905, 
69, 000000, 000000, 0.0015374322231694797, 0.0015374322231694797, 0.9952792972444553 0.00021694910761292568 0.00450361671239149 1.369355403241657e-07, 
70, 000000, 000000, 4.06393760776098e-05, 4.06393760776098e-05, 0.9997561637435343 0.00024383625646565884, 
71, 000000, 000000, 3.6357350153514003e-05, 3.6357350153514003e-05, 0.9997818558990789 0.00021814410092108405, 
72, 000000, 000000, 3.863931453492011e-05, 3.863931453492011e-05, 0.9997681641127905 0.00023183588720952065, 
73, 000000, 000000, 3.977154918481588e-05, 3.977154918481588e-05, 0.9997613707048911 0.00023862929510889527, 
74, 000000, 000000, 3.6843276042885496e-05, 3.6843276042885496e-05, 0.9997789403437427 0.00022105965625731294, 
75, 000000, 000000, 3.7175041450208875e-05, 3.7175041450208875e-05, 0.9997769497512986 0.00022305024870125322, 
76, 000000, 000000, 3.645948201832842e-05, 3.645948201832842e-05, 0.99978124310789 0.0002187568921099705, 
77, 000000, 000000, 0.00010149400644577397, 0.00010149400644577397, 0.9995846724673962 0.00022169102653285975 0.000193636506070892, 
78, 000000, 000000, 3.691930275577234e-05, 3.691930275577234e-05, 0.9997784841834653 0.00022151581653463402, 
79, 000000, 000000, 4.031281889715745e-05, 4.031281889715745e-05, 0.999758123086617 0.00024187691338294472, 
80, 000000, 000000, 3.7863478213737164e-05, 3.7863478213737164e-05, 0.9997728191307177 0.00022718086928242298, 
81, 000000, 000000, 3.489714241458299e-05, 3.489714241458299e-05, 0.9997906171455125 0.00020938285448749797, 
82, 000000, 000000, 3.8445563641387546e-05, 3.8445563641387546e-05, 0.9997694545772151 0.00023041746372165134 1.2795906333696273e-07, 
83, 000000, 000000, 3.581631680854393e-05, 3.581631680854393e-05, 0.9997851060715656 0.00021488995601742861 3.972416917483011e-09, 
84, 000000, 000000, 3.634854901708715e-05, 3.634854901708715e-05, 0.9997819191567656 0.0002180703923660761 1.0450868223394666e-08, 
85, 000000, 000000, 3.6520769125841855e-05, 3.6520769125841855e-05, 0.999780875385245 0.00021912461475505113, 
86, 000000, 000000, 3.845666337821467e-05, 3.845666337821467e-05, 0.9997692600197308 0.00023073998026928807, 
87, 000000, 000000, 3.8790250884275966e-05, 3.8790250884275966e-05, 0.9997672584946944 0.00023274150530565584, 
88, 000000, 000000, 3.686713871363346e-05, 3.686713871363346e-05, 0.9997787971677182 0.0002212028322818008, 
89, 000000, 000000, 3.651307136189676e-05, 3.651307136189676e-05, 0.9997809215718286 0.00021907842817138059, 
90, 000000, 000000, 3.846886614287661e-05, 3.846886614287661e-05, 0.9997691868031428 0.0002308131968572597, 
91, 000000, 000000, 3.665170281228718e-05, 3.665170281228718e-05, 0.9997800897831264 0.00021991021687372308, 
92, 000000, 000000, 3.8411404341868956e-05, 3.8411404341868956e-05, 0.9997695315739488 0.00023046842605121376, 
93, 000000, 000000, 3.560246996041587e-05, 3.560246996041587e-05, 0.9997863851802375 0.00021361481976249518, 
94, 000000, 000000, 3.7456442559872736e-05, 3.7456442559872736e-05, 0.9997752613446407 0.0002247386553592364, 
95, 000000, 000000, 3.818380462656987e-05, 3.818380462656987e-05, 0.9997708971722407 0.00022910282775941924, 
96, 000000, 000000, 3.533692586181763e-05, 3.533692586181763e-05, 0.9997879784448291 0.00021202155517090576, 
97, 000000, 000000, 3.948833974602744e-05, 3.948833974602744e-05, 0.9997630699615239 0.00023693003847616466, 
98, 000000, 000000, 3.2664396690197425e-05, 3.2664396690197425e-05, 0.9998040136198587 0.00019598638014118455, 
99, 000000, 000000, 3.585048625518462e-05, 3.585048625518462e-05, 0.9997848970824689 0.00021510291753110773, 
100, 000000, 000000, 3.664368151542571e-05, 3.664368151542571e-05, 0.9997801379109075 0.00021986208909255427, 
run, initial grid state, final grid state, mean grid cell occupancy, mean binding site occupancy, fraction of time with N TFs bound, warning
1, 000000, 000000, 0.0005569642493724407, 0.0005569642493724407, 0.9982168199859748 0.00022515252679993042 0.0015574494922412007 5.779949841045198e-07, 
2, 000000, 000000, 3.8261283603967206e-05, 3.8261283603967206e-05, 0.9997704322983763 0.0002295677016238032, 
3, 000000, 000000, 3.879099567155199e-05, 3.879099567155199e-05, 0.9997672540259708 0.00023274597402931193, 
4, 000000, 000000, 3.797067141311312e-05, 3.797067141311312e-05, 0.9997721759715213 0.00022782402847867873, 
5, 000000, 000000, 3.693777360397301e-05, 3.693777360397301e-05, 0.9997783733583763 0.0002216266416238381, 
6, 000000, 000000, 3.773742458252317e-05, 3.773742458252317e-05, 0.9997735754525049 0.00022642454749513904, 
7, 000000, 000000, 3.6157301747367916e-05, 3.6157301747367916e-05, 0.9997830561895158 0.0002169438104842075, 
8, 000000, 000000, 3.75532045218973e-05, 3.75532045218973e-05, 0.9997746807728687 0.00022531922713138383, 
9, 000000, 000000, 3.734163313570191e-05, 3.734163313570191e-05, 0.9997759502011858 0.0002240497988142115, 
10, 000000, 000000, 3.707817157633942e-05, 3.707817157633942e-05, 0.999777530970542 0.00022246902945803653, 
11, 000000, 000000, 3.707534090589721e-05, 3.707534090589721e-05, 0.9997775479545646 0.00022245204543538323, 
12, 000000, 000000, 3.778516870016063e-05, 3.778516870016063e-05, 0.9997733388540335 0.00022661127973215442 4.986623440470014e-08, 
13, 000000, 000000, 3.446892907362735e-05, 3.446892907362735e-05, 0.9997931864255583 0.0002068135744417641, 
14, 000000, 000000, 3.5921994711508126e-05, 3.5921994711508126e-05, 0.9997845067924042 0.00021545444692241158 3.876067331859043e-08, 
15, 000000, 000000, 3.7205531166748715e-05, 3.7205531166748715e-05, 0.9997767668129995 0.0002232331870004923, 
16, 000000, 000000, 3.7159649036425225e-05, 3.7159649036425225e-05, 0.9997770421057814 0.00022295789421855137, 
17, 000000, 000000, 0.009382459880062637, 0.009382459880062637, 0.978381725158736 0.00020950625177891234 0.009660282978448186 0.010229255372447059 0.0015192302385898429, 
18, 000000, 000000, 3.410741060699052e-05, 3.410741060699052e-05, 0.9997953555363581 0.00020464446364194314, 
19, 000000, 000000, 3.6954898580803826e-05, 3.6954898580803826e-05, 0.9997782706085152 0.00022172939148482298, 
20, 000000, 000000, 3.700690343335097e-05, 3.700690343335097e-05, 0.9997779585793998 0.0002220414206001058, 
21, 000000, 000000, 3.854580876520746e-05, 3.854580876520746e-05, 0.9997687251474088 0.00023127485259124474, 
22, 000000, 000000, 3.5031829655140986e-05, 3.5031829655140986e-05, 0.999789809022069 0.00021019097793084589, 
23, 000000, 000000, 3.620011737019885e-05, 3.620011737019885e-05, 0.9997827992957788 0.00021720070422119315, 
24, 000000, 000000, 3.647077923689353e-05, 3.647077923689353e-05, 0.9997811753245787 0.00021882467542136118, 
25, 000000, 000000, 3.644153769223899e-05, 3.644153769223899e-05, 0.9997813507738466 0.00021864922615343397, 
26, 000000, 000000, 3.612492910465953e-05, 3.612492910465953e-05, 0.999783250425372 0.0002167495746279572, 
27, 000000, 000000, 3.475603949355087e-05, 3.475603949355087e-05, 0.9997914637630386 0.0002085362369613052, 
28, 000000, 000000, 3.76806909608476e-05, 3.76806909608476e-05, 0.9997740459324741 0.00022582398928665788 1.3007823921385263e-07, 
29, 000000, 000000, 3.835078344917338e-05, 3.835078344917338e-05, 0.999769895299305 0.00023010470069504028, 
30, 000000, 000000, 3.8030008754333094e-05, 3.8030008754333094e-05, 0.999771819947474 0.00022818005252599858, 
31, 000000, 000000, 3.774464319808898e-05, 3.774464319808898e-05, 0.9997735321408114 0.00022646785918853382, 
32, 000000, 000000, 3.664395926239253e-05, 3.664395926239253e-05, 0.9997801362444256 0.0002198637555743552, 
33, 000000, 000000, 3.9036438197060774e-05, 3.9036438197060774e-05, 0.9997657813708177 0.00023421862918236467, 
34, 000000, 000000, 3.572947194232919e-05, 3.572947194232919e-05, 0.999785623168346 0.00021437683165397516, 
35, 000000, 000000, 3.736416658095628e-05, 3.736416658095628e-05, 0.9997758150005142 0.00022418499948573774, 
36, 000000, 000000, 4.0599819962202536e-05, 4.0599819962202536e-05, 0.9997564100475673 0.00024358098509196717 8.967340624048595e-09, 
37, 000000, 000000, 3.6887318534047915e-05, 3.6887318534047915e-05, 0.9997786760887958 0.0002213239112042875, 
38, 000000, 000000, 3.6337170191138907e-05, 3.6337170191138907e-05, 0.9997819769788532 0.00021802302114683344, 
39, 000000, 000000, 3.529512384384429e-05, 3.529512384384429e-05, 0.9997882292569369 0.00021177074306306576, 
40, 000000, 000000, 3.7421992330834406e-05, 3.7421992330834406e-05, 0.999775468046015 0.00022453195398500642, 
41, 000000, 000000, 3.752616175861152e-05, 3.752616175861152e-05, 0.9997748430294483 0.0002251569705516691, 
42, 000000, 000000, 0.02316838689464478, 0.02316838689464478, 0.9668579323962965 0.00019861408726957734 0.0012173457283739177 0.004973573278400457 0.012537391561530664 0.013984127946246145 0.00023101500188275458, 
43, 000000, 000000, 3.879613099550909e-05, 3.879613099550909e-05, 0.9997672528607667 0.00023271749249358922 2.964673973265148e-08, 
44, 000000, 000000, 3.5359282379878206e-05, 3.5359282379878206e-05, 0.9997878443057207 0.00021215569427926923, 
45, 000000, 000000, 3.605733544942946e-05, 3.605733544942946e-05, 0.9997836559873035 0.0002163440126965768, 
46, 000000, 000000, 3.796534609812558e-05, 3.796534609812558e-05, 0.9997722079234113 0.00022779207658875348, 
47, 000000, 000000, 3.707950168629003e-05, 3.707950168629003e-05, 0.9997775229898823 0.00022247701011774017, 
48, 000000, 000000, 3.794748074322769e-05, 3.794748074322769e-05, 0.9997723908161374 0.00022753348326565658 7.570059685480027e-08, 
49, 000000, 000000, 3.8148366932403734e-05, 3.8148366932403734e-05, 0.9997712270566236 0.00022865568515839053 1.1725821801594324e-07, 
50, 000000, 000000, 3.631904355471762e-05, 3.631904355471762e-05, 0.9997820857386718 0.00021791426132830577, 
51, 000000, 000000, 3.54139937882003e-05, 3.54139937882003e-05, 0.9997875160372709 0.0002124839627292018, 
52, 000000, 000000, 3.778181701313057e-05, 3.778181701313057e-05, 0.9997733090979212 0.00022669090207878343, 
53, 000000, 000000, 3.8037599779971506e-05, 3.8037599779971506e-05, 0.9997718464903532 0.00022808142061380246 7.20890330132984e-08, 
54, 000000, 000000, 3.5952140969992573e-05, 3.5952140969992573e-05, 0.9997842871541801 0.00021571284581995548, 
55, 000000, 000000, 3.8079568282621216e-05, 3.8079568282621216e-05, 0.9997715225903042 0.00022847740969572728, 
56, 000000, 000000, 3.614059674444101e-05, 3.614059674444101e-05, 0.9997831564195334 0.00021684358046664603, 
57, 000000, 000000, 3.614014424229841e-05, 3.614014424229841e-05, 0.9997831591345462 0.00021684086545379052, 
58, 000000, 000000, 3.5092065210435104e-05, 3.5092065210435104e-05, 0.9997894476087373 0.00021055239126261066, 
59, 000000, 000000, 3.735801560004021e-05, 3.735801560004021e-05, 0.9997758519063998 0.0002241480936002413, 
60, 000000, 000000, 3.8146516497188725e-05, 3.8146516497188725e-05, 0.9997711209010168 0.00022887909898313237, 
61, 000000, 000000, 3.703963013394e-05, 3.703963013394e-05, 0.9997777622191963 0.00022223778080363997, 
62, 000000, 000000, 0.0005689886533409593, 0.0005689886533409593, 0.9981892943322831 0.00020747941538819332 0.0016032262523287817, 
63, 000000, 000000, 3.975889835649979e-05, 3.975889835649979e-05, 0.9997614646177915 0.00023851737427779405 1.8007930602346145e-08, 
64, 000000, 000000, 3.660836047640858e-05, 3.660836047640858e-05, 0.9997803498371416 0.00021965016285845152, 
65, 000000, 000000, 3.430045576600093e-05, 3.430045576600093e-05, 0.9997941972654041 0.0002058027345960056, 
66, 000000, 000000, 3.727660509159326e-05, 3.727660509159326e-05, 0.9997763490742716 0.0002236422209072492 8.70482115518479e-09, 
67, 000000, 000000, 3.631473207864977e-05, 3.631473207864977e-05, 0.9997821116075281 0.00021788839247189858, 
68, 000000, 000000, 3.7410954674612024e-05, 3.7410954674612024e-05, 0.9997755342719524 0.00022446572804767214, 
69, 000000, 000000, 3.777179455373912e-05, 3.777179455373912e-05, 0.9997733692326776 0.00022663076732243475, 
70, 000000, 000000, 0.062132107040549875, 0.062132107040549875, 0.9159193127145359 0.00020415212970784657 0.007103214004023131 0.014854564052931807 0.011681049789022546 0.03433207306801375 0.01590563424176511, 
71, 000000, 000000, 0.02181981631889035, 0.02181981631889035, 0.9589353594856076 0.00021375297843330714 0.005618377309818466 0.026044728642287393 0.004604703530856427 0.0045830780529967936, 
72, 000000, 000000, 3.636146843916122e-05, 3.636146843916122e-05, 0.999781831189365 0.00021816881063496736, 
73, 000000, 000000, 3.650449932921143e-05, 3.650449932921143e-05, 0.9997809730040247 0.0002190269959752686, 
74, 000000, 000000, 3.683782257299055e-05, 3.683782257299055e-05, 0.9997789730645621 0.0002210269354379433, 
75, 000000, 000000, 3.5034914429245605e-05, 3.5034914429245605e-05, 0.9997897905134245 0.00021020948657547364, 
76, 000000, 000000, 3.419626656431369e-05, 3.419626656431369e-05, 0.9997948224006141 0.00020517759938588215, 
77, 000000, 000000, 3.905343391601078e-05, 3.905343391601078e-05, 0.9997656793965038 0.0002343206034960647, 
78, 000000, 000000, 3.653088126633079e-05, 3.653088126633079e-05, 0.9997809380293761 0.00021893865364976933 1.2331697410770824e-07, 
79, 000000, 000000, 3.614042159436249e-05, 3.614042159436249e-05, 0.9997831574704338 0.000216842529566175, 
80, 000000, 000000, 3.891530886031353e-05, 3.891530886031353e-05, 0.9997665212834292 0.000233465579979648 1.313659111658732e-08, 
81, 000000, 000000, 3.648567498380299e-05, 3.648567498380299e-05, 0.9997811312210737 0.00021882350794979924 4.527097650936671e-08, 
82, 000000, 000000, 3.8361829537995215e-05, 3.8361829537995215e-05, 0.9997698290227721 0.00023017097722797126, 
83, 000000, 000000, 3.831594507298535e-05, 3.831594507298535e-05, 0.999770104329562 0.00022989567043791212, 
84, 000000, 000000, 3.6859662482258606e-05, 3.6859662482258606e-05, 0.9997788420251064 0.00022115797489355167, 
85, 000000, 000000, 3.665867531196631e-05, 3.665867531196631e-05, 0.9997800479481282 0.00021995205187179788, 
86, 000000, 000000, 3.8322444961032385e-05, 3.8322444961032385e-05, 0.9997700653302338 0.00022993466976619433, 
87, 000000, 000000, 3.656539585954594e-05, 3.656539585954594e-05, 0.9997806279124842 0.00021935179987441812 2.0287641428765796e-08, 
88, 000000, 000000, 3.948984634724322e-05, 3.948984634724322e-05, 0.9997630609219165 0.00023693907808345927, 
89, 000000, 000000, 3.581787621999488e-05, 3.581787621999488e-05, 0.99978509274268 0.0002149072573199693, 
90, 000000, 000000, 3.594776016704255e-05, 3.594776016704255e-05, 0.9997843134389978 0.00021568656100225532, 
91, 000000, 000000, 3.755788372391145e-05, 3.755788372391145e-05, 0.9997746526976565 0.0002253473023434687, 
92, 000000, 000000, 3.697854678698921e-05, 3.697854678698921e-05, 0.9997781287192781 0.00022187128072193528, 
93, 000000, 000000, 3.731935814231141e-05, 3.731935814231141e-05, 0.9997760838511461 0.00022391614885386847, 
94, 000000, 000000, 3.5762571695130005e-05, 3.5762571695130005e-05, 0.99978548111147 0.0002144623468890359 5.6541640872047056e-08, 
95, 000000, 000000, 3.671331397572391e-05, 3.671331397572391e-05, 0.9997797201161457 0.00022027988385434348, 
96, 000000, 000000, 3.7610339884264316e-05, 3.7610339884264316e-05, 0.9997743379606944 0.00022566203930558587, 
97, 000000, 000000, 3.550653014576755e-05, 3.550653014576755e-05, 0.9997869608191254 0.0002130391808746053, 
98, 000000, 000000, 3.7409852670100386e-05, 3.7409852670100386e-05, 0.9997755408839795 0.00022445911602060235, 
99, 000000, 000000, 3.3923760685719384e-05, 3.3923760685719384e-05, 0.9997964574358857 0.00020354256411431632, 
100, 000000, 000000, 3.725533658427786e-05, 3.725533658427786e-05, 0.9997764679804942 0.00022353201950566718, 
run, initial grid state, final grid state, mean grid cell occupancy, mean binding site occupancy, fraction of time with N TFs bound, warning
1, 000000, 000000, 3.918045608892586e-05, 3.918045608892586e-05, 0.9997649172634664 0.00023508273653355513, 
2, 000000, 000000, 3.845858002414916e-05, 3.845858002414916e-05, 0.9997693274279839 0.00023059366388753164 7.890812868163699e-08, 
3, 000000, 000000, 3.819491246950032e-05, 3.819491246950032e-05, 0.9997708882668135 0.00022905399155593895 5.774163053149268e-08, 
4, 000000, 000000, 0.0002515948767427364, 0.0002515948767427364, 0.9991342411893107 0.0002219483609221932 0.0006438104497671126, 
5, 000000, 000000, 3.6816755337366894e-05, 3.6816755337366894e-05, 0.9997790994679757 0.0002209005320242014, 
6, 000000, 000000, 3.751632855949128e-05, 3.751632855949128e-05, 0.999774902028643 0.0002250979713569477, 
7, 000000, 000000, 3.931854898019161e-05, 3.931854898019161e-05, 0.9997640887061189 0.00023591129388114967, 
8, 000000, 000000, 3.725774906650743e-05, 3.725774906650743e-05, 0.999776453505601 0.0002235464943990446, 
9, 000000, 000000, 3.488998827778522e-05, 3.488998827778522e-05, 0.999790681516762 0.0002092970368093045 2.1446428703410282e-08, 
10, 000000, 000000, 3.729700516551917e-05, 3.729700516551917e-05, 0.999776217969007 0.00022378203099311504, 
11, 000000, 000000, 3.779044730126883e-05, 3.779044730126883e-05, 0.9997732573161924 0.00022674268380761298, 
12, 000000, 000000, 3.3680825586366153e-05, 3.3680825586366153e-05, 0.9997979150464817 0.00020208495351819696, 
13, 000000, 000000, 3.807576704634869e-05, 3.807576704634869e-05, 0.9997715453977218 0.00022845460227809212, 
14, 000000, 000000, 3.6815423549388676e-05, 3.6815423549388676e-05, 0.9997791074587038 0.00022089254129633204, 
15, 000000, 000000, 3.7066756734839295e-05, 3.7066756734839295e-05, 0.999777599459591 0.00022240054040903578, 
16, 000000, 000000, 3.8435922781753496e-05, 3.8435922781753496e-05, 0.9997693844633094 0.00023061553669052095, 
17, 000000, 000000, 3.720260953458868e-05, 3.720260953458868e-05, 0.9997767843427925 0.0002232156572075321, 
18, 000000, 000000, 3.576989816373247e-05, 3.576989816373247e-05, 0.9997853806110176 0.0002146193889823948, 
19, 000000, 000000, 3.659192166734638e-05, 3.659192166734638e-05, 0.9997805605874346 0.00021932729512684954 1.1211743861436843e-07, 
20, 000000, 000000, 3.7352521705848285e-05, 3.7352521705848285e-05, 0.9997758848697649 0.00022411513023508977, 
21, 000000, 000000, 3.593344266145142e-05, 3.593344266145142e-05, 0.9997843993440314 0.00021560065596870853, 
22, 000000, 000000, 0.25389679116093944, 0.25389679116093944, 0.6650387823375956 0.00015590228077577736 0.01735135263327536 0.06791306203226492 0.07026010869033728 0.07194223359434025 0.10733855843141078, 
23, 000000, 000000, 3.805023572848153e-05, 3.805023572848153e-05, 0.9997716985856291 0.00022830141437088917, 
24, 000000, 000000, 3.587450380758186e-05, 3.587450380758186e-05, 0.9997847529771545 0.00021524702284549116, 
25, 000000, 000000, 3.799715914240927e-05, 3.799715914240927e-05, 0.9997721654113053 0.00022768622253491896 1.483661597683316e-07, 
26, 000000, 000000, 3.7031891245118124e-05, 3.7031891245118124e-05, 0.9997778086525293 0.00022219134747070873, 
27, 000000, 000000, 3.572976776420637e-05, 3.572976776420637e-05, 0.9997856213934148 0.00021437860658523822, 
28, 000000, 000000, 3.7876875369942244e-05, 3.7876875369942244e-05, 0.9997727387477803 0.0002272612522196535, 
29, 000000, 000000, 3.87954329628844e-05, 3.87954329628844e-05, 0.9997672274022227 0.00023277259777730637, 
30, 000000, 000000, 3.8216579096624584e-05, 3.8216579096624584e-05, 0.9997707005254202 0.00022929947457974752, 
31, 000000, 000000, 3.860052575151073e-05, 3.860052575151073e-05, 0.9997683968454909 0.0002316031545090644, 
32, 000000, 000000, 3.797312672817149e-05, 3.797312672817149e-05, 0.999772161239631 0.00022783876036902898, 
33, 000000, 000000, 3.670814752960703e-05, 3.670814752960703e-05, 0.9997797511148223 0.00022024888517764216, 
34, 000000, 000000, 3.76760000601979e-05, 3.76760000601979e-05, 0.9997739439996388 0.00022605600036118743, 
35, 000000, 000000, 3.673090709649571e-05, 3.673090709649571e-05, 0.9997796145574209 0.00022038544257897425, 
36, 000000, 000000, 3.520238968070367e-05, 3.520238968070367e-05, 0.9997889111535874 0.00021096335474087057 1.2549167167572746e-07, 
37, 000000, 000000, 3.8430411829763586e-05, 3.8430411829763586e-05, 0.9997694885420213 0.00023044044497855858 7.101300001144408e-08, 
38, 000000, 000000, 3.6938563590598945e-05, 3.6938563590598945e-05, 0.9997783686184563 0.0002216313815435937, 
39, 000000, 000000, 3.526329393806967e-05, 3.526329393806967e-05, 0.9997884202363716 0.000211579763628418, 
40, 000000, 000000, 3.432302653751727e-05, 3.432302653751727e-05, 0.9997940618407749 0.00020593815922510363, 
41, 000000, 000000, 0.08818003159089248, 0.08818003159089248, 0.8795757221078851 0.0002158588905682818 0.013522614256234395 0.02181592274386871 0.023924637887788723 0.024998682322371683 0.03594656179128306, 
42, 000000, 000000, 3.697335031843458e-05, 3.697335031843458e-05, 0.9997781598980894 0.00022184010191060753, 
43, 000000, 000000, 3.8785444937731185e-05, 3.8785444937731185e-05, 0.9997673214209741 0.00023264448842550819 3.409060043948037e-08, 
44, 000000, 000000, 3.938710319052349e-05, 3.938710319052349e-05, 0.9997636871740141 0.0002363030328286671 9.793157236916678e-09, 
45, 000000, 000000, 3.832748837919895e-05, 3.832748837919895e-05, 0.9997700350697248 0.00022996493027519377, 
46, 000000, 000000, 3.683508289551772e-05, 3.683508289551772e-05, 0.9997791026910665 0.00022078412049377757 1.1318843966438656e-07, 
47, 000000, 000000, 4.007005149263974e-05, 4.007005149263974e-05, 0.9997595796910441 0.00024042030895583846, 
48, 000000, 000000, 3.472897297299212e-05, 3.472897297299212e-05, 0.9997916261621621 0.00020837383783795275, 
49, 000000, 000000, 0.01089730264591813, 0.01089730264591813, 0.9783364334216441 0.00021864706903084634 0.004846693381219251 0.010921850686316603 0.0056756472238562216 7.282179329508826e-07, 
50, 000000, 000000, 3.8675727062747185e-05, 3.8675727062747185e-05, 0.9997681891967244 0.00023156724417465967 2.4355910091173076e-07, 
51, 000000, 000000, 3.754615527672772e-05, 3.754615527672772e-05, 0.9997747230683396 0.00022527693166036634, 
52, 000000, 000000, 3.833222842402225e-05, 3.833222842402225e-05, 0.9997700066294559 0.00022999337054413352, 
53, 000000, 000000, 3.772830919871184e-05, 3.772830919871184e-05, 0.9997736301448077 0.00022636985519227108, 
54, 000000, 000000, 3.567542820161191e-05, 3.567542820161191e-05, 0.9997859474307904 0.00021405256920967143, 
55, 000000, 000000, 3.8536016518476127e-05, 3.8536016518476127e-05, 0.9997687839008891 0.0002312160991108568, 
56, 000000, 000000, 3.5953365358969756e-05, 3.5953365358969756e-05, 0.9997842798078462 0.00021572019215381857, 
57, 000000, 000000, 0.0004196977000658828, 0.0004196977000658828, 0.9986358694507222 0.0002100748981603409 0.001154055651117478, 
58, 000000, 000000, 3.97011704364372e-05, 3.97011704364372e-05, 0.9997617929773813 0.0002382070226186232, 
59, 000000, 000000, 3.5952562177384354e-05, 3.5952562177384354e-05, 0.9997842846269357 0.00021571537306430615, 
60, 000000, 111000, 0.022654421512222973, 0.022654421512222973, 0.96677956018232 0.00022186037904910408 0.003012503890097368 0.008896008671226273 0.009087146105988706 0.005374474151450679 0.006628446619867823, 
61, 000000, 000000, 3.265483969368136e-05, 3.265483969368136e-05, 0.9998040709618379 0.00019592903816208817, 
62, 000000, 000000, 3.53091671777355e-05, 3.53091671777355e-05, 0.9997881449969336 0.00021185500306641298, 
63, 000000, 000000, 3.7611081566363164e-05, 3.7611081566363164e-05, 0.9997743335106019 0.00022566648939817898, 
64, 000000, 000000, 0.08161724505010948, 0.08161724505010948, 0.879501788032952 0.00019817288429980806 0.016749062217858574 0.02368348740761805 0.03306234559691372 0.028123534792016344 0.018681609068341536, 
65, 000000, 000000, 3.621209583966118e-05, 3.621209583966118e-05, 0.9997827274249621 0.0002172725750379671, 
66, 000000, 000000, 3.7568729714997056e-05, 3.7568729714997056e-05, 0.9997745876217101 0.00022541237828998235, 
67, 000000, 000000, 3.6724568879806234e-05, 3.6724568879806234e-05, 0.9997796525867211 0.0002203474132788374, 
68, 000000, 000000, 3.613497089912896e-05, 3.613497089912896e-05, 0.9997832135390021 0.0002167630966008288 2.3364396972493043e-08, 
69, 000000, 000000, 3.580225134136107e-05, 3.580225134136107e-05, 0.9997853172278169 0.00021455203631790508 1.3073586513066574e-07, 
70, 000000, 000000, 3.7101664922977e-05, 3.7101664922977e-05, 0.9997773900104622 0.000222609989537862, 
71, 000000, 000000, 3.914488573681259e-05, 3.914488573681259e-05, 0.9997651306855792 0.00023486931442087558, 
72, 000000, 000000, 3.805303125367754e-05, 3.805303125367754e-05, 0.9997716818124779 0.00022831818752206524, 
73, 000000, 000000, 3.7053320707189015e-05, 3.7053320707189015e-05, 0.9997776800757568 0.00022231992424313408, 
74, 000000, 000000, 3.606716089578796e-05, 3.606716089578796e-05, 0.9997835970346252 0.00021640296537472775, 
75, 000000, 000000, 3.721241794194582e-05, 3.721241794194582e-05, 0.9997767254923483 0.00022327450765167493, 
76, 000000, 000000, 3.618589913188297e-05, 3.618589913188297e-05, 0.9997828846052087 0.00021711539479129778, 
77, 000000, 000000, 3.7030198379962166e-05, 3.7030198379962166e-05, 0.9997778188097203 0.00022218119027977304, 
78, 000000, 000000, 3.717708687357055e-05, 3.717708687357055e-05, 0.9997769374787586 0.00022306252124142334, 
79, 000000, 000000, 3.782102664238784e-05, 3.782102664238784e-05, 0.9997730738401457 0.00022692615985432703, 
80, 000000, 000000, 3.720036348243641e-05, 3.720036348243641e-05, 0.9997767978191054 0.00022320218089461852, 
81, 000000, 000000, 3.469495251793201e-05, 3.469495251793201e-05, 0.9997918302848924 0.00020816971510759208, 
82, 000000, 000000, 3.627991012158971e-05, 3.627991012158971e-05, 0.9997823205392705 0.0002176794607295383, 
83, 000000, 000000, 3.9104110896472395e-05, 3.9104110896472395e-05, 0.9997653753346213 0.00023462466537883437, 
84, 000000, 000000, 3.4709813550680486e-05, 3.4709813550680486e-05, 0.999791741118696 0.00020825888130408294, 
85, 000000, 000000, 3.785529281416626e-05, 3.785529281416626e-05, 0.999772868243115 0.0002271317568849976, 
86, 000000, 000000, 3.738353037137234e-05, 3.738353037137234e-05, 0.9997756988177717 0.0002243011822282341, 
87, 000000, 000000, 3.7212662075235824e-05, 3.7212662075235824e-05, 0.9997767240275486 0.00022327597245141496, 
88, 000000, 000000, 3.5543912480479754e-05, 3.5543912480479754e-05, 0.9997867365251171 0.0002132634748828785, 
89, 000000, 000000, 3.6163643349718455e-05, 3.6163643349718455e-05, 0.9997830181399018 0.0002169818600983107, 
90, 000000, 000000, 3.661223210586883e-05, 3.661223210586883e-05, 0.9997803266073648 0.00021967339263521298, 
91, 111110, 000000, 0.012387906552231279, 0.012387906552231279, 0.9744236092000638 0.00021667762999000645 0.013496241787245792 0.0036236676502261005 0.00495174350414388 0.003288060228330455, 
92, 000000, 000000, 3.61363385631185e-05, 3.61363385631185e-05, 0.9997831819686211 0.00021681803137871101, 
93, 000000, 000000, 3.443860274635436e-05, 3.443860274635436e-05, 0.999793368383522 0.00020663161647812615, 
94, 000000, 000000, 3.601844660216162e-05, 3.601844660216162e-05, 0.9997838893203871 0.00021611067961296973, 
95, 000000, 000000, 3.586661891294705e-05, 3.586661891294705e-05, 0.9997848002865223 0.00021519971347768227, 
96, 000000, 000000, 3.542362855481349e-05, 3.542362855481349e-05, 0.9997874849241849 0.00021248838030131688 2.6695513782047087e-08, 
97, 000000, 000000, 3.742399845497147e-05, 3.742399845497147e-05, 0.9997754560092702 0.00022454399072982883, 
98, 000000, 000000, 3.558014426448916e-05, 3.558014426448916e-05, 0.9997865191344131 0.00021348086558693497, 
99, 000000, 000000, 3.758832273138398e-05, 3.758832273138398e-05, 0.9997744700636116 0.0002255299363883039, 
100, 000000, 000000, 3.695600571343399e-05, 3.695600571343399e-05, 0.9997782639657193 0.00022173603428060398, 
run, initial grid state, final grid state, mean grid cell occupancy, mean binding site occupancy, fraction of time with N TFs bound, warning
1, 000000, 000000, 3.680387844057945e-05, 3.680387844057945e-05, 0.9997791767293566 0.00022082327064347672, 
2, 000000, 000000, 3.715391702508487e-05, 3.715391702508487e-05, 0.9997770764978494 0.00022292350215050922, 
3, 000000, 000000, 3.5915883426574676e-05, 3.5915883426574676e-05, 0.9997845046994406 0.00021549530055944805, 
4, 000000, 000000, 3.5751395075790724e-05, 3.5751395075790724e-05, 0.9997854916295452 0.00021450837045474435, 
5, 000000, 000000, 3.745552266270951e-05, 3.745552266270951e-05, 0.9997752668640236 0.00022473313597625713, 
6, 000000, 000000, 3.5376792005229617e-05, 3.5376792005229617e-05, 0.9997877392479685 0.00021226075203137769, 
7, 000000, 000000, 3.6471289768045506e-05, 3.6471289768045506e-05, 0.9997811722613917 0.000218827738608273, 
8, 000000, 000000, 3.717055917153219e-05, 3.717055917153219e-05, 0.9997769766449708 0.00022302335502919317, 
9, 000000, 000000, 0.09574493123226158, 0.09574493123226158, 0.8648539713217489 0.0001876684158612837 0.009178341669392527 0.0359777674348725 0.031223198469526536 0.02837517667539023 0.030203876013208057, 
10, 000000, 000000, 4.036067910058788e-05, 4.036067910058788e-05, 0.9997578359253965 0.0002421640746035273, 
11, 000000, 000000, 3.511753453505868e-05, 3.511753453505868e-05, 0.9997892947927897 0.0002107052072103521, 
12, 000000, 000000, 3.6609123941980344e-05, 3.6609123941980344e-05, 0.9997803452563481 0.00021965474365188205, 
13, 000000, 000000, 3.554896175486627e-05, 3.554896175486627e-05, 0.9997867062294707 0.00021329377052919764, 
14, 000000, 000000, 3.431145329733636e-05, 3.431145329733636e-05, 0.9997941312802159 0.00020586871978401817, 
15, 000000, 000000, 3.522693743285926e-05, 3.522693743285926e-05, 0.9997886383754029 0.00021136162459715557, 
16, 000000, 000000, 3.6348057837963746e-05, 3.6348057837963746e-05, 0.9997819116529723 0.0002180883470277825, 
17, 000000, 000000, 3.7062552284085054e-05, 3.7062552284085054e-05, 0.9997776246862955 0.00022237531370451028, 
18, 000000, 000000, 3.600764098205583e-05, 3.600764098205583e-05, 0.9997839541541077 0.000216045845892335, 
19, 000000, 000000, 3.6274067613921046e-05, 3.6274067613921046e-05, 0.9997823555943164 0.00021764440568352626, 
20, 000000, 000000, 0.01800640086741117, 0.01800640086741117, 0.9670345921339456 0.0002082109895674896 0.005841605186581725 0.014515318316518123 0.009400337974753151 0.0029999353986338204, 
21, 000000, 000000, 0.17778028061613224, 0.17778028061613224, 0.7884960343918952 0.00016833460485062482 0.0025698235142306057 0.01719676194298114 0.0426816113996606 0.05426763424239613 0.09461979990398582, 
22, 000000, 000000, 3.6819999521811646e-05, 3.6819999521811646e-05, 0.9997790800028691 0.00022091999713086987, 
23, 000000, 000000, 3.665698917946466e-05, 3.665698917946466e-05, 0.9997800580649232 0.00021994193507678792, 
24, 000000, 000000, 3.7513113295762906e-05, 3.7513113295762906e-05, 0.9997749475551845 0.00022502620985648814 2.6234959044626778e-08, 
25, 000000, 000000, 3.777148982973916e-05, 3.777148982973916e-05, 0.9997734348790004 0.00022650130302080793 6.381797881353468e-08, 
26, 000000, 000000, 3.816917491445265e-05, 3.816917491445265e-05, 0.9997709849505133 0.00022901504948671594, 
27, 000000, 000000, 3.794060307153435e-05, 3.794060307153435e-05, 0.9997723563815708 0.00022764361842920607, 
28, 000000, 000000, 3.7951864966643256e-05, 3.7951864966643256e-05, 0.9997723722124777 0.0002275443852444888 8.340227768534704e-08, 
29, 000000, 000000, 3.515759042844351e-05, 3.515759042844351e-05, 0.9997890544574294 0.0002109455425706611, 
30, 000000, 000000, 3.679203018802778e-05, 3.679203018802778e-05, 0.9997792478188718 0.00022075218112816672, 
31, 000000, 000000, 3.8236817610899704e-05, 3.8236817610899704e-05, 0.9997705790943345 0.00022942090566539824, 
32, 000000, 000000, 3.591659142267943e-05, 3.591659142267943e-05, 0.9997845155956339 0.00021546926019616657 1.5144169955026535e-08, 
33, 000000, 000000, 3.6097029230213895e-05, 3.6097029230213895e-05, 0.9997834178246187 0.00021658217538128338, 
