run, initial grid state, final grid state, mean grid cell occupancy, mean binding site occupancy, fraction of time with N TFs bound, warning
1, 000000, 000000, 7.327945349790005e-05, 7.327945349790005e-05, 0.9995603232790126 0.0004396767209874003, 
2, 000000, 000000, 8.626586976347357e-05, 8.626586976347357e-05, 0.9994832860820937 0.0005158326172318283 8.81300674506596e-07, 
3, 000000, 000000, 8.591113183408043e-05, 8.591113183408043e-05, 0.9994845332089954 0.0005154667910044826, 
4, 000000, 000000, 7.248892973493512e-05, 7.248892973493512e-05, 0.9995672829747305 0.00043050047212910236 2.2165531402542475e-06, 
5, 000000, 000000, 7.892564542494742e-05, 7.892564542494742e-05, 0.9995264461274502 0.00047355387254968456, 
6, 000000, 000000, 7.142250186129945e-05, 7.142250186129945e-05, 0.9995714649888322 0.00042853501116779674, 
7, 000000, 000000, 8.431433501524157e-05, 8.431433501524157e-05, 0.9994952843800886 0.0005035452297313185 1.1703901800655182e-06, 
8, 000000, 000000, 7.651114835900749e-05, 7.651114835900749e-05, 0.999540933109846 0.00045906689015404493, 
9, 000000, 000000, 8.07016902351881e-05, 8.07016902351881e-05, 0.9995157898585888 0.0004842101414111287, 
10, 000000, 000000, 8.436225819972327e-05, 8.436225819972327e-05, 0.9994938264508016 0.0005061735491983396, 
11, 000000, 000000, 8.360344550507014e-05, 8.360344550507014e-05, 0.9994983793269696 0.0005016206730304208, 
12, 000000, 000000, 8.678440164491444e-05, 8.678440164491444e-05, 0.9994792935901304 0.0005207064098694867, 
13, 000000, 000000, 8.16022095684435e-05, 8.16022095684435e-05, 0.9995103867425894 0.000489613257410661, 
14, 000000, 000000, 9.242766790720936e-05, 9.242766790720936e-05, 0.9994454339925567 0.0005545660074432561, 
15, 000000, 000000, 8.100316234029776e-05, 8.100316234029776e-05, 0.9995139810259581 0.00048601897404178663, 
16, 000000, 000000, 7.450103156997563e-05, 7.450103156997563e-05, 0.9995529938105802 0.0004470061894198538, 
17, 000000, 000000, 7.538473950117997e-05, 7.538473950117997e-05, 0.9995476915629928 0.00045230843700707994, 
18, 000000, 000000, 7.294700973672251e-05, 7.294700973672251e-05, 0.9995623179415797 0.00043768205842033514, 
19, 000000, 000000, 7.817117067381775e-05, 7.817117067381775e-05, 0.9995309729759572 0.00046902702404290656, 
20, 000000, 000000, 7.847522904372108e-05, 7.847522904372108e-05, 0.9995291486257377 0.0004708513742623265, 
21, 000000, 000000, 7.73156400606657e-05, 7.73156400606657e-05, 0.9995361061596361 0.0004638938403639942, 
22, 000000, 000000, 7.08178242827053e-05, 7.08178242827053e-05, 0.9995750930543038 0.00042490694569623184, 
23, 000000, 000000, 7.973125794926863e-05, 7.973125794926863e-05, 0.9995216124523043 0.0004783875476956119, 
24, 000000, 000000, 7.87561847282499e-05, 7.87561847282499e-05, 0.9995274628916304 0.0004725371083694994, 
25, 000000, 000000, 8.859487376979221e-05, 8.859487376979221e-05, 0.9994699698119796 0.000528491133422045 1.5390545983541577e-06, 
26, 000000, 000000, 7.735722286428405e-05, 7.735722286428405e-05, 0.9995358566628144 0.0004641433371857043, 
27, 000000, 000000, 8.341397659107272e-05, 8.341397659107272e-05, 0.9994995161404536 0.0005004838595464363, 
28, 000000, 000000, 8.144511213507406e-05, 8.144511213507406e-05, 0.9995113293271896 0.0004886706728104444, 
29, 000000, 000000, 7.620323745489628e-05, 7.620323745489628e-05, 0.9995427805752706 0.00045721942472937773, 
30, 000000, 000000, 8.417822235561713e-05, 8.417822235561713e-05, 0.9994956205154556 0.0005036896349550526 6.898495893251328e-07, 
31, 000000, 000000, 7.630153848104955e-05, 7.630153848104955e-05, 0.9995421907691137 0.00045780923088629727, 
32, 000000, 000000, 7.61008505762787e-05, 7.61008505762787e-05, 0.9995433948965423 0.00045660510345767224, 
33, 000000, 000000, 9.450143061892838e-05, 9.450143061892838e-05, 0.9994329914162864 0.0005670085837135702, 
34, 000000, 000000, 9.839731905656193e-05, 9.839731905656193e-05, 0.9994096160856607 0.0005903839143393717, 
35, 000000, 000000, 8.90801906408379e-05, 8.90801906408379e-05, 0.999465518856155 0.0005344811438450274, 
36, 000000, 000000, 7.347714620761396e-05, 7.347714620761396e-05, 0.9995599380745104 0.00043926097373365997 8.00951756011872e-07, 
37, 000000, 000000, 8.186051021429053e-05, 8.186051021429053e-05, 0.9995088369387143 0.0004911630612857432, 
38, 000000, 000000, 8.00472613120889e-05, 8.00472613120889e-05, 0.9995197164321274 0.0004802835678725334, 
39, 000000, 000000, 7.775579976327369e-05, 7.775579976327369e-05, 0.9995334652014204 0.00046653479857964214, 
40, 000000, 000000, 7.714865079924242e-05, 7.714865079924242e-05, 0.9995371080952046 0.0004628919047954545, 
41, 000000, 000000, 8.436325777363686e-05, 8.436325777363686e-05, 0.9994938204533581 0.0005061795466418212, 
42, 000000, 000000, 7.72029384431109e-05, 7.72029384431109e-05, 0.9995367823693413 0.00046321763065866546, 
43, 000000, 000000, 0.0002433610025704641, 0.0002433610025704641, 0.9990188418720163 0.0005021502405444931 0.00047900788743914587, 
44, 000000, 000000, 8.192829037928334e-05, 8.192829037928334e-05, 0.9995084302577243 0.0004915697422757002, 
45, 000000, 000000, 0.0009292448540454401, 0.0009292448540454401, 0.9969623640304781 0.0004998028147710842 0.0025378331547507784, 
46, 000000, 000000, 8.626737808564735e-05, 8.626737808564735e-05, 0.999482395731486 0.0005176042685138842, 
47, 000000, 000000, 6.477103590702047e-05, 6.477103590702047e-05, 0.9996113737845579 0.00038862621544212284, 
48, 000000, 000000, 7.750252909496621e-05, 7.750252909496621e-05, 0.9995349848254302 0.0004650151745697973, 
49, 000000, 000000, 7.58341102194894e-05, 7.58341102194894e-05, 0.999544995338683 0.00045500466131693633, 
50, 000000, 000000, 8.248940773734526e-05, 8.248940773734526e-05, 0.9995050635535759 0.0004949364464240716, 
51, 000000, 000000, 0.0021642835555791187, 0.0021642835555791187, 0.9932849229882906 0.00044445268994393485 0.0062706243217653885, 
52, 000000, 000000, 9.739681404269377e-05, 9.739681404269377e-05, 0.9994156191157437 0.0005843808842561627, 
53, 000000, 000000, 8.162324501614182e-05, 8.162324501614182e-05, 0.9995102605299031 0.0004897394700968509, 
54, 000000, 000000, 6.403866655983429e-05, 6.403866655983429e-05, 0.999615768000641 0.0003842319993590058, 
55, 000000, 000000, 8.560953994481599e-05, 8.560953994481599e-05, 0.9995157565651885 0.0004548296299538885 2.9413804857503796e-05, 
56, 000000, 000000, 7.840654207172372e-05, 7.840654207172372e-05, 0.9995295607475697 0.00047043925243034243, 
57, 000000, 000000, 6.998740696339127e-05, 6.998740696339127e-05, 0.9995800755582197 0.00041992444178034767, 
58, 000000, 000000, 8.347033975869771e-05, 8.347033975869771e-05, 0.9994991779614478 0.0005008220385521862, 
59, 000000, 000000, 6.738735726569191e-05, 6.738735726569191e-05, 0.9995956758564059 0.00040432414359415145, 
60, 000000, 000000, 8.435693366825312e-05, 8.435693366825312e-05, 0.9994938583979905 0.0005061416020095188, 
61, 000000, 000000, 7.08861358124804e-05, 7.08861358124804e-05, 0.9995746831851251 0.00042531681487488243, 
62, 000000, 000000, 6.981477243599758e-05, 6.981477243599758e-05, 0.9995811113653841 0.0004188886346159855, 
63, 000000, 000000, 8.057703127246061e-05, 8.057703127246061e-05, 0.9995165378123653 0.00048346218763476367, 
64, 000000, 000000, 7.67791083462636e-05, 7.67791083462636e-05, 0.9995393253499224 0.0004606746500775816, 
65, 000000, 000000, 7.475515367953424e-05, 7.475515367953424e-05, 0.9995514690779227 0.00044853092207720543, 
66, 000000, 000000, 8.509659343437883e-05, 8.509659343437883e-05, 0.9994894204393937 0.0005105795606062729, 
67, 000000, 000000, 8.320313036607939e-05, 8.320313036607939e-05, 0.9995007812178035 0.0004992187821964764, 
68, 000000, 000000, 7.589263981132072e-05, 7.589263981132072e-05, 0.9995446441611322 0.00045535583886792435, 
69, 000000, 000000, 7.580072710886109e-05, 7.580072710886109e-05, 0.9995451956373468 0.00045480436265316656, 
70, 000000, 000000, 8.324016451071515e-05, 8.324016451071515e-05, 0.9995005590129357 0.0004994409870642908, 
71, 000000, 000000, 7.088487120628777e-05, 7.088487120628777e-05, 0.9995778586106303 0.0004189735515017989 3.1678378679638814e-06, 
72, 000000, 000000, 7.804583934346213e-05, 7.804583934346213e-05, 0.9995317249639392 0.0004682750360607728, 
73, 000000, 000000, 7.288577679594235e-05, 7.288577679594235e-05, 0.9995626853392244 0.0004373146607756541, 
74, 000000, 000000, 7.399733095323138e-05, 7.399733095323138e-05, 0.9995560160142806 0.0004439839857193883, 
75, 000000, 000000, 6.736682749985774e-05, 6.736682749985774e-05, 0.9995960198160043 0.00040375940299210535 2.2078100352060226e-07, 
76, 000000, 000000, 8.43168946859661e-05, 8.43168946859661e-05, 0.9994940986318841 0.0005059013681157966, 
77, 000000, 000000, 7.955438553153972e-05, 7.955438553153972e-05, 0.9995226736868108 0.00047732631318923835, 
78, 000000, 000000, 8.75444476945347e-05, 8.75444476945347e-05, 0.9994763661018101 0.000522001110212578 1.6327879773151305e-06, 
79, 000000, 000000, 7.898813738853167e-05, 7.898813738853167e-05, 0.9995260711756688 0.00047392882433119004, 
80, 000000, 000000, 7.096775424590755e-05, 7.096775424590755e-05, 0.9995741934745246 0.0004258065254754453, 
81, 000000, 000000, 8.188754278764751e-05, 8.188754278764751e-05, 0.9995086747432742 0.0004913252567258852, 
82, 000000, 000000, 7.789909116384054e-05, 7.789909116384054e-05, 0.9995326054530169 0.0004673945469830433, 
83, 000000, 000000, 8.075170110041703e-05, 8.075170110041703e-05, 0.9995154897933974 0.0004845102066025022, 
84, 000000, 000000, 0.00046300634147675726, 0.00046300634147675726, 0.9983463509873941 0.0005323309882172229 0.001118247012522845 3.0710118658769697e-06, 
85, 000000, 000000, 8.01121402724011e-05, 8.01121402724011e-05, 0.9995193271583656 0.0004806728416344066, 
86, 000000, 000000, 7.093496671659101e-05, 7.093496671659101e-05, 0.9995743901997004 0.00042560980029954606, 
87, 000000, 000000, 6.875499329048946e-05, 6.875499329048946e-05, 0.9995874700402569 0.00041252995974293684, 
88, 000000, 000000, 8.305481825993716e-05, 8.305481825993716e-05, 0.9995016710904404 0.000498328909559623, 
89, 000000, 000000, 8.735819574023457e-05, 8.735819574023457e-05, 0.9994758508255586 0.0005241491744414074, 
90, 000000, 000000, 7.83959937456457e-05, 7.83959937456457e-05, 0.9995296240375261 0.00047037596247387424, 
91, 000000, 000000, 8.27300272929241e-05, 8.27300272929241e-05, 0.9995036198362425 0.0004963801637575447, 
92, 000000, 000000, 7.194756302608256e-05, 7.194756302608256e-05, 0.9995683146218435 0.00043168537815649544, 
93, 000000, 000000, 8.61471764111498e-05, 8.61471764111498e-05, 0.9994831169415331 0.0005168830584668988, 
94, 000000, 000000, 6.532519358160638e-05, 6.532519358160638e-05, 0.9996080488385103 0.0003919511614896383, 
95, 000000, 000000, 8.685576610352546e-05, 8.685576610352546e-05, 0.9994788654033789 0.0005211345966211528, 
96, 000000, 000000, 7.867968821839087e-05, 7.867968821839087e-05, 0.9995279218706896 0.0004720781293103453, 
97, 000000, 000000, 6.826787246088953e-05, 6.826787246088953e-05, 0.9995903927652346 0.0004096072347653373, 
98, 000000, 000000, 0.0005418972432018981, 0.0005418972432018981, 0.998116416072628 0.0005157843955325796 0.0013677995318394046, 
99, 000000, 000000, 7.308983546739761e-05, 7.308983546739761e-05, 0.9995614609871957 0.0004385390128043857, 
100, 000000, 000000, 7.738785144017329e-05, 7.738785144017329e-05, 0.999535672891359 0.0004643271086410397, 
run, initial grid state, final grid state, mean grid cell occupancy, mean binding site occupancy, fraction of time with N TFs bound, warning
1, 000000, 000000, 7.173311865393601e-05, 7.173311865393601e-05, 0.9995696012880765 0.00043039871192361606, 
2, 000000, 000000, 9.22346731983417e-05, 9.22346731983417e-05, 0.9994465919608099 0.0005534080391900502, 
3, 000000, 000000, 7.673303419846838e-05, 7.673303419846838e-05, 0.9995396017948092 0.00046039820519081035, 
4, 000000, 000000, 8.758090590894916e-05, 8.758090590894916e-05, 0.9994745145645463 0.0005254854354536949, 
5, 000000, 000000, 8.33921608739454e-05, 8.33921608739454e-05, 0.9994996470347564 0.0005003529652436724, 
6, 000000, 000000, 0.0007493857691590036, 0.0007493857691590036, 0.9975049013416705 0.0004938827017050976 0.002001215956624462, 
7, 000000, 000000, 8.542248975159118e-05, 8.542248975159118e-05, 0.9994874650614904 0.0005125349385095471, 
8, 000000, 000000, 8.633448146028435e-05, 8.633448146028435e-05, 0.9994819931112384 0.0005180068887617062, 
9, 000000, 000000, 8.625989391042301e-05, 8.625989391042301e-05, 0.9994825479055006 0.0005173448255363639 1.0726896308717272e-07, 
10, 000000, 000000, 7.721523752165093e-05, 7.721523752165093e-05, 0.9995367085748701 0.0004632914251299056, 
11, 000000, 000000, 7.961949288909693e-05, 7.961949288909693e-05, 0.9995222830426654 0.00047771695733458155, 
12, 000000, 000000, 8.119049500102183e-05, 8.119049500102183e-05, 0.9995128570299939 0.000487142970006131, 
13, 000000, 000000, 7.936511025899206e-05, 7.936511025899206e-05, 0.9995241925283586 0.00047542428172924595 3.831899123532431e-07, 
14, 000000, 000000, 7.268347188686854e-05, 7.268347188686854e-05, 0.9995638991686788 0.0004361008313212113, 
15, 000000, 000000, 0.0009808441336381678, 0.0009808441336381678, 0.9968130351675525 0.0004888648630657984 0.0026980999693816047, 
16, 000000, 000000, 7.422891415664426e-05, 7.422891415664426e-05, 0.99955462651506 0.0004453734849398656, 
17, 000000, 000000, 0.0005946911980431959, 0.0005946911980431959, 0.9979939272696102 0.0004439982725203436 0.001562074457869416, 
18, 000000, 000000, 8.551682933410081e-05, 8.551682933410081e-05, 0.9994868990239952 0.0005131009760046049, 
19, 000000, 000000, 8.162815858597401e-05, 8.162815858597401e-05, 0.999510231048484 0.000489768951515844, 
20, 000000, 000000, 7.178214358697042e-05, 7.178214358697042e-05, 0.9995693071384781 0.0004306928615218225, 
21, 000000, 000000, 7.884039391084484e-05, 7.884039391084484e-05, 0.999526957636535 0.0004730423634650691, 
22, 000000, 000000, 8.888983089095306e-05, 8.888983089095306e-05, 0.9994666610146543 0.0005333389853457184, 
23, 000000, 000000, 7.408722461194243e-05, 7.408722461194243e-05, 0.9995554959588118 0.00044448473470471973 1.930648346741994e-08, 
24, 000000, 000000, 7.210235376368193e-05, 7.210235376368193e-05, 0.999567385877418 0.00043261412258209156, 
25, 000000, 000000, 8.264467196832329e-05, 8.264467196832329e-05, 0.9995042825313861 0.0004955669054177114 1.5056319611413136e-07, 
26, 000000, 000000, 7.077075366092901e-05, 7.077075366092901e-05, 0.9995753754780343 0.000424624521965574, 
27, 000000, 000000, 7.662678795854734e-05, 7.662678795854734e-05, 0.9995402392722488 0.000459760727751284, 
28, 000000, 000000, 7.29479083765879e-05, 7.29479083765879e-05, 0.9995623125497405 0.0004376874502595274, 
29, 000000, 000000, 8.228504147006301e-05, 8.228504147006301e-05, 0.9995081977727749 0.0004898942056297625 1.9080215953077587e-06, 
30, 000000, 000000, 7.105272855502677e-05, 7.105272855502677e-05, 0.9995736836286698 0.0004263163713301607, 
31, 000000, 000000, 7.204538513594326e-05, 7.204538513594326e-05, 0.9995677276891843 0.0004322723108156596, 
32, 000000, 000000, 7.48569362779881e-05, 7.48569362779881e-05, 0.9995508583823322 0.00044914161766792865, 
33, 000000, 000000, 7.651375536420821e-05, 7.651375536420821e-05, 0.9995409174678147 0.0004590825321852493, 
34, 000000, 000000, 8.029778305734712e-05, 8.029778305734712e-05, 0.9995182133016558 0.0004817866983440828, 
35, 000000, 000000, 7.528261565946884e-05, 7.528261565946884e-05, 0.9995483043060432 0.0004516956939568131, 
36, 000000, 000000, 7.350526747954091e-05, 7.350526747954091e-05, 0.9995589683951227 0.0004410316048772455, 
37, 000000, 000000, 7.383157752713928e-05, 7.383157752713928e-05, 0.9995570105348371 0.00044298946516283563, 
38, 000000, 000000, 7.792371256665123e-05, 7.792371256665123e-05, 0.9995324577246001 0.00046754227539990735, 
39, 000000, 000000, 7.950692820179924e-05, 7.950692820179924e-05, 0.9995229584307892 0.00047704156921079557, 
40, 000000, 000000, 7.237485791026214e-05, 7.237485791026214e-05, 0.9995657508525384 0.0004342491474615729, 
41, 000000, 000000, 8.518522980658494e-05, 8.518522980658494e-05, 0.9994888886211604 0.0005111113788395097, 
42, 000000, 000000, 7.547566482983424e-05, 7.547566482983424e-05, 0.9995471460110211 0.00045285398897900554, 
43, 000000, 000000, 8.335263314864137e-05, 8.335263314864137e-05, 0.9994998842011081 0.0005001157988918483, 
44, 000000, 000000, 8.092405084888852e-05, 8.092405084888852e-05, 0.9995144556949066 0.00048554430509333116, 
45, 000000, 000000, 8.059444909561216e-05, 8.059444909561216e-05, 0.9995164333054263 0.00048356669457367304, 
46, 000000, 000000, 8.220597214717772e-05, 8.220597214717772e-05, 0.9995067641671169 0.0004932358328830663, 
47, 000000, 000000, 7.860424062049126e-05, 7.860424062049126e-05, 0.9995283745562771 0.0004716254437229476, 
48, 000000, 000000, 7.197863434376815e-05, 7.197863434376815e-05, 0.9995681281939374 0.0004318718060626089, 
49, 000000, 000000, 8.744882504712626e-05, 8.744882504712626e-05, 0.9994753070497172 0.0005246929502827576, 
50, 000000, 000000, 7.776885025098985e-05, 7.776885025098985e-05, 0.9995333868984941 0.00046661310150593907, 
51, 000000, 000000, 7.773601843873482e-05, 7.773601843873482e-05, 0.9995335838893675 0.0004664161106324089, 
52, 000000, 000000, 7.994579546816216e-05, 7.994579546816216e-05, 0.999520325227191 0.00047967477280897304, 
53, 000000, 000000, 8.071039761984698e-05, 8.071039761984698e-05, 0.99951662052165 0.0004824965709808082 8.829073691368102e-07, 
54, 000000, 000000, 7.921557891190258e-05, 7.921557891190258e-05, 0.9995247065265287 0.0004752934734714155, 
55, 000000, 000000, 7.217196183078189e-05, 7.217196183078189e-05, 0.9995669682290154 0.0004330317709846913, 
56, 000000, 000000, 8.475019097614672e-05, 8.475019097614672e-05, 0.9994914988541431 0.0005085011458568804, 
57, 000000, 000000, 7.82804911561308e-05, 7.82804911561308e-05, 0.9995303170530632 0.0004696829469367848, 
58, 000000, 000000, 7.838850491120635e-05, 7.838850491120635e-05, 0.9995296689705327 0.00047033102946723805, 
59, 000000, 000000, 8.07897796996964e-05, 8.07897796996964e-05, 0.9995152613218019 0.0004847386781981784, 
60, 000000, 000000, 0.0010894134938069465, 0.0010894134938069465, 0.9965050093416497 0.000453500353858924 0.003041490304491378, 
61, 000000, 000000, 6.631297863993334e-05, 6.631297863993334e-05, 0.9996021221281605 0.00039787787183960007, 
62, 000000, 000000, 9.432159518136716e-05, 9.432159518136716e-05, 0.9994340704289117 0.0005659295710882029, 
63, 000000, 000000, 8.662085668849787e-05, 8.662085668849787e-05, 0.999480274859869 0.0005197251401309873, 
64, 000000, 000000, 7.74804561695569e-05, 7.74804561695569e-05, 0.9995351172629826 0.0004648827370173415, 
65, 000000, 000000, 9.284123467236009e-05, 9.284123467236009e-05, 0.9994429525919659 0.0005570474080341606, 
66, 000000, 000000, 8.357252169020036e-05, 8.357252169020036e-05, 0.9994985648698588 0.0005014351301412022, 
67, 000000, 000000, 7.946840512285297e-05, 7.946840512285297e-05, 0.9995231895692629 0.0004768104307371178, 
68, 000000, 000000, 7.409574269663588e-05, 7.409574269663588e-05, 0.9995554255438202 0.0004445744561798154, 
69, 000000, 000000, 6.805856950878948e-05, 6.805856950878948e-05, 0.9995916485829472 0.0004083514170527369, 
70, 000000, 000000, 7.697120079051717e-05, 7.697120079051717e-05, 0.9995381727952569 0.000461827204743103, 
71, 000000, 000000, 8.532345940805113e-05, 8.532345940805113e-05, 0.9994880592435518 0.0005119407564483068, 
72, 000000, 000000, 8.263591300644845e-05, 8.263591300644845e-05, 0.9995059426579083 0.0004922992061448261 1.7581359469322929e-06, 
73, 000000, 000000, 6.451698757027674e-05, 6.451698757027674e-05, 0.9996128980745783 0.00038710192542166046, 
74, 000000, 000000, 7.531012102261487e-05, 7.531012102261487e-05, 0.9995481392738643 0.0004518607261356893, 
75, 000000, 000000, 7.367991540454563e-05, 7.367991540454563e-05, 0.9995579205075726 0.0004420794924272738, 
76, 000000, 000000, 0.0001103801983392656, 0.0001103801983392656, 0.9994023029848795 0.0005331128402053976 6.458417491509801e-05, 
77, 000000, 000000, 7.373599778320382e-05, 7.373599778320382e-05, 0.9995575840133007 0.00044241598669922296, 
78, 000000, 000000, 7.775664691063206e-05, 7.775664691063206e-05, 0.9995334601185362 0.0004665398814637923, 
79, 000000, 000000, 7.719862907065654e-05, 7.719862907065654e-05, 0.9995368082255761 0.00046319177442393926, 
80, 000000, 000000, 6.942789734691498e-05, 6.942789734691498e-05, 0.9995834326159185 0.00041656738408148993, 
81, 000000, 000000, 8.347862813270384e-05, 8.347862813270384e-05, 0.9994991282312038 0.000500871768796223, 
82, 000000, 000000, 7.774050765110672e-05, 7.774050765110672e-05, 0.9995335569540933 0.00046644304590664034, 
83, 000000, 000000, 7.711238318821705e-05, 7.711238318821705e-05, 0.9995373257008708 0.00046267429912930227, 
84, 000000, 000000, 8.997183407353974e-05, 8.997183407353974e-05, 0.9994608359947432 0.0005384970060722033 6.669991845176333e-07, 
85, 000000, 000000, 9.577274399991082e-05, 9.577274399991082e-05, 0.9994253635360006 0.000574636463999465, 
86, 000000, 000000, 7.002329206807927e-05, 7.002329206807927e-05, 0.9995798602475915 0.00042013975240847557, 
87, 000000, 000000, 8.131061921576753e-05, 8.131061921576753e-05, 0.9995121362847054 0.00048786371529460523, 
88, 000000, 000000, 7.972951990787243e-05, 7.972951990787243e-05, 0.9995216228805527 0.00047837711944723465, 
89, 000000, 000000, 7.258754853080749e-05, 7.258754853080749e-05, 0.9995644747088152 0.00043552529118484504, 
90, 000000, 000000, 8.023696324845383e-05, 8.023696324845383e-05, 0.9995185782205093 0.000481421779490723, 
91, 000000, 000000, 9.434171608619658e-05, 9.434171608619658e-05, 0.9994339497034828 0.0005660502965171794, 
92, 000000, 000000, 8.148995040789242e-05, 8.148995040789242e-05, 0.9995110602975527 0.0004889397024473545, 
93, 000000, 000000, 7.502649731939953e-05, 7.502649731939953e-05, 0.9995498410160836 0.0004501589839163972, 
94, 000000, 000000, 7.970611086128574e-05, 7.970611086128574e-05, 0.9995217633348323 0.00047823666516771447, 
95, 000000, 000000, 7.786172496832762e-05, 7.786172496832762e-05, 0.99953282965019 0.00046717034980996576, 
96, 000000, 000000, 7.342206346186482e-05, 7.342206346186482e-05, 0.9995594676192289 0.000440532380771189, 
97, 000000, 000000, 6.963436614493557e-05, 6.963436614493557e-05, 0.9995821938031303 0.00041780619686961344, 
98, 000000, 000000, 8.865613839249354e-05, 8.865613839249354e-05, 0.999468063169645 0.0005319368303549613, 
99, 000000, 000000, 7.50752448679444e-05, 7.50752448679444e-05, 0.9995495485307924 0.0004504514692076663, 
100, 000000, 000000, 8.082372558336963e-05, 8.082372558336963e-05, 0.9995150576464998 0.00048494235350021774, 
run, initial grid state, final grid state, mean grid cell occupancy, mean binding site occupancy, fraction of time with N TFs bound, warning
1, 000000, 000000, 7.788197388300855e-05, 7.788197388300855e-05, 0.999532708156702 0.00046729184329805123, 
2, 000000, 000000, 7.517592799245634e-05, 7.517592799245634e-05, 0.9995489444320452 0.00045105556795473805, 
3, 000000, 000000, 7.819171041635214e-05, 7.819171041635214e-05, 0.999530849737502 0.0004691502624981129, 
4, 000000, 000000, 7.994615158180459e-05, 7.994615158180459e-05, 0.9995203230905092 0.00047967690949082755, 
5, 000000, 000000, 7.946301831489162e-05, 7.946301831489162e-05, 0.9995232218901107 0.0004767781098893497, 
6, 000000, 000000, 8.46898105118351e-05, 8.46898105118351e-05, 0.999491861136929 0.0005081388630710106, 
7, 000000, 000000, 7.806798699589858e-05, 7.806798699589858e-05, 0.9995315920780247 0.00046840792197539154, 
8, 000000, 000000, 8.42026046703417e-05, 8.42026046703417e-05, 0.9994947843719779 0.0005052156280220503, 
9, 000000, 000000, 7.137835719217478e-05, 7.137835719217478e-05, 0.9995717298568471 0.00042827014315304873, 
10, 000000, 000000, 8.110011425381543e-05, 8.110011425381543e-05, 0.999513399314477 0.00048660068552289264, 
11, 000000, 000000, 7.74433763384776e-05, 7.74433763384776e-05, 0.9995353397419691 0.00046466025803086565, 
12, 000000, 000000, 8.286687734900917e-05, 8.286687734900917e-05, 0.999502798735906 0.0004972012640940551, 
13, 000000, 000000, 7.916686764398131e-05, 7.916686764398131e-05, 0.9995249987941361 0.00047500120586388785, 
14, 000000, 000000, 8.646164538338734e-05, 8.646164538338734e-05, 0.9994812301276996 0.0005187698723003241, 
15, 000000, 000000, 7.699694029101125e-05, 7.699694029101125e-05, 0.999538018358254 0.0004619816417460675, 
16, 000000, 000000, 7.116862130085264e-05, 7.116862130085264e-05, 0.9995729882721949 0.00042701172780511585, 
17, 000000, 000000, 7.529270813819047e-05, 7.529270813819047e-05, 0.9995482437511709 0.0004517562488291428, 
18, 000000, 000000, 7.766532116286824e-05, 7.766532116286824e-05, 0.9995340080730228 0.00046599192697720953, 
19, 000000, 000000, 0.0002960879945153915, 0.0002960879945153915, 0.9989008121771148 0.0004218476786780747 0.0006773401442071369, 
20, 000000, 000000, 7.88800433286616e-05, 7.88800433286616e-05, 0.999526719740028 0.0004732802599719696, 
21, 000000, 000000, 8.573143710312683e-05, 8.573143710312683e-05, 0.999485643678329 0.000514324020723179 3.2300947791054133e-08, 
22, 000000, 000000, 7.160579776256832e-05, 7.160579776256832e-05, 0.9995703652134246 0.0004296347865754099, 
23, 000000, 000000, 7.270617844049386e-05, 7.270617844049386e-05, 0.999563762929357 0.0004362370706429631, 
24, 000000, 000000, 7.70928375763724e-05, 7.70928375763724e-05, 0.9995374429745417 0.00046255702545823437, 
25, 000000, 000000, 8.355012058399572e-05, 8.355012058399572e-05, 0.999498699276496 0.0005013007235039744, 
26, 000000, 000000, 7.680910315977852e-05, 7.680910315977852e-05, 0.9995391453810413 0.0004608546189586711, 
27, 000000, 000000, 6.922923462402547e-05, 6.922923462402547e-05, 0.9995846245922558 0.0004153754077441529, 
28, 000000, 000000, 8.012290613062767e-05, 8.012290613062767e-05, 0.9995205018138456 0.0004782589355251884 1.2392506292888095e-06, 
29, 000000, 000000, 7.285370260624765e-05, 7.285370260624765e-05, 0.9995628777843625 0.0004371222156374859, 
30, 000000, 000000, 7.32318008917848e-05, 7.32318008917848e-05, 0.9995606091946493 0.00043939080535070876, 
31, 000000, 000000, 7.469857111994944e-05, 7.469857111994944e-05, 0.9995518085732803 0.00044819142671969665, 
32, 000000, 000000, 8.193267202494066e-05, 8.193267202494066e-05, 0.9995090047720119 0.0004903944238265014 6.00804161571321e-07, 
33, 000000, 000000, 8.444519711276142e-05, 8.444519711276142e-05, 0.9994933288173233 0.0005066711826765685, 
34, 000000, 000000, 0.007530731755104729, 0.007530731755104729, 0.983241627864293 0.00047111058153296106 0.006962239789410148 0.0065112866887801595 0.0028137350759836603, 
35, 000000, 000000, 8.21780114730856e-05, 8.21780114730856e-05, 0.9995069319311615 0.0004930680688385137, 
36, 000000, 000000, 7.833875523032067e-05, 7.833875523032067e-05, 0.999529967468618 0.00047003253138192403, 
37, 000000, 000000, 8.46048690370555e-05, 8.46048690370555e-05, 0.9994923707857777 0.000507629214222333, 
38, 000000, 000000, 7.072406357785996e-05, 7.072406357785996e-05, 0.9995756556185328 0.0004243443814671598, 
39, 000000, 000000, 8.116114351208076e-05, 8.116114351208076e-05, 0.9995130331389274 0.0004869668610724846, 
40, 000000, 000000, 7.264831328829217e-05, 7.264831328829217e-05, 0.9995648617213249 0.0004343866776206433 7.516010545548938e-07, 
41, 000000, 000000, 7.357967598538e-05, 7.357967598538e-05, 0.9995585219440877 0.00044147805591228, 
42, 000000, 000000, 7.633413598462177e-05, 7.633413598462177e-05, 0.9995419951840921 0.0004580048159077306, 
43, 000000, 000000, 8.97187344534749e-05, 8.97187344534749e-05, 0.9994616875932792 0.0005383124067208494, 
44, 000000, 000000, 8.106864117783332e-05, 8.106864117783332e-05, 0.999513588152933 0.00048641184706700005, 
45, 000000, 000000, 7.884941209048292e-05, 7.884941209048292e-05, 0.999526903527457 0.0004730964725428975, 
46, 000000, 000000, 8.374825629458892e-05, 8.374825629458892e-05, 0.9994975104622325 0.0005024895377675336, 
47, 000000, 000000, 8.290307680759283e-05, 8.290307680759283e-05, 0.9995025815391544 0.0004974184608455569, 
48, 000000, 000000, 7.67735928922584e-05, 7.67735928922584e-05, 0.9995393584426465 0.00046064155735355043, 
49, 000000, 000000, 8.223683239530186e-05, 8.223683239530186e-05, 0.9995065790056282 0.0004934209943718112, 
50, 000000, 000000, 8.008940498385597e-05, 8.008940498385597e-05, 0.9995194635700968 0.00048053642990313587, 
51, 000000, 000000, 6.724521497890344e-05, 6.724521497890344e-05, 0.9995965287101266 0.0004034712898734207, 
52, 000000, 000000, 7.381681653128227e-05, 7.381681653128227e-05, 0.9995570991008123 0.0004429008991876936, 
53, 000000, 000000, 6.379915739281005e-05, 6.379915739281005e-05, 0.9996172050556431 0.0003827949443568604, 
54, 000000, 000000, 9.866657397773357e-05, 9.866657397773357e-05, 0.9994080005561335 0.0005919994438664014, 
55, 000000, 000000, 0.0014586155405959722, 0.0014586155405959722, 0.9954306235245538 0.0003872422917938804 0.004181951599175248 1.8258447715214318e-07, 
56, 000000, 000000, 7.772248589093183e-05, 7.772248589093183e-05, 0.9995336650846544 0.00046633491534559093, 
57, 000000, 000000, 6.192838610329321e-05, 6.192838610329321e-05, 0.9996284296833803 0.00037157031661975927, 
58, 000000, 000000, 8.76176347434645e-05, 8.76176347434645e-05, 0.9994742941915393 0.0005257058084607871, 
59, 000000, 000000, 7.978403298791926e-05, 7.978403298791926e-05, 0.9995212958020725 0.00047870419792751557, 
60, 000000, 000000, 0.00012942564183425124, 0.00012942564183425124, 0.999396981076551 0.00042948399589270503 0.0001735349275564012, 
61, 000000, 000000, 9.887888536563494e-05, 9.887888536563494e-05, 0.9994067266878062 0.0005932733121938098, 
62, 000000, 000000, 8.189962498758925e-05, 8.189962498758925e-05, 0.9995101472891623 0.0004883076717496729 1.5450390879313149e-06, 
63, 000000, 000000, 6.372400016092107e-05, 6.372400016092107e-05, 0.9996176559990345 0.0003823440009655265, 
64, 000000, 000000, 8.143482143297553e-05, 8.143482143297553e-05, 0.9995113910714022 0.0004886089285978532, 
65, 000000, 000000, 7.817583889243696e-05, 7.817583889243696e-05, 0.9995309449666454 0.0004690550333546218, 
66, 000000, 000000, 8.283303785600233e-05, 8.283303785600233e-05, 0.9995030017728641 0.000496998227136014, 
67, 000000, 000000, 8.790796645500992e-05, 8.790796645500992e-05, 0.9994725522012701 0.0005274477987300595, 
68, 000000, 000000, 0.0005769617484387685, 0.0005769617484387685, 0.9980464863445337 0.00044525682029995263 0.0015082568351663292, 
69, 000000, 000000, 6.31407562786926e-05, 6.31407562786926e-05, 0.9996211554623279 0.00037884453767215564, 
70, 000000, 000000, 6.847314870077822e-05, 6.847314870077822e-05, 0.9995900173894667 0.00040912632886156444 8.562816715524309e-07, 
71, 000000, 000000, 7.410460244897381e-05, 7.410460244897381e-05, 0.9995553723853061 0.0004446276146938428, 
72, 000000, 000000, 7.846653024437273e-05, 7.846653024437273e-05, 0.9995292008185338 0.0004707991814662365, 
73, 000000, 000000, 7.53199261839948e-05, 7.53199261839948e-05, 0.9995480804428961 0.00045191955710396887, 
74, 000000, 000000, 8.663218307501083e-05, 8.663218307501083e-05, 0.9994802069015499 0.0005197930984500651, 
75, 000000, 000000, 8.325504892252355e-05, 8.325504892252355e-05, 0.9995005328574583 0.0004994039915480837 6.315099352882021e-08, 
76, 000000, 000000, 8.117285469802863e-05, 8.117285469802863e-05, 0.9995129628718118 0.00048703712818817183, 
77, 000000, 000000, 7.657627974321059e-05, 7.657627974321059e-05, 0.9995405423215408 0.00045945767845926357, 
78, 000000, 000000, 7.682377231413243e-05, 7.682377231413243e-05, 0.9995390573661151 0.0004609426338847946, 
79, 000000, 000000, 7.37957668207607e-05, 7.37957668207607e-05, 0.9995572253990754 0.0004427746009245643, 
80, 000000, 000000, 7.496445943310916e-05, 7.496445943310916e-05, 0.9995502132434014 0.0004497867565986549, 
81, 000000, 000000, 8.660752207658974e-05, 8.660752207658974e-05, 0.9994803548675404 0.0005196451324595385, 
82, 000000, 000000, 7.930410194450332e-05, 7.930410194450332e-05, 0.999524175388333 0.00047582461166701984, 
83, 000000, 000000, 8.615912650728475e-05, 8.615912650728475e-05, 0.9994830452409562 0.0005169547590437086, 
84, 000000, 000000, 7.422028073411773e-05, 7.422028073411773e-05, 0.9995546783155953 0.00044532168440470645, 
85, 000000, 000000, 7.855871351557546e-05, 7.855871351557546e-05, 0.9995286477189066 0.0004713522810934528, 
86, 000000, 000000, 7.858777038493428e-05, 7.858777038493428e-05, 0.9995284733776905 0.00047152662230960575, 
87, 000000, 000000, 7.352734611631362e-05, 7.352734611631362e-05, 0.9995588359233022 0.0004411640766978818, 
88, 000000, 000000, 7.365334310102365e-05, 7.365334310102365e-05, 0.9995580799413939 0.00044192005860614186, 
89, 000000, 000000, 8.351954573328502e-05, 8.351954573328502e-05, 0.9994988827256003 0.0005011172743997101, 
90, 000000, 000000, 6.941740686084916e-05, 6.941740686084916e-05, 0.9995834955588349 0.000416504441165095, 
91, 000000, 000000, 7.741735864683689e-05, 7.741735864683689e-05, 0.9995354958481191 0.00046450415188102135, 
92, 000000, 000000, 8.66358429350225e-05, 8.66358429350225e-05, 0.9994801849423899 0.000519815057610135, 
93, 000000, 000000, 6.913225187521073e-05, 6.913225187521073e-05, 0.9995852064887487 0.00041479351125126436, 
94, 000000, 000000, 7.794394180963402e-05, 7.794394180963402e-05, 0.9995323363491422 0.0004676636508578043, 
95, 000000, 000000, 7.278539678582595e-05, 7.278539678582595e-05, 0.999563287619285 0.0004367123807149557, 
96, 000000, 000000, 8.032076069300642e-05, 8.032076069300642e-05, 0.9995180754358419 0.00048192456415803854, 
97, 000000, 000000, 8.091923990257054e-05, 8.091923990257054e-05, 0.9995144845605846 0.0004855154394154232, 
98, 000000, 000000, 8.667870368041554e-05, 8.667870368041554e-05, 0.9994799277779175 0.0005200722220824933, 
99, 000000, 000000, 8.274241980888304e-05, 8.274241980888304e-05, 0.9995035454811467 0.0004964545188532982, 
100, 000000, 000000, 7.683146103797376e-05, 7.683146103797376e-05, 0.9995390112337722 0.0004609887662278426, 
run, initial grid state, final grid state, mean grid cell occupancy, mean binding site occupancy, fraction of time with N TFs bound, warning
1, 000000, 000000, 7.027408809231267e-05, 7.027408809231267e-05, 0.999578355471446 0.0004216445285538761, 
2, 000000, 000000, 7.628775585817557e-05, 7.628775585817557e-05, 0.9995422734648509 0.0004577265351490534, 
3, 000000, 000000, 7.940080154526283e-05, 7.940080154526283e-05, 0.9995235951907284 0.000476404809271577, 
4, 000000, 000000, 8.110973390049247e-05, 8.110973390049247e-05, 0.99951398236776 0.00048537686107694167 6.407711630066236e-07, 
5, 000000, 000000, 7.945680725687079e-05, 7.945680725687079e-05, 0.9995232591564588 0.00047674084354122474, 
6, 000000, 000000, 8.064903511953073e-05, 8.064903511953073e-05, 0.9995161057892827 0.00048389421071718444, 
7, 000000, 000000, 7.38914310174909e-05, 7.38914310174909e-05, 0.999556651413895 0.00044334858610494543, 
8, 000000, 000000, 7.180301561955347e-05, 7.180301561955347e-05, 0.9995691819062826 0.0004308180937173208, 
9, 000000, 000000, 8.192261853588972e-05, 8.192261853588972e-05, 0.9995084642887847 0.0004915357112153384, 
10, 000000, 000000, 8.410849435454309e-05, 8.410849435454309e-05, 0.9994953490338727 0.0005046509661272585, 
11, 000000, 000000, 7.891858617938932e-05, 7.891858617938932e-05, 0.9995264884829237 0.00047351151707633593, 
12, 000000, 000000, 8.067469709018784e-05, 8.067469709018784e-05, 0.9995159518174588 0.000484048182541127, 
13, 000000, 000000, 7.930615716474662e-05, 7.930615716474662e-05, 0.9995241630570115 0.0004758369429884797, 
14, 000000, 000000, 7.671273049053543e-05, 7.671273049053543e-05, 0.9995397236170568 0.0004602763829432126, 
15, 000000, 000000, 7.579624487479955e-05, 7.579624487479955e-05, 0.9995452225307512 0.00045477746924879733, 
16, 000000, 000000, 6.597430295799843e-05, 6.597430295799843e-05, 0.999604154182252 0.0003958458177479906, 
17, 000000, 000000, 7.83239720139495e-05, 7.83239720139495e-05, 0.9995300561679163 0.000469943832083697, 
18, 000000, 000000, 6.159060355503363e-05, 6.159060355503363e-05, 0.9996304563786699 0.00036954362133020176, 
19, 000000, 000000, 7.22954037480294e-05, 7.22954037480294e-05, 0.9995662275775118 0.0004337724224881765, 
20, 000000, 000000, 6.672891327546434e-05, 6.672891327546434e-05, 0.9995996265203472 0.0004003734796527861, 
21, 000000, 000000, 6.924071820745333e-05, 6.924071820745333e-05, 0.9995845556907553 0.00041544430924471995, 
22, 000000, 000000, 8.006366006679566e-05, 8.006366006679566e-05, 0.9995196180395992 0.00048038196040077393, 
23, 000000, 000000, 7.153267057954074e-05, 7.153267057954074e-05, 0.9995708039765228 0.00042919602347724447, 
24, 000000, 000000, 7.304672690344854e-05, 7.304672690344854e-05, 0.9995617196385793 0.0004382803614206913, 
25, 000000, 000000, 7.848783929934e-05, 7.848783929934e-05, 0.9995290729642039 0.00047092703579604, 
26, 000000, 000000, 7.341575083392685e-05, 7.341575083392685e-05, 0.9995595054949964 0.00044049450500356115, 
27, 000000, 000000, 8.582106276252261e-05, 8.582106276252261e-05, 0.9994850736234249 0.0005149263765751357, 
28, 000000, 000000, 8.296750488242251e-05, 8.296750488242251e-05, 0.9995021949707055 0.0004978050292945351, 
29, 000000, 000000, 7.224671605363876e-05, 7.224671605363876e-05, 0.9995665197036782 0.0004334802963218325, 
30, 000000, 000000, 8.526077610856533e-05, 8.526077610856533e-05, 0.9994884353433485 0.0005115646566513921, 
31, 000000, 000000, 7.85813981584218e-05, 7.85813981584218e-05, 0.9995285116110495 0.00047148838895053085, 
32, 000000, 000000, 8.199254517785724e-05, 8.199254517785724e-05, 0.9995080447289328 0.0004919552710671434, 
33, 000000, 000000, 8.510169449193274e-05, 8.510169449193274e-05, 0.9994893898330486 0.0005106101669515964, 
34, 000000, 000000, 7.859928606509126e-05, 7.859928606509126e-05, 0.9995284042836095 0.0004715957163905476, 
35, 000000, 000000, 9.013577005733031e-05, 9.013577005733031e-05, 0.9994591853796561 0.0005408146203439819, 
36, 000000, 000000, 8.348643605957473e-05, 8.348643605957473e-05, 0.9994990813836426 0.0005009186163574483, 
37, 000000, 000000, 7.747725459072412e-05, 7.747725459072412e-05, 0.9995351364724556 0.0004648635275443448, 
38, 000000, 000000, 8.222961418128493e-05, 8.222961418128493e-05, 0.9995079748921951 0.0004906725305220801 1.3525772828147522e-06, 
39, 000000, 000000, 7.412655957882505e-05, 7.412655957882505e-05, 0.9995552406425271 0.00044475935747295036, 
40, 000000, 000000, 7.159815343074966e-05, 7.159815343074966e-05, 0.9995704110794155 0.0004295889205844979, 
41, 000000, 000000, 8.5600867616482e-05, 8.5600867616482e-05, 0.9994863947943011 0.000513605205698892, 
42, 000000, 000000, 7.706299595978772e-05, 7.706299595978772e-05, 0.9995376220242412 0.0004623779757587264, 
43, 000000, 000000, 8.028407767393772e-05, 8.028407767393772e-05, 0.9995182955339564 0.0004817044660436264, 
44, 000000, 000000, 7.35310068364147e-05, 7.35310068364147e-05, 0.9995588139589815 0.0004411860410184883, 
45, 000000, 000000, 8.964341361201096e-05, 8.964341361201096e-05, 0.999462139518328 0.0005378604816720658, 
46, 000000, 000000, 0.003703167320201433, 0.003703167320201433, 0.9894792154194338 0.0003888126312721782 0.008938870033143644 0.0008199564409519944 0.00037314547519828585, 
47, 000000, 000000, 6.920243694719165e-05, 6.920243694719165e-05, 0.9995847853783169 0.0004152146216831499, 
48, 000000, 000000, 8.660960012182846e-05, 8.660960012182846e-05, 0.9994808491807051 0.0005186440378586746 5.067814361481439e-07, 
49, 000000, 000000, 9.224269611582055e-05, 9.224269611582055e-05, 0.9994465438233051 0.0005534561766949234, 
50, 000000, 000000, 8.776226732075627e-05, 8.776226732075627e-05, 0.9994734263960754 0.0005265736039245377, 
51, 000000, 000000, 7.733859612178176e-05, 7.733859612178176e-05, 0.9995359684232692 0.0004640315767306905, 
52, 000000, 000000, 7.80895078770729e-05, 7.80895078770729e-05, 0.9995314629527375 0.0004685370472624374, 
