run, initial grid state, final grid state, mean grid cell occupancy, mean binding site occupancy, fraction of time with N TFs bound, warning
1, 000000, 000000, 4.078765333028798e-05, 4.078765333028798e-05, 0.9997552740800182 0.0002447259199817279, 
2, 000000, 000000, 4.13713335773693e-05, 4.13713335773693e-05, 0.9997525956569964 0.0002465806845431179 8.236584605489458e-07, 
3, 000000, 000000, 3.968309322673709e-05, 3.968309322673709e-05, 0.9997619014406396 0.00023809855936042252, 
4, 000000, 000000, 4.126159751267165e-05, 4.126159751267165e-05, 0.999752430414924 0.0002475695850760299, 
5, 000000, 000000, 4.2062871641695004e-05, 4.2062871641695004e-05, 0.9997476227701498 0.00025237722985017, 
6, 000000, 000000, 4.186217641287893e-05, 4.186217641287893e-05, 0.9997488269415228 0.0002511730584772736, 
7, 000000, 000000, 4.21234448971645e-05, 4.21234448971645e-05, 0.9997472593306169 0.0002527406693829871, 
8, 000000, 000000, 4.281055361077115e-05, 4.281055361077115e-05, 0.9997431366783354 0.0002568633216646269, 
9, 000000, 000000, 4.127602503105982e-05, 4.127602503105982e-05, 0.9997523438498137 0.00024765615018635897, 
10, 000000, 000000, 3.993581234493381e-05, 3.993581234493381e-05, 0.9997603851259304 0.00023961487406960286, 
11, 000000, 000000, 4.72244654042641e-05, 4.72244654042641e-05, 0.9997166532075744 0.00028334679242558464, 
12, 000000, 000000, 3.7752789414043066e-05, 3.7752789414043066e-05, 0.9997734832635158 0.0002265167364842584, 
13, 000000, 000000, 4.8379869814457594e-05, 4.8379869814457594e-05, 0.9997097207811132 0.0002902792188867456, 
14, 000000, 000000, 4.237046716481395e-05, 4.237046716481395e-05, 0.9997457771970112 0.0002542228029888837, 
15, 000000, 000000, 3.882198341260479e-05, 3.882198341260479e-05, 0.9997670680995243 0.00023293190047562874, 
16, 000000, 000000, 4.148960380124122e-05, 4.148960380124122e-05, 0.9997510623771925 0.0002489376228074473, 
17, 000000, 000000, 4.1738734446749056e-05, 4.1738734446749056e-05, 0.9997495675933195 0.0002504324066804943, 
18, 000000, 000000, 3.741483309376596e-05, 3.741483309376596e-05, 0.9997755110014374 0.0002244889985625958, 
19, 000000, 000000, 4.564694119686213e-05, 4.564694119686213e-05, 0.9997261183528189 0.0002738816471811728, 
20, 000000, 000000, 4.203423081773783e-05, 4.203423081773783e-05, 0.9997477946150937 0.000252205384906427, 
21, 000000, 000000, 4.568135353292353e-05, 4.568135353292353e-05, 0.9997259118788026 0.0002740881211975412, 
22, 000000, 000000, 3.672864886632181e-05, 3.672864886632181e-05, 0.9997796281068021 0.00022037189319793087, 
23, 000000, 000000, 0.002318258573965439, 0.002318258573965439, 0.9929773662338233 0.00022160709363111382 0.0067151356674754045 8.589100507023787e-05, 
24, 000000, 000000, 4.216081653181481e-05, 4.216081653181481e-05, 0.9997470351008092 0.0002529648991908889, 
25, 000000, 000000, 0.0016271840628408402, 0.0016271840628408402, 0.9949960794181814 0.0002447367865922133 0.004759183795226414, 
26, 000000, 000000, 0.00038588132053065034, 0.00038588132053065034, 0.9987282672547485 0.00022817756731919564 0.0010435551779323531, 
27, 000000, 000000, 4.2603948819153764e-05, 4.2603948819153764e-05, 0.999744376307085 0.00025562369291492256, 
28, 000000, 000000, 4.014009603330895e-05, 4.014009603330895e-05, 0.9997591594238001 0.00024084057619985368, 
29, 000000, 000000, 4.074191690224872e-05, 4.074191690224872e-05, 0.9997555484985865 0.00024445150141349235, 
30, 000000, 000000, 3.853976061543863e-05, 3.853976061543863e-05, 0.9997687614363074 0.00023123856369263178, 
31, 000000, 000000, 3.963192337593373e-05, 3.963192337593373e-05, 0.9997622084597444 0.00023779154025560244, 
32, 000000, 000000, 4.2772458460132166e-05, 4.2772458460132166e-05, 0.9997433652492392 0.000256634750760793, 
33, 000000, 000000, 3.917525812103855e-05, 3.917525812103855e-05, 0.9997649484512737 0.00023505154872623137, 
34, 000000, 000000, 4.3505656436994766e-05, 4.3505656436994766e-05, 0.999738966061378 0.00026103393862196865, 
35, 000000, 000000, 4.481935277754278e-05, 4.481935277754278e-05, 0.9997310838833346 0.0002689161166652567, 
36, 000000, 000000, 4.3452543287595863e-05, 4.3452543287595863e-05, 0.9997392847402744 0.00026071525972557515, 
37, 000000, 000000, 4.013064691060403e-05, 4.013064691060403e-05, 0.9997592161185365 0.0002407838814636242, 
38, 000000, 000000, 4.240915738660627e-05, 4.240915738660627e-05, 0.9997455450556804 0.00025445494431963766, 
39, 000000, 000000, 4.144203393812322e-05, 4.144203393812322e-05, 0.9997513477963712 0.00024865220362873934, 
40, 000000, 000000, 4.0084277296979254e-05, 4.0084277296979254e-05, 0.999759494336218 0.00024050566378187554, 
41, 000000, 000000, 4.1438037744469285e-05, 4.1438037744469285e-05, 0.9997513717735331 0.0002486282264668157, 
42, 000000, 000000, 3.959055231747087e-05, 3.959055231747087e-05, 0.9997624566860952 0.00023754331390482525, 
43, 000000, 000000, 4.328698584153915e-05, 4.328698584153915e-05, 0.9997402780849508 0.00025972191504923493, 
44, 000000, 000000, 3.225778669009546e-05, 3.225778669009546e-05, 0.9998072361381379 0.0001919810035835242 7.828582785243079e-07, 
45, 000000, 000000, 3.684460992488819e-05, 3.684460992488819e-05, 0.9997789323404507 0.00022106765954932916, 
46, 000000, 000000, 4.5836630885047125e-05, 4.5836630885047125e-05, 0.9997249802146897 0.0002750197853102827, 
47, 000000, 000000, 3.749918830570816e-05, 3.749918830570816e-05, 0.9997750048701658 0.00022499512983424898, 
48, 000000, 000000, 4.196221090036983e-05, 4.196221090036983e-05, 0.999748226734598 0.00025177326540221903, 
49, 000000, 000000, 3.888846025794655e-05, 3.888846025794655e-05, 0.9997666692384524 0.00023333076154767932, 
50, 000000, 000000, 4.2832801187767354e-05, 4.2832801187767354e-05, 0.9997430031928733 0.00025699680712660416, 
51, 000000, 000000, 0.0006678099831498698, 0.0006678099831498698, 0.9978773556069925 0.00023842888711548253 0.0018842155058918677, 
52, 000000, 000000, 4.064705250183663e-05, 4.064705250183663e-05, 0.9997561176849888 0.0002438823150110198, 
53, 000000, 000000, 3.701068207885167e-05, 3.701068207885167e-05, 0.999777935907527 0.00022206409247311007, 
54, 000000, 000000, 4.3250545494348565e-05, 4.3250545494348565e-05, 0.9997404967270339 0.0002595032729660915, 
55, 000000, 000000, 3.9400114986627196e-05, 3.9400114986627196e-05, 0.9997635993100803 0.0002364006899197632, 
56, 000000, 000000, 4.226657444103776e-05, 4.226657444103776e-05, 0.9997464005533537 0.00025359944664622654, 
57, 000000, 000000, 3.687936056539608e-05, 3.687936056539608e-05, 0.9997787238366077 0.0002212761633923765, 
58, 000000, 000000, 4.221974074915864e-05, 4.221974074915864e-05, 0.9997466815555051 0.00025331844449495185, 
59, 000000, 000000, 3.822665176210381e-05, 3.822665176210381e-05, 0.9997706400894273 0.0002293599105726229, 
60, 000000, 000000, 4.0898483098607566e-05, 4.0898483098607566e-05, 0.9997546091014083 0.0002453908985916454, 
61, 000000, 000000, 4.29022000514945e-05, 4.29022000514945e-05, 0.999742586799691 0.000257413200308967, 
62, 000000, 000000, 3.905586016346492e-05, 3.905586016346492e-05, 0.9997656648390192 0.00023433516098078953, 
63, 000000, 000000, 4.292395694370776e-05, 4.292395694370776e-05, 0.9997424562583377 0.0002575437416622466, 
64, 000000, 000000, 4.2210534000921184e-05, 4.2210534000921184e-05, 0.9997468366660535 0.00025306346388776716 9.987005887996582e-08, 
65, 000000, 000000, 4.115640951696952e-05, 4.115640951696952e-05, 0.9997530615428981 0.00024693845710181716, 
66, 000000, 000000, 4.347926611236766e-05, 4.347926611236766e-05, 0.9997391244033258 0.00026087559667420596, 
67, 000000, 000000, 4.3623730131135157e-05, 4.3623730131135157e-05, 0.9997382576192132 0.00026174238078681097, 
68, 000000, 000000, 4.392751966583229e-05, 4.392751966583229e-05, 0.9997364348820049 0.00026356511799499377, 
69, 000000, 000000, 4.688169203683467e-05, 4.688169203683467e-05, 0.9997187098477789 0.00028129015222100805, 
70, 000000, 000000, 4.011274522308167e-05, 4.011274522308167e-05, 0.9997593235286615 0.00024067647133849, 
71, 000000, 000000, 4.447995935040651e-05, 4.447995935040651e-05, 0.9997331202438976 0.0002668797561024391, 
72, 000000, 000000, 3.837624831948081e-05, 3.837624831948081e-05, 0.9997697425100831 0.00023025748991688488, 
73, 000000, 000000, 3.83035617148236e-05, 3.83035617148236e-05, 0.999770178629711 0.00022982137028894163, 
74, 000000, 000000, 4.598087097968078e-05, 4.598087097968078e-05, 0.9997241147741219 0.00027588522587808465, 
75, 000000, 000000, 4.3378808911302e-05, 4.3378808911302e-05, 0.9997397271465321 0.000260272853467812, 
76, 000000, 000000, 4.0087708641842286e-05, 4.0087708641842286e-05, 0.999759473748149 0.0002405262518510537, 
77, 000000, 000000, 3.6696872807389326e-05, 3.6696872807389326e-05, 0.9997798187631556 0.00022018123684433596, 
78, 000000, 000000, 4.064577199652387e-05, 4.064577199652387e-05, 0.9997561253680208 0.00024387463197914327, 
79, 000000, 000000, 4.56534215891985e-05, 4.56534215891985e-05, 0.9997260794704648 0.000273920529535191, 
80, 000000, 000000, 4.139716650586881e-05, 4.139716650586881e-05, 0.9997516170009648 0.0002483829990352129, 
81, 000000, 000000, 4.470142846090046e-05, 4.470142846090046e-05, 0.9997317914292345 0.00026820857076540275, 
82, 000000, 000000, 4.5485250777675734e-05, 4.5485250777675734e-05, 0.9997278079407637 0.0002714726138067684 7.194454296429951e-07, 
83, 000000, 000000, 4.2008870629767866e-05, 4.2008870629767866e-05, 0.9997479467762215 0.0002520532237786072, 
84, 000000, 000000, 0.00032711678741826895, 0.00032711678741826895, 0.9988890902715282 0.000259118732434057 0.0008517909960377784, 
85, 000000, 000000, 3.5079494299672185e-05, 3.5079494299672185e-05, 0.9997895230342019 0.00021047696579803312, 
86, 000000, 000000, 3.9806386767728316e-05, 3.9806386767728316e-05, 0.9997611616793937 0.00023883832060636994, 
87, 000000, 000000, 4.4330035205962614e-05, 4.4330035205962614e-05, 0.9997340197887642 0.0002659802112357757, 
88, 000000, 000000, 4.2722406616061285e-05, 4.2722406616061285e-05, 0.9997436655603037 0.00025633443969636774, 
89, 000000, 000000, 4.047132454995086e-05, 4.047132454995086e-05, 0.9997571720527003 0.00024282794729970513, 
90, 000000, 000000, 4.051594677168994e-05, 4.051594677168994e-05, 0.9997569043193698 0.00024309568063013963, 
91, 000000, 000000, 3.9335766562917955e-05, 3.9335766562917955e-05, 0.9997639854006225 0.00023601459937750774, 
92, 000000, 000000, 4.8041165079475036e-05, 4.8041165079475036e-05, 0.9997117530095231 0.0002882469904768502, 
93, 000000, 000000, 4.48732998553928e-05, 4.48732998553928e-05, 0.9997307602008677 0.0002692397991323568, 
94, 000000, 000000, 3.718001820790455e-05, 3.718001820790455e-05, 0.9997769198907526 0.00022308010924742733, 
95, 000000, 000000, 4.084564632447971e-05, 4.084564632447971e-05, 0.9997549261220531 0.0002450738779468783, 
96, 000000, 000000, 4.380004981960178e-05, 4.380004981960178e-05, 0.9997371997010823 0.00026280029891761065, 
97, 000000, 000000, 4.20329128602762e-05, 4.20329128602762e-05, 0.9997478025228383 0.0002521974771616572, 
98, 000000, 000000, 4.296130947898245e-05, 4.296130947898245e-05, 0.9997422321431261 0.0002577678568738947, 
99, 000000, 000000, 3.791710936955615e-05, 3.791710936955615e-05, 0.9997724973437827 0.00022750265621733693, 
100, 000000, 000000, 4.671832553735519e-05, 4.671832553735519e-05, 0.9997196900467759 0.0002803099532241312, 
run, initial grid state, final grid state, mean grid cell occupancy, mean binding site occupancy, fraction of time with N TFs bound, warning
1, 000000, 000000, 4.649966224464957e-05, 4.649966224464957e-05, 0.9997210020265321 0.0002789979734678974, 
2, 000000, 000000, 4.600869756509329e-05, 4.600869756509329e-05, 0.9997239478146094 0.0002760521853905598, 
3, 000000, 000000, 3.9239349533080724e-05, 3.9239349533080724e-05, 0.9997645639028016 0.00023543609719848434, 
4, 000000, 000000, 4.3288879685599995e-05, 4.3288879685599995e-05, 0.9997402667218863 0.0002597332781136, 
5, 000000, 000000, 3.561502642961344e-05, 3.561502642961344e-05, 0.9997863098414225 0.00021369015857768066, 
6, 000000, 000000, 4.1694331161575834e-05, 4.1694331161575834e-05, 0.9997498340130305 0.000250165986969455, 
7, 000000, 000000, 4.222608056606431e-05, 4.222608056606431e-05, 0.9997466435166037 0.0002533564833963859, 
8, 000000, 000000, 4.324320670504137e-05, 4.324320670504137e-05, 0.9997405407597697 0.00025945924023024826, 
9, 000000, 000000, 4.518601698115719e-05, 4.518601698115719e-05, 0.999728883898113 0.0002711161018869431, 
10, 000000, 000000, 4.168750883194134e-05, 4.168750883194134e-05, 0.9997498749470083 0.00025012505299164804, 
11, 000000, 000000, 4.325305892428043e-05, 4.325305892428043e-05, 0.9997404816464543 0.00025951835354568256, 
12, 000000, 000000, 4.458714263021329e-05, 4.458714263021329e-05, 0.9997324771442188 0.0002675228557812797, 
13, 000000, 000000, 4.322208493954339e-05, 4.322208493954339e-05, 0.9997406674903628 0.0002593325096372603, 
14, 000000, 000000, 4.3424107928787255e-05, 4.3424107928787255e-05, 0.9997394553524273 0.0002605446475727235, 
15, 000000, 000000, 3.96051156568706e-05, 3.96051156568706e-05, 0.9997623693060588 0.00023763069394122362, 
16, 000000, 000000, 4.8127597219410734e-05, 4.8127597219410734e-05, 0.9997112344166835 0.00028876558331646443, 
17, 000000, 000000, 0.0004827300913533141, 0.0004827300913533141, 0.9984314064255674 0.00024080660074540455 0.0013277869736872398, 
18, 000000, 000000, 3.517877187900112e-05, 3.517877187900112e-05, 0.999788927368726 0.0002110726312740067, 
19, 000000, 000000, 4.12904463258771e-05, 4.12904463258771e-05, 0.9997522573220448 0.00024774267795526264, 
20, 000000, 000000, 3.586142395402097e-05, 3.586142395402097e-05, 0.999784831456276 0.00021516854372412585, 
21, 000000, 000000, 3.998669667648683e-05, 3.998669667648683e-05, 0.9997600798199411 0.000239920180058921, 
22, 000000, 000000, 4.31869288729528e-05, 4.31869288729528e-05, 0.9997408784267622 0.00025912157323771686, 
23, 000000, 000000, 4.039387731869544e-05, 4.039387731869544e-05, 0.9997576367360878 0.00024236326391217263, 
24, 000000, 000000, 4.596072860536997e-05, 4.596072860536997e-05, 0.9997242356283678 0.0002757643716322198, 
25, 000000, 000000, 3.84560329440229e-05, 3.84560329440229e-05, 0.9997692638023359 0.00023073619766413744, 
26, 000000, 000000, 4.467585650692486e-05, 4.467585650692486e-05, 0.9997319448609585 0.00026805513904154917, 
27, 000000, 000000, 4.79813681227492e-05, 4.79813681227492e-05, 0.9997121117912635 0.0002878882087364952, 
28, 000000, 000000, 4.667823443439946e-05, 4.667823443439946e-05, 0.9997199305933936 0.00028006940660639675, 
29, 000000, 000000, 4.176473652777009e-05, 4.176473652777009e-05, 0.9997494115808334 0.0002505884191666206, 
30, 000000, 000000, 4.166791312357761e-05, 4.166791312357761e-05, 0.9997499925212584 0.0002500074787414657, 
31, 000000, 000000, 4.1094076081475304e-05, 4.1094076081475304e-05, 0.9997534355435111 0.0002465644564888518, 
32, 000000, 000000, 4.020179141878517e-05, 4.020179141878517e-05, 0.9997587892514872 0.00024121074851271107, 
33, 000000, 000000, 3.459796144097156e-05, 3.459796144097156e-05, 0.9997924122313542 0.00020758776864582938, 
34, 000000, 000000, 4.6572627329876455e-05, 4.6572627329876455e-05, 0.9997205642360207 0.0002794357639792588, 
35, 000000, 000000, 3.646960509557572e-05, 3.646960509557572e-05, 0.9997811823694266 0.00021881763057345432, 
36, 000000, 000000, 4.581256253612183e-05, 4.581256253612183e-05, 0.9997251246247834 0.00027487537521673095, 
37, 000000, 000000, 4.775438971765353e-05, 4.775438971765353e-05, 0.999713473661694 0.0002865263383059212, 
38, 000000, 000000, 3.922176759098711e-05, 3.922176759098711e-05, 0.9997646693944541 0.0002353306055459227, 
39, 000000, 000000, 4.13070573605034e-05, 4.13070573605034e-05, 0.9997521576558369 0.0002478423441630205, 
40, 000000, 000000, 4.091769931910226e-05, 4.091769931910226e-05, 0.9997544938040854 0.00024550619591461357, 
41, 000000, 000000, 3.95037644473845e-05, 3.95037644473845e-05, 0.9997629774133157 0.00023702258668430702, 
42, 000000, 000000, 3.8600953878978785e-05, 3.8600953878978785e-05, 0.999768394276726 0.00023160572327387272, 
43, 000000, 000000, 4.370514812233339e-05, 4.370514812233339e-05, 0.999737769111266 0.0002622308887340004, 
44, 000000, 000000, 3.9193664008282145e-05, 3.9193664008282145e-05, 0.9997648380159503 0.0002351619840496929, 
45, 000000, 000000, 4.0574878987085715e-05, 4.0574878987085715e-05, 0.9997565507260773 0.00024344927392251433, 
46, 000000, 000000, 3.7525599623299714e-05, 3.7525599623299714e-05, 0.9997748464022601 0.0002251535977397983, 
47, 000000, 000000, 4.2450537238025844e-05, 4.2450537238025844e-05, 0.9997452967765719 0.00025470322342815505, 
48, 000000, 000000, 3.7405499420703806e-05, 3.7405499420703806e-05, 0.9997755670034757 0.0002244329965242229, 
49, 000000, 000000, 3.9080737683768785e-05, 3.9080737683768785e-05, 0.9997655155738975 0.00023448442610261272, 
50, 000000, 000000, 4.12217250957419e-05, 4.12217250957419e-05, 0.9997526696494256 0.00024733035057445145, 
51, 000000, 000000, 3.929175372540773e-05, 3.929175372540773e-05, 0.9997642494776476 0.00023575052235244638, 
52, 000000, 000000, 0.000496106459671471, 0.000496106459671471, 0.9983804974417617 0.00026236635844778023 0.001357136199790523, 
53, 000000, 000000, 4.337809495021174e-05, 4.337809495021174e-05, 0.9997397314302987 0.0002602685697012705, 
54, 000000, 000000, 4.399824010729375e-05, 4.399824010729375e-05, 0.9997360105593562 0.00026398944064376254, 
55, 000000, 000000, 4.409293437034362e-05, 4.409293437034362e-05, 0.999735442393778 0.00026455760622206176, 
56, 000000, 000000, 3.767332780952624e-05, 3.767332780952624e-05, 0.9997739600331428 0.00022603996685715744, 
57, 000000, 000000, 4.286415537479791e-05, 4.286415537479791e-05, 0.9997428150677512 0.0002571849322487875, 
58, 000000, 000000, 4.3317096052405435e-05, 4.3317096052405435e-05, 0.9997400974236855 0.0002599025763144326, 
59, 000000, 000000, 4.51531051428154e-05, 4.51531051428154e-05, 0.9997290813691431 0.0002709186308568924, 
60, 000000, 000000, 4.434523791039481e-05, 4.434523791039481e-05, 0.9997339285725376 0.0002660714274623689, 
61, 000000, 000000, 3.944634513425082e-05, 3.944634513425082e-05, 0.9997636576934437 0.0002360065423074003 3.3576424905232016e-07, 
62, 000000, 000000, 3.983191522085033e-05, 3.983191522085033e-05, 0.9997610085086749 0.000238991491325102, 
63, 000000, 000000, 3.773171602171934e-05, 3.773171602171934e-05, 0.9997736097038697 0.00022639029613031605, 
64, 000000, 000000, 3.8765006566204936e-05, 3.8765006566204936e-05, 0.9997674099606028 0.0002325900393972296, 
65, 000000, 000000, 3.750617940317706e-05, 3.750617940317706e-05, 0.9997749629235809 0.00022503707641906236, 
66, 000000, 000000, 3.702895567550774e-05, 3.702895567550774e-05, 0.9997778262659469 0.00022217373405304647, 
67, 000000, 000000, 3.85235498378313e-05, 3.85235498378313e-05, 0.9997688587009731 0.00023114129902698785, 
68, 000000, 000000, 3.795424452409001e-05, 3.795424452409001e-05, 0.9997722745328554 0.00022772546714454006, 
69, 000000, 000000, 4.146185406453907e-05, 4.146185406453907e-05, 0.9997512288756129 0.0002487711243872344, 
70, 000000, 000000, 4.713124487928404e-05, 4.713124487928404e-05, 0.9997172125307243 0.0002827874692757043, 
71, 000000, 000000, 3.8353205675407204e-05, 3.8353205675407204e-05, 0.9997698807659476 0.00023011923405244324, 
72, 000000, 000000, 4.38053424671149e-05, 4.38053424671149e-05, 0.9997371679451973 0.0002628320548026894, 
73, 000000, 000000, 3.9788703189668135e-05, 3.9788703189668135e-05, 0.9997612677808619 0.00023873221913800884, 
74, 000000, 000000, 4.6096442705343305e-05, 4.6096442705343305e-05, 0.999723421343768 0.0002765786562320599, 
75, 000000, 000000, 4.146633361149468e-05, 4.146633361149468e-05, 0.999751880442921 0.0002474411124891934 6.784445898873464e-07, 
76, 000000, 000000, 4.6489878026430847e-05, 4.6489878026430847e-05, 0.9997210607318414 0.0002789392681585851, 
77, 000000, 000000, 4.202302086581963e-05, 4.202302086581963e-05, 0.999747861874805 0.0002521381251949178, 
78, 000000, 000000, 4.3131200435759404e-05, 4.3131200435759404e-05, 0.9997412127973854 0.00025878720261455644, 
79, 000000, 000000, 3.940197447433365e-05, 3.940197447433365e-05, 0.9997635881531539 0.00023641184684600192, 
80, 000000, 000000, 4.044212340677544e-05, 4.044212340677544e-05, 0.9997573472595593 0.0002426527404406527, 
81, 000000, 000000, 4.1749628061039126e-05, 4.1749628061039126e-05, 0.9997495022316337 0.0002504977683662348, 
82, 000000, 000000, 4.172346747797182e-05, 4.172346747797182e-05, 0.9997496591951321 0.0002503408048678309, 
83, 000000, 000000, 4.747143972703146e-05, 4.747143972703146e-05, 0.9997151713616378 0.0002848286383621888, 
84, 000000, 000000, 4.0120421713300465e-05, 4.0120421713300465e-05, 0.9997592774697203 0.0002407225302798028, 
85, 000000, 000000, 3.740518425839774e-05, 3.740518425839774e-05, 0.9997755688944496 0.00022443110555038653, 
86, 000000, 000000, 3.6786622558960774e-05, 3.6786622558960774e-05, 0.9997792802646462 0.00022071973535376464, 
87, 000000, 000000, 3.768792639544041e-05, 3.768792639544041e-05, 0.9997738724416273 0.00022612755837264246, 
88, 000000, 000000, 4.072259655669586e-05, 4.072259655669586e-05, 0.9997557092523233 0.00024424591601337814 4.4831663398515604e-08, 
89, 000000, 000000, 4.267679124456194e-05, 4.267679124456194e-05, 0.9997439392525326 0.00025606074746737165, 
90, 000000, 000000, 3.941680232851843e-05, 3.941680232851843e-05, 0.9997634991860289 0.0002365008139711106, 
91, 000000, 000000, 4.263291460095394e-05, 4.263291460095394e-05, 0.9997442025123944 0.00025579748760572364, 
92, 000000, 000000, 4.354811007249128e-05, 4.354811007249128e-05, 0.9997387113395652 0.00026128866043494765, 
93, 000000, 000000, 4.297487675289164e-05, 4.297487675289164e-05, 0.9997421507394826 0.00025784926051734987, 
94, 000000, 000000, 3.537125194589777e-05, 3.537125194589777e-05, 0.9997877724883246 0.00021222751167538663, 
95, 000000, 000000, 3.57683084232808e-05, 3.57683084232808e-05, 0.9997853901494603 0.00021460985053968482, 
96, 000000, 000000, 4.0537867618942675e-05, 4.0537867618942675e-05, 0.9997567727942864 0.00024322720571365604, 
97, 000000, 000000, 4.6028843282751585e-05, 4.6028843282751585e-05, 0.9997238269403035 0.00027617305969650956, 
98, 000000, 000000, 3.8729952468628736e-05, 3.8729952468628736e-05, 0.9997676202851883 0.00023237971481177244, 
99, 000000, 000000, 3.983127677494319e-05, 3.983127677494319e-05, 0.9997610123393502 0.00023898766064965919, 
100, 000000, 000000, 4.385822508822933e-05, 4.385822508822933e-05, 0.9997368506494706 0.00026314935052937604, 
run, initial grid state, final grid state, mean grid cell occupancy, mean binding site occupancy, fraction of time with N TFs bound, warning
1, 000000, 000000, 4.63499664748015e-05, 4.63499664748015e-05, 0.9997219002011511 0.000278099798848809, 
2, 000000, 000000, 4.457891740750477e-05, 4.457891740750477e-05, 0.999732526495555 0.0002674735044450286, 
3, 000000, 000000, 4.144626517960334e-05, 4.144626517960334e-05, 0.9997513224089224 0.0002486775910776201, 
4, 000000, 000000, 4.075528991534522e-05, 4.075528991534522e-05, 0.9997554682605079 0.00024453173949207134, 
5, 000000, 000000, 4.336496963304201e-05, 4.336496963304201e-05, 0.9997398101822017 0.00026018981779825205, 
6, 000000, 000000, 4.6498197510207124e-05, 4.6498197510207124e-05, 0.9997210108149388 0.00027898918506124275, 
7, 000000, 000000, 4.345967628509515e-05, 4.345967628509515e-05, 0.9997392419422895 0.0002607580577105709, 
8, 000000, 000000, 4.257471174916496e-05, 4.257471174916496e-05, 0.999744551729505 0.00025544827049498977, 
9, 000000, 000000, 4.5204443519802254e-05, 4.5204443519802254e-05, 0.9997287733388812 0.0002712266611188135, 
10, 000000, 000000, 4.3211125391612624e-05, 4.3211125391612624e-05, 0.9997407332476503 0.00025926675234967574, 
11, 000000, 000000, 3.8807663438951437e-05, 3.8807663438951437e-05, 0.9997671540193663 0.00023284598063370865, 
12, 000000, 000000, 4.298805737673134e-05, 4.298805737673134e-05, 0.9997420716557396 0.0002579283442603881, 
13, 000000, 000000, 3.876224256031453e-05, 3.876224256031453e-05, 0.9997674265446381 0.0002325734553618872, 
14, 000000, 000000, 4.275427229084429e-05, 4.275427229084429e-05, 0.9997434743662549 0.0002565256337450657, 
15, 000000, 000000, 4.426807001952983e-05, 4.426807001952983e-05, 0.9997343915798829 0.00026560842011717897, 
16, 000000, 000000, 4.2916902621670414e-05, 4.2916902621670414e-05, 0.9997424985842699 0.0002575014157300225, 
17, 000000, 000000, 3.910201599861473e-05, 3.910201599861473e-05, 0.9997653879040084 0.0002346120959916884, 
18, 000000, 000000, 3.939285342031668e-05, 3.939285342031668e-05, 0.999763642879478 0.00023635712052190008, 
19, 000000, 000000, 3.9855978574025486e-05, 3.9855978574025486e-05, 0.9997608641285558 0.00023913587144415292, 
20, 000000, 000000, 4.50187489528948e-05, 4.50187489528948e-05, 0.9997298875062827 0.00027011249371736883, 
21, 000000, 000000, 4.651605183412172e-05, 4.651605183412172e-05, 0.9997209036889952 0.0002790963110047304, 
22, 000000, 000000, 3.770054161747466e-05, 3.770054161747466e-05, 0.9997737967502952 0.00022620324970484796, 
23, 000000, 000000, 4.125087778096382e-05, 4.125087778096382e-05, 0.9997524947333142 0.00024750526668578296, 
24, 000000, 000000, 3.877448442965746e-05, 3.877448442965746e-05, 0.999767353093422 0.00023264690657794472, 
25, 000000, 000000, 0.0003502636824519692, 0.0003502636824519692, 0.9988101940217119 0.00027802986186414776 0.0009117761164238338, 
26, 000000, 000000, 4.322074896748687e-05, 4.322074896748687e-05, 0.9997406755061952 0.00025932449380492123, 
27, 000000, 000000, 3.8172298514951486e-05, 3.8172298514951486e-05, 0.9997709662089103 0.00022903379108970895, 
28, 000000, 000000, 4.3194109011379676e-05, 4.3194109011379676e-05, 0.9997408353459317 0.00025916465406827804, 
29, 000000, 000000, 4.074517734407845e-05, 4.074517734407845e-05, 0.9997555289359354 0.00024447106406447075, 
30, 000000, 000000, 4.485055179615696e-05, 4.485055179615696e-05, 0.999730896689223 0.0002691033107769418, 
31, 000000, 000000, 4.426156317587901e-05, 4.426156317587901e-05, 0.9997344306209447 0.00026556937905527404, 
32, 000000, 000000, 3.717074107833479e-05, 3.717074107833479e-05, 0.9997770638199956 0.00022284791353868096 8.82664656639099e-08, 
33, 000000, 000000, 4.329276339169709e-05, 4.329276339169709e-05, 0.9997402434196498 0.00025975658035018255, 
34, 000000, 000000, 4.484374055929925e-05, 4.484374055929925e-05, 0.9997309375566442 0.0002690624433557955, 
35, 000000, 000000, 4.055753302198454e-05, 4.055753302198454e-05, 0.9997566548018681 0.0002433451981319072, 
36, 000000, 000000, 4.5252351587738855e-05, 4.5252351587738855e-05, 0.9997287154602365 0.0002710549700006563 2.295697628884088e-07, 
37, 000000, 000000, 4.276405829783883e-05, 4.276405829783883e-05, 0.9997435834716869 0.0002562487068391094 1.678214739617847e-07, 
38, 000000, 000000, 3.864222687565958e-05, 3.864222687565958e-05, 0.9997681477313831 0.00023185117597979358 1.0926370819409686e-09, 
39, 000000, 000000, 4.9343284618859166e-05, 4.9343284618859166e-05, 0.9997039402922867 0.00029605970771315505, 
40, 000000, 000000, 3.8795125060049695e-05, 3.8795125060049695e-05, 0.9997672292496398 0.00023277075036029816, 
41, 000000, 000000, 3.844864374259985e-05, 3.844864374259985e-05, 0.9997693081375445 0.00023069186245559912, 
42, 000000, 000000, 4.067613836665948e-05, 4.067613836665948e-05, 0.9997559431698001 0.00024405683019995686, 
43, 000000, 000000, 4.390242390656784e-05, 4.390242390656784e-05, 0.9997365854565605 0.00026341454343940704, 
44, 000000, 000000, 3.9011340563528783e-05, 3.9011340563528783e-05, 0.9997659319566189 0.00023406804338117271, 
45, 000000, 000000, 3.847241372477972e-05, 3.847241372477972e-05, 0.9997691655176514 0.00023083448234867835, 
46, 000000, 000000, 3.634916079449341e-05, 3.634916079449341e-05, 0.999781905035233 0.00021809496476696042, 
47, 000000, 000000, 4.310061668111277e-05, 4.310061668111277e-05, 0.9997413962999133 0.0002586037000866766, 
48, 000000, 000000, 4.2265652981965634e-05, 4.2265652981965634e-05, 0.9997464060821083 0.0002535939178917938, 
49, 000000, 000000, 4.068155954346481e-05, 4.068155954346481e-05, 0.9997559106427392 0.0002440893572607889, 
50, 000000, 000000, 4.101672306947262e-05, 4.101672306947262e-05, 0.9997538996615831 0.0002461003384168357, 
51, 000000, 000000, 4.76533836773478e-05, 4.76533836773478e-05, 0.9997140796979358 0.0002859203020640868, 
52, 000000, 000000, 4.578387604470678e-05, 4.578387604470678e-05, 0.9997252967437317 0.0002747032562682407, 
53, 000000, 000000, 4.398869459414662e-05, 4.398869459414662e-05, 0.9997360678324351 0.0002639321675648797, 
54, 000000, 000000, 4.335509398075862e-05, 4.335509398075862e-05, 0.9997398694361154 0.00026013056388455175, 
55, 000000, 000000, 4.286817005040194e-05, 4.286817005040194e-05, 0.9997427909796975 0.0002572090203024116, 
56, 000000, 000000, 4.0045344864162164e-05, 4.0045344864162164e-05, 0.999759727930815 0.00024027206918497297, 
57, 000000, 000000, 4.366085169963774e-05, 4.366085169963774e-05, 0.9997380348898023 0.00026196511019782647, 
58, 000000, 000000, 4.527059620598231e-05, 4.527059620598231e-05, 0.9997283764227641 0.0002716235772358939, 
59, 000000, 000000, 4.377843417042821e-05, 4.377843417042821e-05, 0.9997373293949774 0.00026267060502256927, 
60, 000000, 000000, 3.900974438127352e-05, 3.900974438127352e-05, 0.9997659415337125 0.00023405846628764108, 
61, 000000, 000000, 4.2393071976952575e-05, 4.2393071976952575e-05, 0.9997456415681383 0.00025435843186171544, 
62, 000000, 000000, 4.587976325177128e-05, 4.587976325177128e-05, 0.9997247214204894 0.00027527857951062775, 
63, 000000, 000000, 3.359484260004457e-05, 3.359484260004457e-05, 0.9997984309443997 0.0002015690556002674, 
64, 000000, 000000, 4.5295998646296584e-05, 4.5295998646296584e-05, 0.9997282240081223 0.0002717759918777795, 
65, 000000, 000000, 3.8514742581315616e-05, 3.8514742581315616e-05, 0.9997689115445121 0.0002310884554878937, 
66, 000000, 000000, 4.3772859701840824e-05, 4.3772859701840824e-05, 0.9997373628417889 0.000262637158211045, 
67, 000000, 000000, 4.785928390435396e-05, 4.785928390435396e-05, 0.9997128442965739 0.0002871557034261238, 
68, 000000, 000000, 4.464954953026251e-05, 4.464954953026251e-05, 0.9997321027028185 0.0002678972971815751, 
69, 000000, 000000, 4.0269217236151116e-05, 4.0269217236151116e-05, 0.9997583846965831 0.0002416153034169067, 
70, 000000, 000000, 4.033313705680122e-05, 4.033313705680122e-05, 0.9997580011776592 0.00024199882234080737, 
71, 000000, 000000, 3.221590966778245e-05, 3.221590966778245e-05, 0.9998067045419933 0.0001932954580066947, 
72, 000000, 000000, 4.7034715495056815e-05, 4.7034715495056815e-05, 0.9997177917070297 0.0002822082929703409, 
73, 000000, 000000, 3.901981213537532e-05, 3.901981213537532e-05, 0.9997658811271878 0.00023411887281225193, 
74, 000000, 000000, 3.901823456252555e-05, 3.901823456252555e-05, 0.9997658905926249 0.0002341094073751533, 
75, 000000, 000000, 3.9727873810888136e-05, 3.9727873810888136e-05, 0.9997616327571347 0.0002383672428653288, 
76, 000000, 000000, 3.983913863984771e-05, 3.983913863984771e-05, 0.9997609651681608 0.00023903483183908628, 
77, 000000, 000000, 3.8079742229253054e-05, 3.8079742229253054e-05, 0.9997715215466244 0.0002284784533755184, 
78, 000000, 000000, 3.9810335949069467e-05, 3.9810335949069467e-05, 0.9997611379843057 0.0002388620156944168, 
79, 000000, 000000, 3.9592600713181045e-05, 3.9592600713181045e-05, 0.9997624443957209 0.00023755560427908627, 
80, 000000, 000000, 4.3266332712213305e-05, 4.3266332712213305e-05, 0.9997405796441382 0.00025924271545025353 1.776404115131923e-07, 
81, 000000, 000000, 4.2895823811904566e-05, 4.2895823811904566e-05, 0.9997426250571286 0.00025737494287142736, 
82, 000000, 000000, 0.00544012422729708, 0.00544012422729708, 0.9839972565585736 0.0002486884005904317 0.014870108159315925 0.0008839468815200668, 
83, 000000, 000000, 3.816476965008314e-05, 3.816476965008314e-05, 0.9997710113820995 0.00022898861790049884, 
84, 000000, 000000, 3.901956447176028e-05, 3.901956447176028e-05, 0.9997658826131695 0.00023411738683056172, 
85, 000000, 000000, 4.2425066399774955e-05, 4.2425066399774955e-05, 0.9997454496016013 0.0002545503983986497, 
86, 000000, 000000, 3.9163396060761794e-05, 3.9163396060761794e-05, 0.9997650196236355 0.00023498037636457075, 
87, 000000, 000000, 4.06347509984196e-05, 4.06347509984196e-05, 0.9997561914940095 0.0002438085059905176, 
88, 000000, 000000, 4.3339142964257965e-05, 4.3339142964257965e-05, 0.9997399651422144 0.00026003485778554786, 
89, 000000, 000000, 4.506229347855524e-05, 4.506229347855524e-05, 0.9997296262391286 0.0002703737608713315, 
90, 000000, 000000, 3.820787819602166e-05, 3.820787819602166e-05, 0.9997707527308238 0.00022924726917612995, 
91, 000000, 000000, 4.286142487222153e-05, 4.286142487222153e-05, 0.9997430526018309 0.0002567262471046282 2.2115106435049145e-07, 
92, 000000, 000000, 3.564387463049445e-05, 3.564387463049445e-05, 0.9997861367522171 0.0002138632477829667, 
93, 000000, 000000, 3.7000868705785866e-05, 3.7000868705785866e-05, 0.9997779947877653 0.0002220052122347152, 
94, 000000, 000000, 4.307998954820959e-05, 4.307998954820959e-05, 0.9997415200627108 0.0002584799372892575, 
95, 000000, 000000, 3.5208564779196106e-05, 3.5208564779196106e-05, 0.9997887486113248 0.00021125138867517665, 
96, 000000, 000000, 4.423207448846174e-05, 4.423207448846174e-05, 0.9997346075530692 0.0002653924469307704, 
97, 000000, 000000, 3.549634873378286e-05, 3.549634873378286e-05, 0.9997870219075973 0.00021297809240269715, 
98, 000000, 000000, 3.630590407002894e-05, 3.630590407002894e-05, 0.9997821645755799 0.00021783542442017367, 
99, 000000, 000000, 4.157269610665272e-05, 4.157269610665272e-05, 0.9997505638233601 0.00024943617663991636, 
100, 000000, 000000, 4.4218649393723165e-05, 4.4218649393723165e-05, 0.9997346881036376 0.000265311896362339, 
run, initial grid state, final grid state, mean grid cell occupancy, mean binding site occupancy, fraction of time with N TFs bound, warning
1, 000000, 000000, 3.887197819500603e-05, 3.887197819500603e-05, 0.9997668126138695 0.00023314290309096574 4.448303953522727e-08, 
2, 000000, 000000, 4.145989077168137e-05, 4.145989077168137e-05, 0.9997512406553699 0.0002487593446300882, 
3, 000000, 000000, 4.151698958322163e-05, 4.151698958322163e-05, 0.9997508980625006 0.0002491019374993298, 
4, 000000, 000000, 4.021619570069835e-05, 4.021619570069835e-05, 0.9997587028257959 0.0002412971742041901, 
5, 000000, 000000, 3.760446078367176e-05, 3.760446078367176e-05, 0.999774373235298 0.00022562676470203058, 
6, 000000, 000000, 4.6363262881078705e-05, 4.6363262881078705e-05, 0.9997218204227135 0.00027817957728647224, 
7, 000000, 000000, 3.795387492739602e-05, 3.795387492739602e-05, 0.9997722767504356 0.00022772324956437615, 
8, 000000, 000000, 4.6494269605041247e-05, 4.6494269605041247e-05, 0.9997210343823697 0.0002789656176302475, 
9, 000000, 000000, 3.6864248692253156e-05, 3.6864248692253156e-05, 0.9997788145078464 0.00022118549215351894, 
10, 000000, 000000, 4.02644046671367e-05, 4.02644046671367e-05, 0.9997584135719971 0.00024158642800282018, 
11, 000000, 000000, 4.477264323780848e-05, 4.477264323780848e-05, 0.9997313641405731 0.0002686358594268509, 
12, 000000, 000000, 4.595111561492946e-05, 4.595111561492946e-05, 0.9997242933063104 0.0002757066936895768, 
13, 000000, 000000, 4.0530356079061466e-05, 4.0530356079061466e-05, 0.9997568178635257 0.0002431821364743688, 
14, 000000, 000000, 4.2851644922739494e-05, 4.2851644922739494e-05, 0.9997428901304636 0.00025710986953643704, 
15, 000000, 000000, 4.413039222629829e-05, 4.413039222629829e-05, 0.9997352176466422 0.0002647823533577897, 
16, 000000, 000000, 0.0039815596727668275, 0.0039815596727668275, 0.9897533163172231 0.00023922659620494624 0.006372602480185088 0.0036344919455217743 3.626608651308786e-07, 
17, 000000, 000000, 3.7735656649700425e-05, 3.7735656649700425e-05, 0.9997735860601018 0.00022641393989820258, 
18, 000000, 000000, 3.110655364495628e-05, 3.110655364495628e-05, 0.9998133606781303 0.00018663932186973768, 
19, 000000, 000000, 4.648374748199794e-05, 4.648374748199794e-05, 0.9997210975151081 0.0002789024848919876, 
20, 000000, 000000, 3.821527836294874e-05, 3.821527836294874e-05, 0.9997707083298223 0.00022929167017769243, 
21, 000000, 000000, 3.907903614719531e-05, 3.907903614719531e-05, 0.999765685787901 0.00023415420731463956 1.6000478426615394e-07, 
22, 000000, 000000, 4.013305869791279e-05, 4.013305869791279e-05, 0.9997592016478124 0.00024079835218747677, 
23, 000000, 000000, 4.064546213374258e-05, 4.064546213374258e-05, 0.9997561272271975 0.0002438727728024555, 
24, 000000, 000000, 4.314702127996299e-05, 4.314702127996299e-05, 0.9997411178723202 0.000258882127679778, 
25, 000000, 000000, 3.8982393169413714e-05, 3.8982393169413714e-05, 0.9997661056409836 0.0002338943590164823, 
26, 000000, 000000, 4.776960243605782e-05, 4.776960243605782e-05, 0.9997133823853837 0.00028661761461634694, 
27, 000000, 000000, 4.804391573025001e-05, 4.804391573025001e-05, 0.9997117365056184 0.0002882634943815001, 
28, 000000, 000000, 4.324193011126155e-05, 4.324193011126155e-05, 0.9997405484193324 0.0002594515806675693, 
29, 000000, 000000, 3.9523742692116046e-05, 3.9523742692116046e-05, 0.9997628575438473 0.00023714245615269632, 
30, 000000, 000000, 4.747038109702042e-05, 4.747038109702042e-05, 0.9997151777134179 0.00028482228658212257, 
31, 000000, 000000, 3.75776563360134e-05, 3.75776563360134e-05, 0.999774534061984 0.00022546593801608042, 
32, 000000, 000000, 4.728330864993914e-05, 4.728330864993914e-05, 0.9997163001481003 0.0002836998518996348, 
33, 000000, 000000, 4.197106006339598e-05, 4.197106006339598e-05, 0.9997481736396195 0.0002518263603803759, 
34, 000000, 000000, 3.980996540936448e-05, 3.980996540936448e-05, 0.9997611402075438 0.00023885979245618692, 
35, 000000, 000000, 4.1554837761122195e-05, 4.1554837761122195e-05, 0.9997506709734333 0.0002493290265667332, 
36, 000000, 000000, 4.354889256317847e-05, 4.354889256317847e-05, 0.999738706644621 0.0002612933553790709, 
37, 000000, 000000, 4.085022534583108e-05, 4.085022534583108e-05, 0.999754898647925 0.0002451013520749865, 
38, 000000, 000000, 4.5178866646756814e-05, 4.5178866646756814e-05, 0.9997289268001194 0.00027107319988054087, 
39, 000000, 000000, 3.760524138135022e-05, 3.760524138135022e-05, 0.9997743685517119 0.0002256314482881013, 
40, 000000, 000000, 3.8681839343221585e-05, 3.8681839343221585e-05, 0.9997679089639406 0.00023209103605932954, 
41, 000000, 000000, 4.283800892391916e-05, 4.283800892391916e-05, 0.9997429719464564 0.00025702805354351497, 
42, 000000, 000000, 3.869347859389969e-05, 3.869347859389969e-05, 0.9997678391284367 0.0002321608715633981, 
43, 000000, 000000, 4.4054355658497894e-05, 4.4054355658497894e-05, 0.999735673866049 0.0002643261339509874, 
44, 000000, 000000, 4.509922913663754e-05, 4.509922913663754e-05, 0.9997294046251801 0.00027059537481982524, 
45, 000000, 000000, 3.9210978435496793e-05, 3.9210978435496793e-05, 0.999764734129387 0.00023526587061298076, 
46, 000000, 000000, 4.2426516887678326e-05, 4.2426516887678326e-05, 0.9997454408986739 0.00025455910132607, 
47, 000000, 000000, 4.823988610528549e-05, 4.823988610528549e-05, 0.9997105606833683 0.000289439316631713, 
48, 000000, 000000, 3.705701855149397e-05, 3.705701855149397e-05, 0.999777657888691 0.0002223421113089638, 
49, 000000, 000000, 3.762682177184585e-05, 3.762682177184585e-05, 0.9997742390693689 0.0002257609306310751, 
50, 000000, 000000, 3.816130027284564e-05, 3.816130027284564e-05, 0.9997710321983629 0.00022896780163707387, 
51, 000000, 000000, 3.582773254753681e-05, 3.582773254753681e-05, 0.9997850336047147 0.00021496639528522087, 
52, 000000, 000000, 4.168459891289178e-05, 4.168459891289178e-05, 0.9997498924065227 0.0002501075934773507, 
53, 000000, 000000, 4.824283839773334e-05, 4.824283839773334e-05, 0.9997105429696135 0.00028945703038640006, 
