run, initial grid state, final grid state, mean grid cell occupancy, mean binding site occupancy, fraction of time with N TFs bound, warning
1, 0000000000, 0000000000, 2.758088324667634e-05, 4.575370907950287e-05, 0.999725477745523 0.00027452225447701723, 
2, 0000000000, 0000000000, 2.618646276852829e-05, 4.3435697292007554e-05, 0.9997394419977417 0.00026050182076484493 5.6181493600209545e-08, 
3, 0000000000, 0000000000, 2.659871819600726e-05, 4.411279210377654e-05, 0.9997353232473775 0.0002646767526226592, 
4, 0000000000, 0000000000, 2.7653249802542297e-05, 4.58540990992115e-05, 0.9997249333936999 0.00027500861800484 5.798829521451677e-08, 
5, 0011111100, 0000000000, 0.1689781378153804, 0.28017479300121295, 0.6689261543907998 0.0001873023857393151 0.0057850307359754325 0.02411463919930624 0.04891075111118975 0.11115226095502705 0.14092386122196235, 
6, 0000000000, 0000000000, 2.789512679636871e-05, 4.627805651800996e-05, 0.999722331660892 0.0002776683391080598, 
7, 0000000000, 0000000000, 2.8342765934790755e-05, 4.700571065380144e-05, 0.9997180104281491 0.0002819448797788885 4.469207196008591e-08, 
8, 0000000000, 0000000000, 2.643335479081561e-05, 4.382214924735969e-05, 0.9997370965796627 0.00026287394519052643 2.9475146815890353e-08, 
9, 0000000000, 0000000000, 0.0011896209876929617, 0.001982481201240885, 0.9948168674811032 0.00025735990243537873 0.003140050476285957 0.0017854622082639875 2.599319115139189e-07, 
10, 0000000000, 0000000000, 2.59556903973646e-05, 4.3027440037152414e-05, 0.9997418684036355 0.0002580985525060399 3.3043858437311076e-08, 
11, 0000000000, 0000000000, 6.302721195350902e-05, 0.00010482989455312119, 0.9995473606857913 0.00027629926109870893 0.00017634005311000913, 
12, 0000000000, 0000000000, 2.7572961292423456e-05, 4.574455129364388e-05, 0.9997255326922382 0.0002744673077618634, 
13, 0000000000, 0000000000, 0.0016697610894672679, 0.0027827122854839166, 0.9927691561416999 0.0002738792724196824 0.004448521604960532 0.002508420693116869 2.2287803036825996e-08, 
14, 0000000000, 0000000000, 2.4969090978917655e-05, 4.140255835626353e-05, 0.9997515846498625 0.00024841535013758124, 
15, 0000000000, 0000000000, 2.679377698507024e-05, 4.44289382162351e-05, 0.9997334263707027 0.0002665736292974106, 
16, 0000000000, 0000000000, 4.283823702463564e-05, 5.752224267560605e-05, 0.9996548665439464 0.00034513345605363633, 
17, 0000000000, 0000000000, 2.7613865424311052e-05, 4.58174025723499e-05, 0.9997252495582807 0.0002745964680046241 1.5397371473766508e-07, 
18, 0000000000, 0000000000, 3.383523213260721e-05, 5.086280482472094e-05, 0.9996948231710517 0.0003051768289483256, 
19, 0000000000, 0000000000, 0.13062452757400222, 0.21635518782812996, 0.7404624306447299 0.00020030955841697772 0.00553638882072074 0.01963886520081097 0.04229968232929357 0.0924312258268527 0.09943109761917508, 
20, 0000000000, 0000000000, 2.7014357406124013e-05, 4.479708649564198e-05, 0.9997312760625363 0.00026866535595330916 5.858151027134486e-08, 
21, 0000000000, 0000000000, 2.7752778105072722e-05, 4.602637673994507e-05, 0.9997238417395602 0.00027615826043967046, 
22, 0000000000, 0000000000, 3.5417826295736034e-05, 5.2431087674436585e-05, 0.9996854134739533 0.00031458652604661957, 
23, 0000000000, 0011111100, 0.03708840314299999, 0.061320691456210434, 0.9207431023479193 0.00023454283473557894 0.002591122007089796 0.012032724891483555 0.018686070384341648 0.022609719530049956 0.023102718004380064, 
24, 0000000000, 0000000000, 2.7098253209763826e-05, 4.495496255375921e-05, 0.9997302702246775 0.00026972977532255525, 
25, 0000000000, 0000000000, 2.814136683820201e-05, 4.6682236103778494e-05, 0.9997199236630727 0.0002800592572318581 1.707969540641421e-08, 
26, 0000000000, 0000000000, 2.6611586921189282e-05, 4.412365574138822e-05, 0.9997352991375588 0.0002646597904342887 4.107200702031453e-08, 
27, 0000000000, 0000000000, 2.640011231485496e-05, 4.378269822436242e-05, 0.9997373038106538 0.0002626961893461745, 
28, 0000000000, 0000000000, 2.6419729178706652e-05, 4.3811040912000165e-05, 0.999737133754528 0.000262866245472001, 
29, 0000000000, 0000000000, 2.8442667374369946e-05, 4.719092162239772e-05, 0.9997168544702656 0.00028314552973438635, 
30, 0000000000, 0000000000, 0.19669694213986644, 0.32577060987843304, 0.6127243467022067 0.00018958949399486183 0.02355641866207452 0.019097055402846022 0.05687346803908407 0.10281853611118333 0.18474058558861062, 
31, 0000000000, 0000000000, 2.6634417338241547e-05, 4.41699651932081e-05, 0.9997349802088407 0.00026501979115924865, 
32, 0000000000, 0000000000, 2.776266791637453e-05, 4.606183429919478e-05, 0.9997236289942047 0.0002763710057951687, 
33, 0000000000, 0000000000, 0.013854282560226014, 0.02290576620354176, 0.9697224820109355 0.00026401297034616496 0.0010933173452008754 0.005498387390624684 0.009642088952780188 0.0027578364031673273 0.011021874926945204, 
34, 0000000000, 0000000000, 2.7508010900140025e-05, 4.562619155471112e-05, 0.9997262428506717 0.0002737571493282668, 
35, 0000000000, 0000000000, 0.08215793321605379, 0.13617504460530505, 0.832834587548181 0.0002118604305324598 0.007312073607951657 0.023090518529367218 0.023560925827743634 0.039241203251026126 0.07374883080519792, 
36, 0000000000, 0000000000, 2.5578799186824572e-05, 4.242180028084225e-05, 0.9997455773261478 0.0002543145460193198 1.0812783286685034e-07, 
37, 0000000000, 0000000000, 2.6214115314195082e-05, 4.34630844900197e-05, 0.9997392214930599 0.0002607785069401182, 
38, 0000000000, 0000000000, 0.01524834338208097, 0.02523261056619738, 0.9670692629931742 0.00026152617884816256 0.0029583491096266106 0.00618785521310477 0.0034565102048229033 0.00757114526206323 0.01249535103836014, 
39, 0000000000, 0000000000, 2.5462906822039037e-05, 4.222483940723461e-05, 0.9997466509635565 0.0002533490364434077, 
40, 0000000000, 0000000000, 2.6347415464940565e-05, 4.371299702024874e-05, 0.9997377220178785 0.0002622779821214924, 
41, 0000000000, 0000000000, 2.640039259121168e-05, 4.3787012565574265e-05, 0.9997374304884269 0.0002624169477528804 1.5256382028261818e-07, 
42, 0000000000, 0000000000, 2.7243576842683422e-05, 4.5162879291126176e-05, 0.9997290227242532 0.00027097727574675707, 
43, 0000000000, 0000000000, 6.195347648629779e-05, 7.330034992810786e-05, 0.9995601979004314 0.00043980209956864715, 
44, 0000000000, 0000000000, 2.608190060586282e-05, 4.326772786201288e-05, 0.999740393632828 0.00025960636717207726, 
45, 0000000000, 0000000000, 2.7374003642986326e-05, 4.540496264949588e-05, 0.9997276200940255 0.0002723300360520982 4.986992243854772e-08, 
46, 0000000000, 0000000000, 0.005615434927093239, 0.00932413152663816, 0.9799720760070189 0.0002591586279037192 0.005784460586912631 0.011820572902630168 0.0021636687274636537 6.314807097117106e-08, 
47, 0000000000, 0000000000, 2.7654104326739e-05, 4.588637072229092e-05, 0.9997246817756663 0.0002753182243337455, 
48, 0000000000, 0000000000, 2.7414788446847418e-05, 4.54710254429002e-05, 0.9997271738473426 0.00027282615265740125, 
49, 0000000000, 0000000000, 0.00015746472566625127, 0.00026223104276013536, 0.9990812652653072 0.00026408321282493354 0.0006546515218679393, 
50, 0000000000, 0000000000, 2.741739236597905e-05, 4.548125222484715e-05, 0.9997271124866509 0.00027288751334908295, 
51, 0000000000, 0000000000, 2.653278087393386e-05, 4.3988882167436424e-05, 0.9997362270855021 0.0002636125359910876 1.6037850676547912e-07, 
52, 0000000000, 0000000000, 2.641479051495199e-05, 4.379103994760754e-05, 0.9997372584489388 0.00026273686243701743 4.688624313899448e-09, 
53, 0000000000, 0000000000, 0.01851136892199411, 0.03076715475863204, 0.9546884524480392 0.0002557554836993355 0.004490113034179792 0.004798964643928607 0.020726726600450288 0.012176780072069876 0.0028632077176328355, 
54, 0000000000, 0000000000, 2.7811598699126603e-05, 4.612301027428585e-05, 0.9997232619383543 0.0002767380616457151, 
55, 0000000000, 0000000000, 2.5842947963613197e-05, 4.2852886532365174e-05, 0.9997428826808059 0.00025711731919419106, 
56, 0000000000, 0000000000, 2.5629622991810054e-05, 4.248750594955626e-05, 0.9997451432651171 0.00025478843406822227 6.830081455764316e-08, 
57, 0000000000, 0000000000, 2.6516062632110298e-05, 4.3970508568566845e-05, 0.9997363076671268 0.00026356161433490054 1.3071853825024195e-07, 
58, 0000000000, 0000000000, 2.9218569376680627e-05, 4.84784160945667e-05, 0.9997091434193747 0.0002908426646831608 1.3915942119700567e-08, 
59, 0000000000, 0000000000, 2.5981704528050175e-05, 4.309388227666351e-05, 0.9997414367063401 0.00025856329365998105, 
60, 0000000000, 0000000000, 2.7864259112188977e-05, 4.6216458508126146e-05, 0.9997227012489514 0.00027729875104875686, 
61, 0000000000, 0000000000, 3.088127731694388e-05, 4.78688130143347e-05, 0.999712787121914 0.0002872128780860082, 
62, 0000000000, 0000000000, 0.0011796874104040684, 0.0019447427410654967, 0.994904903959318 0.0002642636395625762 0.0030885148641226403 0.0017421070694019678 2.104675948052179e-07, 
63, 0000000000, 0000000000, 0.0002964879603540087, 0.0004939407977607393, 0.9983811955019166 0.00027396420960214686 0.0013448402884811445, 
64, 0000000000, 0000000000, 0.0001544519918269211, 0.0002571980820790204, 0.9990960083563684 0.00026479479478928934 0.0006391968488424165, 
65, 0000000000, 0000000000, 2.6174590100129846e-05, 4.341469909693717e-05, 0.9997395118054183 0.00026048819458162297, 
66, 0000000000, 0000000000, 2.789505209750212e-05, 4.625868682067096e-05, 0.9997224478790759 0.00027755212092402576, 
67, 0000000000, 0000000000, 2.6304726139348596e-05, 4.362348171965864e-05, 0.9997382591096821 0.0002617408903179519, 
68, 0000000000, 0000000000, 0.00018493891509982382, 0.0003079987269290826, 0.9989372176829575 0.00027811031258967293 0.0007841339643738383 5.380400790487016e-07, 
69, 0000000000, 0000000000, 2.620019976872085e-05, 4.345049818156359e-05, 0.9997392970109105 0.0002607029890893815, 
70, 0000000000, 0000000000, 0.0007402390924431539, 0.0012334978113671014, 0.9961647592160969 0.00027002792061474426 0.0035646796422769337 5.332210113321031e-07, 
71, 0000000000, 0000000000, 2.6753635566586562e-05, 4.436908408866008e-05, 0.9997339861713697 0.0002658131527288167 2.0067590157190955e-07, 
72, 0000000000, 0000000000, 2.649407266164255e-05, 4.3945123308783194e-05, 0.9997363569456861 0.00026361536877507084 2.768553881418137e-08, 
73, 0000000000, 0000000000, 2.7310271015314755e-05, 4.530584102297485e-05, 0.9997281649538622 0.0002718350461378491, 
74, 0000000000, 0000000000, 2.8914345081655123e-05, 4.797267794668268e-05, 0.99971216393232 0.0002878360676800961, 
75, 0000000000, 0000000000, 2.696409406285297e-05, 4.471942898553611e-05, 0.9997316834260868 0.00026831657391321664, 
76, 0000000000, 0000000000, 2.7861379293144754e-05, 4.622156878998951e-05, 0.99972267058726 0.00027732941273993705, 
77, 0000000000, 0000000000, 2.7848672320803673e-05, 4.6197777180247714e-05, 0.9997228280767817 0.0002771571833553307 1.4739863077799478e-08, 
78, 0000000000, 0000000000, 2.64813789928201e-05, 4.392047438616346e-05, 0.9997364771536831 0.00026352284631698077, 
79, 0000000000, 0000000000, 0.0003168772230379192, 0.000520711521384609, 0.9986577294893992 0.0002822944781353748 0.0003379534472239585 0.0007220225852414539, 
80, 0000000000, 0000000000, 2.5330161174463756e-05, 4.20028724542952e-05, 0.9997479827652742 0.00025201723472577115, 
81, 0000000000, 0000000000, 2.6230912220625895e-05, 4.349549327624766e-05, 0.9997390270403425 0.0002609729596574859, 
82, 0000000000, 0000000000, 2.7260512745505773e-05, 4.521134872002577e-05, 0.9997287319076799 0.00027126809232015463, 
83, 0000000000, 0000000000, 2.6157597100024952e-05, 4.337390694568975e-05, 0.9997397565583258 0.0002602434416741385, 
84, 0000000000, 0000000000, 2.7455014225812328e-05, 4.554537112687065e-05, 0.9997267277732387 0.0002732722267612239, 
85, 0000000000, 0000000000, 2.73670203565001e-05, 4.5389274959965294e-05, 0.9997276643502402 0.00027233564975979183, 
86, 0000000000, 0000000000, 2.7080538266855026e-05, 4.4916062696527e-05, 0.9997305036238209 0.000269496376179162, 
87, 0011111000, 0000000000, 0.04050729521251954, 0.06725189380525075, 0.9225853116246119 0.00025440587935998324 0.0030843081079121003 0.0024895321887247047 0.00935397021715322 0.021190968591895287 0.041041503390342814, 
88, 0000000000, 0000000000, 2.720485219067989e-05, 4.51127164080532e-05, 0.9997293237015517 0.0002706762984483192, 
89, 0000000000, 0000000000, 2.6549787537222318e-05, 4.4038538383589406e-05, 0.9997359174493416 0.00026393387101516 1.4867964318820406e-07, 
90, 0000000000, 0000000000, 2.6180311084034763e-05, 4.3408442251043e-05, 0.9997395580501977 0.0002604332460983839 8.703703937076385e-09, 
91, 0000000000, 0000000000, 2.6161584834907267e-05, 4.3394483750287086e-05, 0.9997396460488032 0.00026034099989189743 1.2951304912567138e-08, 
92, 0000000000, 0000000000, 2.7602365904502696e-05, 4.578786552957745e-05, 0.9997253297058093 0.0002746133952040135 5.6898986725580117e-08, 
93, 0000000000, 0000111000, 0.06750757292974018, 0.11198534322965414, 0.8654605856979352 0.00023040507657089092 0.0002462817405984515 0.0038456542260736507 0.03121466697887738 0.0592209774532402 0.03978142882670425, 
94, 0000000000, 0000000000, 0.0007629898859726373, 0.0012714403750283027, 0.9960513884204403 0.0002695164410602656 0.0036781596063886366 9.3553211075919e-07, 
95, 0000000000, 0000000000, 2.76327956387321e-05, 4.58225231699262e-05, 0.9997250648609806 0.00027493513901955723, 
96, 0000000000, 0000000000, 2.5777326525649124e-05, 4.274546573618224e-05, 0.9997435272055829 0.0002564727944170934, 
97, 0000000000, 0000000000, 2.601238659467049e-05, 4.3142083593783806e-05, 0.9997411474984373 0.00025885250156270284, 
98, 0000000000, 0000000000, 2.6535742768633294e-05, 4.4015467228894034e-05, 0.9997359071966265 0.0002640928033733642, 
99, 0000000000, 0000000000, 2.7032300228587e-05, 4.484541762452656e-05, 0.9997309274942529 0.0002690725057471594, 
100, 0000000000, 0000000000, 2.6100986093350073e-05, 4.327590568540326e-05, 0.9997403445658876 0.00025965543411241964, 
run, initial grid state, final grid state, mean grid cell occupancy, mean binding site occupancy, fraction of time with N TFs bound, warning
1, 0000000000, 0000000000, 2.6150852678883706e-05, 4.336740698683664e-05, 0.999739795558079 0.0002602044419210199, 
2, 0000000000, 0000000000, 2.8106377004695676e-05, 4.6625851182881904e-05, 0.9997202448929027 0.0002797551070972914, 
3, 0000000000, 0000000000, 2.647205230287999e-05, 4.389165762080555e-05, 0.9997366500542751 0.0002633499457248333, 
4, 0000000000, 0000000000, 0.019586416882981853, 0.032406062269621914, 0.9529064080022642 0.00026822634473004056 0.007971119614445594 0.011663603562606628 0.006446061361524604 0.0070166347763810834 0.013727946338047753, 
5, 0000000000, 0000000000, 0.23962368608675652, 0.3971074995444195, 0.5295734385889741 0.00014723912091979001 0.012126064982920315 0.03740075218486371 0.07726685796213467 0.12393794318449769 0.21954770397568973, 
6, 0000000000, 0000000000, 2.7416794298893704e-05, 4.5469700743969586e-05, 0.9997271817955361 0.00027281820446381754, 
7, 0000000000, 0000000000, 2.6694371102285e-05, 4.427192962369995e-05, 0.9997343684222579 0.0002656315777421997, 
8, 0000000000, 0000000000, 2.5926356108716597e-05, 4.300789591976895e-05, 0.9997420332252482 0.00025788617398488176 8.060076686598005e-08, 
9, 0000000000, 0000000000, 2.6760310724748043e-05, 4.438415285484733e-05, 0.999733695082871 0.000266304917129084, 
10, 0000000000, 0000000000, 2.6350194846762843e-05, 4.369513476587266e-05, 0.9997378291914047 0.00026217080859523595, 
11, 0000000000, 0000000000, 2.645484332349771e-05, 4.3871783507744e-05, 0.9997367817325594 0.0002632058338347135 1.2433605875287735e-08, 
12, 0000000000, 0000000000, 2.6697281378030924e-05, 4.428037373415641e-05, 0.999734317757595 0.00026568224240493846, 
13, 0000000000, 0000000000, 2.7050831862354906e-05, 4.487652564128396e-05, 0.9997307408461523 0.0002692591538477038, 
14, 0000000000, 0000000000, 2.6898596887273097e-05, 4.4621668127780476e-05, 0.9997322699912333 0.0002677300087666829, 
15, 0000000000, 0000000000, 2.719159627436722e-05, 4.5097550638840926e-05, 0.9997294543686547 0.00027050595885766497 3.9672487690335226e-08, 
16, 0000000000, 0000000000, 2.713124780023274e-05, 4.50044377184451e-05, 0.9997299908531946 0.0002699916672999617 1.747950535444986e-08, 
17, 0000000000, 0000000000, 2.816832625409414e-05, 4.673678839218143e-05, 0.9997195792696469 0.00028042073035308853, 
18, 0000000000, 0000000000, 2.5207143944901294e-05, 4.178356462597819e-05, 0.9997493025001084 0.00025069361202716665 3.887864351272582e-09, 
19, 0000000000, 0000000000, 2.6127403725374576e-05, 4.3321420185797534e-05, 0.9997400714788852 0.0002599285211147852, 
20, 0000000000, 0000000000, 0.056773591115917454, 0.09398077827416312, 0.871528486013458 0.00023759843173067787 0.005041489015271805 0.024735587720596048 0.04110524058610109 0.02917322172054211 0.028178376512300228, 
21, 0011111000, 0000000000, 0.047732831816213156, 0.07928931808807352, 0.9006169928701934 0.00024249284151432057 0.0017229057173813523 0.015219018485108786 0.019023552638719885 0.028753886440535486 0.03442115100654681, 
22, 0000000000, 0000000000, 2.7169558191393918e-05, 4.5064105173231846e-05, 0.9997296153689605 0.00027038463103939113, 
23, 0000000000, 0000000000, 2.6575185728020388e-05, 4.4065328880714924e-05, 0.9997358745773334 0.00026385887204900203 2.6655061764376503e-07, 
24, 0000000000, 0000000000, 2.6254624657895664e-05, 4.351426841045924e-05, 0.9997389370773045 0.0002610402349282891 2.2687767233167375e-08, 
25, 0000000000, 0000000000, 2.8409046115983972e-05, 4.712489689775212e-05, 0.9997172506186135 0.0002827493813865127, 
26, 0000000000, 0000000000, 2.8039242645501267e-05, 4.650886155811099e-05, 0.9997209468306513 0.0002790531693486659, 
27, 0000000000, 0000000000, 2.6378259654244493e-05, 4.3724785255532985e-05, 0.9997377078848045 0.00026223551885774365 5.6596337727137966e-08, 
28, 0000000000, 0000000000, 2.6866459732596688e-05, 4.456196352424101e-05, 0.9997326282188546 0.0002673717811454461, 
29, 0000000000, 0000000000, 2.730139174909348e-05, 4.527732482744911e-05, 0.9997283360510353 0.0002716639489646947, 
30, 0000000000, 0000000000, 2.6342072130523854e-05, 4.367027490401006e-05, 0.999737978350576 0.00026202164942406035, 
31, 0000000000, 0000000000, 2.727837713914717e-05, 4.524986782659214e-05, 0.9997285018983274 0.00027149699638540276 1.1052870750427244e-09, 
32, 0000000000, 0000000000, 2.637238147314739e-05, 4.3731765302509324e-05, 0.9997376094081849 0.00026239059181505593, 
33, 0000000000, 0000000000, 2.7431877814750127e-05, 4.550513678775677e-05, 0.9997269691792734 0.00027303082072654066, 
34, 0000000000, 0000000000, 2.7201351337536883e-05, 4.511655985104249e-05, 0.9997293287511204 0.0002706431386526747 2.8110226790110266e-08, 
35, 0000000000, 0000000000, 2.6637737599008014e-05, 4.417656155574623e-05, 0.9997349406306656 0.0002650593693344774, 
36, 0000000000, 0000000000, 2.5191873524312074e-05, 4.175535673645685e-05, 0.9997494678595812 0.00025053214041874107, 
37, 0000000000, 0000000000, 2.7656635417996717e-05, 4.588103752205895e-05, 0.9997248252113641 0.00027506335213942936 1.1143649646214076e-07, 
38, 0000000000, 0000000000, 0.078203295577836, 0.12974052865470945, 0.8419511491057147 0.0002115687837266181 0.007441903551919119 0.01133843139098156 0.02663113214198033 0.05174691685424077 0.060678898171437005, 
39, 0000000000, 0000000000, 2.711473052462431e-05, 4.4978906716289665e-05, 0.9997301265597022 0.000269873440297738, 
40, 0000000000, 0000000000, 2.788843505161485e-05, 4.62676948422488e-05, 0.9997224146125331 0.0002775646058802158 2.0781586638518738e-08, 
41, 0000000000, 0000000000, 0.0014991437156236151, 0.002495949302565108, 0.9940735542015281 0.0002728377962776765 0.0022579659874696957 0.0033956420147245267, 
42, 0000000000, 0000000000, 2.6503023405790872e-05, 4.394526385357987e-05, 0.9997363561886936 0.000263616039491271 2.7771815104143958e-08, 
43, 0000000000, 0000000000, 2.751829100919052e-05, 4.564534193944303e-05, 0.9997261279483632 0.0002738720516366582, 
44, 0000000000, 0000000000, 2.597667226612519e-05, 4.307866383342715e-05, 0.9997415280169994 0.0002584719830005629, 
45, 0000000000, 0000000000, 2.933537870396818e-05, 4.86720429367854e-05, 0.9997081120731244 0.0002917435961305445 1.4433074508394512e-07, 
46, 0000000000, 0000000000, 2.6041542958394333e-05, 4.317833777926602e-05, 0.9997409299733245 0.00025907002667559616, 
47, 0000000000, 0000000000, 2.6246604112505015e-05, 4.3517189565669155e-05, 0.9997391199017966 0.00026065705901270365 2.2303919065566286e-07, 
48, 0000000000, 0000000000, 2.7631694687732625e-05, 4.583192070199481e-05, 0.999725008475788 0.0002749915242119689, 
49, 0000000000, 0000000000, 0.2630920785144666, 0.4359178235136405, 0.4986920215078861 0.00013835726670023628 0.010672575510526213 0.02495242400844335 0.0632481294758506 0.14760531051820316 0.25469118171239036, 
50, 0000000000, 0000000000, 2.645752270848885e-05, 4.388199825004621e-05, 0.9997367342622379 0.0002632394860239074 2.6251738184974306e-08, 
51, 0000000000, 0000000000, 2.7093862404439165e-05, 4.493339457513475e-05, 0.9997303996325492 0.00026960036745080854, 
52, 0000000000, 0000000000, 0.0007406202427807057, 0.0012341478386036688, 0.9961692393470456 0.0002568673430172265 0.0035736602412063164 2.3306873071761355e-07, 
53, 0000000000, 0000000000, 2.5129133288679637e-05, 4.16585505908931e-05, 0.9997500486964546 0.0002499513035453587, 
54, 0000000000, 0000000000, 2.7457207175835378e-05, 4.555743505681182e-05, 0.9997266553896592 0.00027334461034087096, 
55, 0000111100, 0000000000, 0.007322161803226956, 0.012190080536371148, 0.9802834906527873 0.00026317224556047646 0.0027332091355087144 0.004336839552790139 0.007869882443523794 0.0041595915497937425 0.00035381442003577855, 
56, 0000000000, 0000000000, 2.5899773195520966e-05, 4.294064597490177e-05, 0.999742608548153 0.00025713902784454723 2.5242400243168785e-07, 
57, 0000000000, 0000000000, 2.7317281474950257e-05, 4.531365291495163e-05, 0.9997281180825103 0.0002718819174897098, 
58, 0000000000, 0000000000, 2.7619017608398444e-05, 4.5806030655487394e-05, 0.999725163816067 0.0002748361839329244, 
59, 0000000000, 0000000000, 2.642661803503475e-05, 4.381070540446465e-05, 0.9997371572126612 0.0002628213422508095 2.1445087989171345e-08, 
60, 0000000000, 0000000000, 2.70189600609606e-05, 4.482652862396457e-05, 0.9997310408282563 0.0002689591717437874, 
61, 0000000000, 0000000000, 0.016867570943455243, 0.027928083549220193, 0.9644353683540294 0.00025664388869011697 0.005988662256780237 0.0015798602685913583 0.003935091242723578 0.007971656818709372 0.01583271717047589, 
62, 0000000000, 0000000000, 0.0005177562636233242, 0.0008627040679061979, 0.997276886630305 0.0002702132063712377 0.0024526892889053476 2.108744184176127e-07, 
63, 0011111100, 0000000000, 0.062657356193625, 0.10407135449643377, 0.8824165407565385 0.00023859971322009958 0.003338548472462296 0.0038484422281012077 0.013197071680285116 0.028585965981342873 0.06837483116804992, 
64, 0000000000, 0000000000, 2.7951788887386694e-05, 4.6380293858117886e-05, 0.9997217182368513 0.00027828176314870733, 
65, 0000000000, 0000000000, 2.6566255693155928e-05, 4.406102802597094e-05, 0.9997356338318442 0.0002643661681558256, 
66, 0000000000, 0000000000, 2.7093607301160816e-05, 4.493963699687427e-05, 0.9997304094621297 0.00026954325375933594 4.728411095482962e-08, 
67, 0000000000, 0000000000, 0.12319371082697156, 0.2042776102865381, 0.7632831494096541 0.00021104845336523425 0.002398321840664659 0.016235468281136693 0.027376144525287773 0.08052821829937616 0.10996764919051538, 
68, 0000000000, 0000000000, 2.663771606065877e-05, 4.415845634288743e-05, 0.9997350492619427 0.00026495073805732464, 
69, 0000000000, 0000000000, 2.5211810822572213e-05, 4.179896384492268e-05, 0.9997492062169304 0.0002507937830695361, 
70, 0000000000, 0000000000, 2.66007222884978e-05, 4.411365270495733e-05, 0.9997353180837703 0.00026468191622974405, 
71, 0000000000, 0000000000, 0.11169255085560664, 0.18527450112603763, 0.768292902813823 0.00020163397269347522 0.0031806844004272274 0.03912685101512159 0.038944461672254516 0.06959519250578641 0.08065827361989383, 
72, 0000000000, 0000000000, 2.797442150910714e-05, 4.6407761598905684e-05, 0.9997215534304066 0.0002784465695934341, 
73, 0000000000, 0000000000, 2.5143328588049778e-05, 4.16909683203327e-05, 0.999749854190078 0.00025014580992199623, 
74, 0000000000, 0000000000, 2.6507432582321474e-05, 4.3953508239339236e-05, 0.9997364071976331 0.00026346455529768103 1.2824706917717341e-07, 
75, 0000000000, 0000000000, 2.7501056249177265e-05, 4.5603611966959485e-05, 0.9997264018433332 0.00027357464153216816 2.3515134794371465e-08, 
76, 0000000000, 0000000000, 0.000427783588245226, 0.0006947828712239061, 0.9977799848781712 0.00027157519100967306 0.0019481977561235425 2.421746955599103e-07, 
77, 0000000000, 0000000000, 2.5114595043802765e-05, 4.1641994025485055e-05, 0.9997501480358472 0.00024985196415291033, 
78, 0000000000, 0000000000, 2.5351443703798633e-05, 4.202067299408828e-05, 0.9997478817594219 0.0002521124431917367 5.7973863964989064e-09, 
79, 0000000000, 0000000000, 0.02993901400908679, 0.04945111722861526, 0.9372253243979823 0.0002538247559958092 0.0059581371184064084 0.006016836906627359 0.009496371639881474 0.017796423987164724 0.023253081193941885, 
80, 0000000000, 0000000000, 2.574593057322244e-05, 4.267908062767369e-05, 0.999743925516234 0.00025607448376604216, 
81, 0000000000, 0000000000, 2.5958362350526023e-05, 4.304586273745195e-05, 0.9997417248235754 0.00025827517642471173, 
82, 0000000000, 0000000000, 2.736426473598293e-05, 4.53756884620064e-05, 0.999727745869228 0.0002722541307720384, 
83, 0000000000, 0000000000, 2.7383956151157438e-05, 4.5420847301388166e-05, 0.9997274749161916 0.000272525083808329, 
84, 0000000000, 0000000000, 2.773850134048247e-05, 4.6020288873653544e-05, 0.999723878266758 0.0002761217332419213, 
85, 0000000000, 0000000000, 2.773500988885491e-05, 4.6015136570681636e-05, 0.9997239096142658 0.0002760899520441293 4.3368998027983163e-10, 
86, 0000000000, 0000000000, 2.6727440014836023e-05, 4.43281723743741e-05, 0.9997341241979901 0.00026578256977346257 9.323223639102209e-08, 
87, 0000000000, 0000000000, 2.6111895542652877e-05, 4.329437232446479e-05, 0.99974024681969 0.00025974012667345987 1.3053636664435976e-08, 
88, 0000000000, 0000000000, 2.7219788508144735e-05, 4.515560280521512e-05, 0.9997290663831687 0.00027093361683129075, 
89, 0000000000, 0000000000, 2.542316937928606e-05, 4.2151707159030637e-05, 0.9997470897570457 0.0002529102429541838, 
90, 0000000000, 0000000000, 2.6139616332193007e-05, 4.333883365352835e-05, 0.9997399669980789 0.0002600330019211701, 
91, 0000000000, 0000000000, 2.7608583909461907e-05, 4.578528965697148e-05, 0.9997252882620581 0.0002747117379418289, 
92, 0000000000, 0000000000, 2.5937351034880833e-05, 4.300954018580782e-05, 0.9997419427588851 0.000258057241114847, 
93, 0000000000, 0000000000, 0.0005879390191025674, 0.0009796908794914125, 0.9972965461158814 0.0002693776978552687 0.0016934609796967958 0.0007406152065665381, 
94, 0000000000, 0000000000, 2.6008339539657965e-05, 4.3125910105649336e-05, 0.9997412534280623 0.00025873768324159946 8.888696148282005e-09, 
95, 0000000000, 0000000000, 2.6098607685194845e-05, 4.327656131688341e-05, 0.9997403406320986 0.00025965936790130054, 
96, 0000000000, 0000000000, 0.012061266620097058, 0.02002268684776842, 0.9704424959525786 0.00025345103607101176 0.0037041986583884554 0.009029352337225164 0.005039093698206061 0.003958608975921472 0.00757279934160925, 
97, 0000000000, 0000000000, 2.7289794835157025e-05, 4.4300253948925134e-05, 0.9997341984763065 0.0002658015236935508, 
98, 0000000000, 0000000000, 2.784989372541897e-05, 4.6197577265151464e-05, 0.999722814536409 0.0002771854635909089, 
99, 0000000000, 0000000000, 0.028548190099566193, 0.04745533254978675, 0.9381252234224221 0.0002482123525098339 0.0039097099057107025 0.004612412852352062 0.016866597066410863 0.022066330091477657 0.014171514309116885, 
100, 0011111100, 0000000000, 0.05134324574689253, 0.0851521476031132, 0.9022747323421418 0.00026157406131909004 0.0029303275598111037 0.004317729328519304 0.004310300489259922 0.040835750818552716 0.045069585400396114, 
run, initial grid state, final grid state, mean grid cell occupancy, mean binding site occupancy, fraction of time with N TFs bound, warning
1, 0000000000, 0000000000, 2.664777280726196e-05, 4.419778523711789e-05, 0.9997348132885773 0.0002651867114227074, 
2, 0000000000, 0000000000, 0.0002156487322862595, 0.0003591971865016927, 0.9987944463314168 0.00025592421815636356 0.0009496294504268963, 
3, 0000000000, 0000000000, 2.5924941203820452e-05, 4.298691338332487e-05, 0.9997420785197 0.00025792148029994927, 
4, 0000000000, 0000000000, 2.6257938062614406e-05, 4.355394487404777e-05, 0.9997386763307556 0.00026132366924428666, 
5, 0000000000, 0000000000, 2.842659696331474e-05, 4.716795274219926e-05, 0.9997169922835467 0.00028300771645319554, 
6, 0000000000, 0000000000, 2.793859188432048e-05, 4.634005800814001e-05, 0.9997219596519512 0.0002780403480488401, 
7, 0000000000, 0000000000, 2.7293468219919733e-05, 4.5266670222364644e-05, 0.9997284034631018 0.00027159305246220845 3.484435989743187e-09, 
8, 0000000000, 0000000000, 0.07915815505670042, 0.13094895284265887, 0.8493405078908145 0.00022492128348361277 0.0024413745860609906 0.005840351956869619 0.02085506007808216 0.048141954810724884 0.07315582939396428, 
9, 0000000000, 0000000000, 2.5906695641743847e-05, 4.2977485719751785e-05, 0.9997422155328541 0.0002577040199731818 8.044717266446067e-08, 
10, 0000000000, 0000000000, 2.6108614591052927e-05, 4.330561404423441e-05, 0.9997401663157346 0.0002598336842654065, 
11, 0000000000, 0000000000, 2.762715662055318e-05, 4.584043286331348e-05, 0.9997249574028201 0.0002750425971798809, 
12, 0000000000, 0000000000, 2.7190111421853215e-05, 4.5088079353007014e-05, 0.999729471523882 0.00027052847611804215, 
13, 0000000000, 0000000000, 2.509864790192904e-05, 4.1610468788528466e-05, 0.9997503371872688 0.00024966281273117077, 
14, 0000000000, 0000000000, 0.06089738302368792, 0.1008548576228819, 0.87816378374977 0.0002309328957892578 0.00163655945025721 0.011167334563985746 0.02550262919739892 0.03367998739735863 0.04961877274544027, 
15, 0000000000, 0000000000, 2.6421053942327188e-05, 4.381318718242587e-05, 0.9997371208769055 0.00026287912309455526, 
16, 0000000000, 0000000000, 2.5743573490502087e-05, 4.268870397843734e-05, 0.9997438677761293 0.00025613222387062403, 
17, 0000000000, 0000000000, 2.5439611968274837e-05, 4.2165422236600366e-05, 0.9997470074665804 0.0002529925334196022, 
18, 0000000000, 0000000000, 2.6900790647175416e-05, 4.460321864006409e-05, 0.9997323806881596 0.00026761931184038454, 
19, 0000000000, 0000000000, 2.6942957567929308e-05, 4.467775298514132e-05, 0.9997319334820891 0.0002680665179108479, 
20, 0000000000, 0000000000, 2.5674765727212633e-05, 4.255651137245468e-05, 0.9997446936192257 0.0002552736933137922 3.268746046792893e-08, 
21, 0000000000, 0000000000, 0.013589254122510289, 0.022600114972345965, 0.9621661355630213 0.0002626178662380427 0.0069073446926884415 0.005402599922418424 0.020990926962963594 0.004270374992670246, 
22, 0000000000, 0000000000, 2.6316049527020634e-05, 4.363490398426251e-05, 0.9997381905760945 0.0002618094239055751, 
23, 0000000000, 0000000000, 2.6685254747503602e-05, 4.4256441385732927e-05, 0.9997344613516856 0.0002655386483143976, 
24, 0000000000, 0000000000, 2.8362068804932984e-05, 4.706934606414984e-05, 0.9997175839236152 0.00028241607638489907, 
25, 0000000000, 0000000000, 2.6397725744645924e-05, 4.3782355254961816e-05, 0.9997373058684702 0.0002626941315297709, 
26, 0000000000, 0000000000, 2.641766354375647e-05, 4.379646638195458e-05, 0.9997373223202757 0.0002625765611568962 1.0111856741564613e-07, 
27, 0001111000, 0000000000, 0.11024845456200985, 0.18272654561283103, 0.7871122585207466 0.0002062205113108385 0.003920083279627141 0.007882415953725266 0.03141139050288786 0.07778571065651989 0.0916819205751824, 
28, 0000000000, 0000000000, 0.18254648312673244, 0.3025064108444341, 0.6156473800279687 0.00016455783294069712 0.01677467190740324 0.055795366729366656 0.06495430908447741 0.12586105961421193 0.12080265480363135, 
29, 0000000000, 0000000000, 2.6598331850937787e-05, 4.4117018200947624e-05, 0.9997352978907943 0.00026470210920568574, 
30, 0000000000, 0000000000, 2.7863191304488114e-05, 4.6230876158241115e-05, 0.9997226540478052 0.00027730664744009216 3.9304754677272974e-08, 
31, 0000000000, 0000000000, 2.7558089344843416e-05, 4.570598164448357e-05, 0.9997257641101331 0.00027423588986690147, 
32, 0000000000, 0000000000, 2.7758778799321745e-05, 4.604728310213708e-05, 0.9997237163013872 0.0002762836986128225, 
33, 0000000000, 0000000000, 2.7450890917260162e-05, 4.553601107727874e-05, 0.9997267839335363 0.00027321606646367246, 
34, 0000000000, 0000000000, 2.7116178857449846e-05, 4.496647877195136e-05, 0.9997302011273683 0.0002697988726317082, 
35, 0000000000, 0000000000, 7.155305788003002e-05, 8.203934012306069e-05, 0.9995077643683515 0.0004922352225585751 4.09089894521804e-10, 
36, 0000000000, 0011111100, 0.11778466728170617, 0.19535095409058703, 0.7668005847501707 0.00020451392077323245 0.004621089631205059 0.01330313026555822 0.04211176442118848 0.08345091918771617 0.08950799782338822, 
37, 0000000000, 0000000000, 0.010352362573138044, 0.017157210541349548, 0.9787818920725683 0.0002632067289048827 0.0006529419456756682 0.0012016356860094976 0.0049239295318731805 0.006984816767490818 0.007191577267477625, 
38, 0000000000, 0000000000, 4.1095230351791046e-05, 5.7769749284693294e-05, 0.9996534080539595 0.00034656539637267097 2.654966774440947e-08, 
39, 0000000000, 0000000000, 2.6867531947617684e-05, 4.455834178446851e-05, 0.9997326499492932 0.00026735005070681106, 
40, 0000000000, 0000000000, 2.5753856401176512e-05, 4.2714252360000536e-05, 0.9997437259345383 0.000256262616763575 1.1448698214122227e-08, 
41, 0000000000, 0000000000, 2.7643060416167724e-05, 4.584018077672708e-05, 0.9997249589153396 0.00027504108466036255, 
42, 0000000000, 0000000000, 2.7898301816104626e-05, 4.6289848936186793e-05, 0.9997222609063828 0.0002777390936171208, 
43, 0000000000, 0000000000, 0.08237887263969579, 0.13654526365057296, 0.8484835908456118 0.00022668244816040397 0.0026828733047471547 0.006983095891482407 0.010929443340392558 0.035153793207868905 0.09554052096173685, 
44, 0000000000, 0000000000, 2.5985177423553953e-05, 4.308183964973246e-05, 0.9997415089621016 0.0002584910378983948, 
45, 0000000000, 0000000000, 2.5398756812498104e-05, 4.210936619043933e-05, 0.9997473438028572 0.000252656197142636, 
46, 0000000000, 0000000000, 2.599259982408105e-05, 4.309841061082137e-05, 0.9997414095363351 0.0002585904636649283, 
47, 0000000000, 0000000000, 2.682735428097052e-05, 4.449964800675675e-05, 0.9997330021119595 0.0002669978880405405, 
48, 0000000000, 0000000000, 2.598517433189683e-05, 4.309594136355963e-05, 0.9997414243518186 0.0002585756481813578, 
49, 0000000000, 0000000000, 2.6344749410964905e-05, 4.368713791949436e-05, 0.9997378771724831 0.00026212282751696613, 
50, 0000000000, 0000000000, 2.5778511213634443e-05, 4.27413853897369e-05, 0.9997435516876616 0.0002564483123384214, 
51, 0000000000, 0000000000, 2.780706006736629e-05, 4.6116436442137425e-05, 0.9997233013813471 0.0002766986186528245, 
52, 0000000000, 0000000000, 0.05203740109289224, 0.08617422554617146, 0.8997585950869954 0.0002392970707287088 0.005545614413251082 0.0051145376310895736 0.009812322167172885 0.02605587596673636 0.053473757664025956, 
53, 0000000000, 0000000000, 2.6615939668725197e-05, 4.413999297134082e-05, 0.9997351600421719 0.00026483995782804496, 
54, 0000000000, 0000000000, 2.8796877845932407e-05, 4.7784566917026814e-05, 0.9997132925984978 0.00028670740150216087, 
55, 0000000000, 0000000000, 2.6951923037054105e-05, 4.4714193089313296e-05, 0.9997317148414642 0.0002682851585358798, 
56, 0000000000, 0000000000, 2.7353501475961987e-05, 4.537396871737788e-05, 0.9997277561876957 0.0002722438123042673, 
57, 0000000000, 0000000000, 2.9288789975417697e-05, 4.5889608194427425e-05, 0.9997248323571323 0.00027499763656886747 1.7000629884856085e-07, 
58, 0000000000, 0000000000, 2.674847713307954e-05, 4.435331217985868e-05, 0.9997339581051732 0.0002659639165744382 7.797825235696065e-08, 
59, 0000000000, 0000000000, 2.8449356618479784e-05, 4.71847987761306e-05, 0.9997171005905522 0.00028269002623891126 2.09383208936169e-07, 
60, 0000000000, 0000000000, 2.739102068267131e-05, 4.544322453772386e-05, 0.9997273406527736 0.0002726593472263432, 
61, 0000000000, 0000000000, 2.5796421847569797e-05, 4.277316253359488e-05, 0.9997434206587933 0.0002565197072117749 5.963399489720662e-08, 
62, 0000000000, 0000000000, 2.5619753998968916e-05, 4.248790112441096e-05, 0.9997450725932535 0.0002549274067464658, 
63, 0000000000, 0000000000, 2.648096956676072e-05, 4.3932667724056594e-05, 0.9997364039936557 0.0002635960063443396, 
64, 0000000000, 0000000000, 2.643278874346258e-05, 4.384431686598811e-05, 0.999736934098804 0.00026306590119592864, 
65, 0000000000, 0000000000, 2.6229014115647167e-05, 4.349261467432442e-05, 0.9997390862033003 0.0002608719053535368 4.189134620484851e-08, 
66, 0000000000, 0000000000, 2.8122737029244414e-05, 4.666614286182448e-05, 0.9997201772694752 0.00027964860387881774 1.7412664606457662e-07, 
67, 0000000000, 0000000000, 2.714614060642879e-05, 4.5024978596540886e-05, 0.9997298501284207 0.00027014987157924537, 
68, 0000000000, 0000000000, 2.663124330893765e-05, 4.416789781805141e-05, 0.9997350432308498 0.00026490615139212364 5.061775809242611e-08, 
69, 0000000000, 0000000000, 2.6246130949479547e-05, 4.3509130932904255e-05, 0.9997389452144025 0.0002610547855974256, 
70, 0000000000, 0000000000, 2.5465729002264605e-05, 4.221138811686606e-05, 0.9997467316712988 0.0002532683287011964, 
71, 0000000000, 0000000000, 2.7152579789178484e-05, 4.5029534543261975e-05, 0.9997298227927405 0.00027017720725957184, 
72, 0000000000, 0000000000, 2.6841886589228522e-05, 4.452303365771662e-05, 0.9997329813959126 0.00026689900622832923 1.195978589852651e-07, 
73, 0000000000, 0000000000, 2.7199625401877345e-05, 4.511104818016673e-05, 0.999729333710919 0.0002706662890810004, 
74, 0000000000, 0000000000, 2.630296287858742e-05, 4.3611276709810426e-05, 0.9997383323397412 0.0002616676602588626, 
75, 0000000000, 0000000000, 2.6332006529476227e-05, 4.364920900771095e-05, 0.9997381047459538 0.0002618952540462657, 
76, 0000000000, 0000000000, 2.658831260105318e-05, 4.408014938148506e-05, 0.9997355579660605 0.0002644031715900716 3.886234941936674e-08, 
77, 0000000000, 0000000000, 0.0017065639556042276, 0.0028440578271872454, 0.9926192450704853 0.00026262714354752833 0.004552663538325627 0.002565464247641563, 
78, 0000000000, 0000000000, 2.7267764753839253e-05, 4.52296889682877e-05, 0.9997286732141264 0.0002712754379375102 5.1347936107998796e-08, 
79, 0000000000, 0000000000, 2.6648731254160096e-05, 4.4194774628169644e-05, 0.9997348313522311 0.0002651686477690179, 
80, 0000000000, 0000000000, 2.639436027240551e-05, 4.375997418631714e-05, 0.9997374401548821 0.00026255984511790284, 
81, 0000000000, 0000000000, 2.6616254246972187e-05, 4.414508131471902e-05, 0.9997351295121117 0.0002648704878883141, 
82, 0000000000, 0000000000, 2.5168166097320167e-05, 4.171576558669403e-05, 0.9997497054064799 0.00025029459352016425, 
83, 0000000000, 0000000000, 2.5863291262796968e-05, 4.288294895726513e-05, 0.9997427023062564 0.0002572976937435908, 
84, 0000000000, 0000000000, 2.7094701201709383e-05, 4.4944355871680034e-05, 0.9997303338647698 0.00026966613523008023, 
85, 0000000000, 0000000000, 2.6788668528658984e-05, 4.4425073093670096e-05, 0.999733449561438 0.0002665504385620206, 
86, 0000000000, 0000000000, 0.08654054919233352, 0.143283071764671, 0.8306482047951173 0.00022750858893746408 0.0023868195352738384 0.017641257269809824 0.020883104650945873 0.05103753844416692 0.07717556671574886, 
