run, initial grid state, final grid state, mean grid cell occupancy, mean binding site occupancy, fraction of time with N TFs bound, warning
1, 0000000000, 0000000000, 2.7612249323057087e-06, 4.189484289672876e-06, 0.9999748630942621 2.5136905738037253e-05, 
2, 0000000000, 0000000000, 2.6984252828246953e-06, 4.093036071653015e-06, 0.9999754417835701 2.4558216429918093e-05, 
3, 0000000000, 0000000000, 2.6799755289359535e-06, 4.055828730367202e-06, 0.99997566548849 2.4334050637697653e-05 4.6087225278218583e-10, 
4, 1111111111, 1111111111, 1.0, 1.0, 0.0 0.0 0.0 0.0 0.0 0.0 1.0, 
5, 0000000000, 0000000000, 2.640319352657739e-06, 4.004556671909882e-06, 0.9999759726599685 2.4027340031459294e-05, 
6, 0000000000, 0000000000, 2.7408191937857075e-06, 4.150471103656089e-06, 0.999975097173378 2.4902826621936536e-05, 
7, 0000000000, 0000000000, 2.5457220010666773e-06, 3.820216631574414e-06, 0.9999770787002105 2.2921299789446488e-05, 
8, 0000000000, 0000000000, 2.685084737966876e-06, 4.077948661229987e-06, 0.9999755323080326 2.4467691967379925e-05, 
9, 0000000000, 0000000000, 0.0007237544134721162, 0.0011449892535005477, 0.9969715566423956 2.3959562365855532e-05 0.002167491145864966 0.0008369769305868872 1.571878670936539e-08, 
10, 0000000000, 0000000000, 2.70649939835963e-06, 4.115234685718457e-06, 0.9999753085918857 2.4691408114310746e-05, 
11, 0000000000, 0000000000, 2.75576268920609e-06, 4.1914882595291714e-06, 0.9999748510704428 2.5148929557175035e-05, 
12, 0000000000, 0000000000, 2.75777753812627e-06, 4.178701074745626e-06, 0.9999749277935515 2.507220644847376e-05, 
13, 0000000000, 0000000000, 2.735280335589981e-06, 4.1394502168525545e-06, 0.9999751632986988 2.4836701301115325e-05, 
14, 0000000000, 0000000000, 0.026140658557071813, 0.0411293956291292, 0.9467930734842798 2.3453747285526642e-05 0.0022729685249297956 0.004915522788783765 0.015311128606224512 0.017887216904598928 0.012796635943897678, 
15, 1111111111, 1111111111, 1.0, 1.0, 0.0 0.0 0.0 0.0 0.0 0.0 1.0, 
16, 1111111111, 1111111111, 1.0, 1.0, 0.0 0.0 0.0 0.0 0.0 0.0 1.0, 
17, 0000000000, 0000000000, 2.6857708103158763e-06, 4.084100896183609e-06, 0.9999754953946229 2.450460537710166e-05, 
18, 0000000000, 0000000000, 2.6697123970806464e-06, 4.040447335744365e-06, 0.9999757573159855 2.4242684014466188e-05, 
19, 0000000000, 0000000000, 2.7139284973869186e-06, 4.124085659640157e-06, 0.9999752554860422 2.4744513957840942e-05, 
20, 1111111111, 1111111111, 1.0, 1.0, 0.0 0.0 0.0 0.0 0.0 0.0 1.0, 
21, 0000000000, 0000000000, 2.7152491527177904e-06, 4.132077506008486e-06, 0.9999752075349639 2.4792465036050913e-05, 
22, 0000000000, 0000000000, 2.7317479683199684e-06, 4.112878239231428e-06, 0.9999753227305647 2.4677269435388566e-05, 
23, 0000000000, 0000000000, 2.626137513102216e-06, 3.968166773716287e-06, 0.9999761909993578 2.3809000642297723e-05, 
24, 0000000000, 0000000000, 2.7543530791526425e-06, 4.184407373409909e-06, 0.9999748935557596 2.510644424045946e-05, 
25, 0000000000, 0000000000, 2.7066599225299372e-06, 4.107382018390611e-06, 0.9999753557078898 2.4644292110343672e-05, 
26, 0000000000, 0000000000, 2.797048046609479e-06, 4.219265474384776e-06, 0.9999746844071536 2.531559284630866e-05, 
27, 0000000000, 0000000000, 2.7386828371590605e-06, 4.163367881167839e-06, 0.999975019792713 2.498020728700704e-05, 
28, 0000000000, 0000000000, 2.6686009648751933e-06, 4.021775264505847e-06, 0.999975869348413 2.413065158703508e-05, 
29, 0000000000, 0000000000, 2.787430358882705e-06, 4.259567374840201e-06, 0.999974442595751 2.555740424904121e-05, 
30, 0000000000, 0000000000, 2.741699514704758e-06, 4.172380856356314e-06, 0.9999749657148618 2.5034285138137885e-05, 
31, 0000000000, 0000000000, 2.726405135776609e-06, 4.1343325428522855e-06, 0.9999751940047429 2.4805995257113713e-05, 
32, 0000000000, 0000000000, 2.7378445016578505e-06, 4.135663508059309e-06, 0.9999751860189516 2.4813981048355855e-05, 
33, 0000000000, 0000000000, 2.761675798305047e-06, 4.202473623773529e-06, 0.9999747851582573 2.5214841742641178e-05, 
34, 0000000000, 0000000000, 2.7742804978400455e-06, 4.2204912577102986e-06, 0.9999746770524537 2.5322947546261793e-05, 
35, 0000000000, 0000000000, 2.8529465764960778e-06, 4.3455190309676995e-06, 0.9999739268858142 2.60731141858062e-05, 
36, 0000000000, 0000000000, 2.6641363975390444e-06, 4.026030338197976e-06, 0.9999758438179708 2.4156182029187852e-05, 
37, 0000000000, 0000000000, 2.7541629578324246e-06, 4.189347880363338e-06, 0.9999748639127177 2.513608728218003e-05, 
38, 0000000000, 0000000000, 2.609092089386252e-06, 3.9315233073554755e-06, 0.9999764108601559 2.3589139844132856e-05, 
39, 0000000000, 0000000000, 2.6267570262242416e-06, 3.9903300379954324e-06, 0.9999760580197721 2.39419802279726e-05, 
40, 0000000000, 0000000000, 2.693323257761242e-06, 4.066981424507001e-06, 0.999975598111453 2.4401888547042004e-05, 
41, 0000000000, 0000000000, 2.774458234556492e-06, 4.192281651915328e-06, 0.9999748463100884 2.515368991149197e-05, 
42, 1111111111, 1111111111, 1.0, 1.0, 0.0 0.0 0.0 0.0 0.0 0.0 1.0, 
43, 0000000000, 0000000000, 2.814769127678949e-06, 4.271765060326059e-06, 0.999974369409638 2.5630590361956356e-05, 
44, 0000000000, 0000000000, 2.637415195042589e-06, 3.996578466622454e-06, 0.9999760205292003 2.3979470799734723e-05, 
45, 0000000000, 0000000000, 2.6842939730184233e-06, 4.068749366251724e-06, 0.9999755875038026 2.4412496197510346e-05, 
46, 0000000000, 0000000000, 2.6301655839098854e-06, 3.9860780533108236e-06, 0.9999760835316801 2.391646831986494e-05, 
47, 0000000000, 0000000000, 2.6758661858750512e-06, 4.058718308509264e-06, 0.9999756476901489 2.4352309851055587e-05, 
48, 0000000000, 0000000000, 2.7374309677399655e-06, 4.154117627749644e-06, 0.9999750752942335 2.4924705766497863e-05, 
49, 0000000000, 0000000000, 2.647605957072803e-06, 4.0197952491167856e-06, 0.9999758812285052 2.4118771494700713e-05, 
50, 0000000000, 0000000000, 2.7101610201733474e-06, 4.123139308509213e-06, 0.9999752611641489 2.473883585105528e-05, 
51, 0000000000, 0000000000, 2.7488349611526217e-06, 4.1646598116252316e-06, 0.9999750120411302 2.498795886975139e-05, 
52, 0000000000, 0000000000, 2.6842457589932184e-06, 4.049168799052353e-06, 0.9999757049872058 2.4295012794314114e-05, 
53, 0000000000, 0000000000, 2.7178249878991955e-06, 4.116584882924327e-06, 0.9999753004907025 2.469950929754596e-05, 
54, 0000000000, 0000000000, 2.7510004801715255e-06, 4.185824690023945e-06, 0.9999748850518599 2.5114948140143668e-05, 
55, 0000000000, 0000000000, 2.755358112507206e-06, 4.188170848227483e-06, 0.9999748709749107 2.5129025089364894e-05, 
56, 1111111111, 1111111111, 1.0, 1.0, 0.0 0.0 0.0 0.0 0.0 0.0 1.0, 
57, 0000000000, 0000000000, 2.6561315664645626e-06, 4.031732640584305e-06, 0.9999758096041564 2.4190395843505835e-05, 
58, 0000000000, 0000000000, 2.780332506106975e-06, 4.215165494730314e-06, 0.9999747090070317 2.529099296838189e-05, 
59, 1111111111, 1111111111, 1.0, 1.0, 0.0 0.0 0.0 0.0 0.0 0.0 1.0, 
60, 0000000000, 0000000000, 2.686956730382747e-06, 4.062622247434088e-06, 0.9999756242665153 2.4375733484604525e-05, 
61, 1111111111, 1111111111, 1.0, 1.0, 0.0 0.0 0.0 0.0 0.0 0.0 1.0, 
62, 0000000000, 0000000000, 2.6498678442878994e-06, 4.024288052048336e-06, 0.9999758542716877 2.4145728312290017e-05, 
63, 0000000000, 0000000000, 2.727530940948561e-06, 4.1104058036266846e-06, 0.9999753375651783 2.4662434821760113e-05, 
64, 0000000000, 0000000000, 2.703833981466771e-06, 4.113981126088233e-06, 0.9999753161132434 2.4683886756529402e-05, 
65, 0000000000, 0000000000, 2.7224630189063804e-06, 4.139703392331379e-06, 0.9999751617796461 2.4838220353988272e-05, 
66, 0000000000, 0000000000, 2.7111913766405018e-06, 4.116633138278654e-06, 0.9999753002011703 2.4699798829671924e-05, 
67, 0000000000, 0000000000, 2.706443012025795e-06, 4.1139962053455086e-06, 0.9999753166606734 2.468270142104798e-05 6.37905512537275e-10, 
68, 1111111111, 1111111111, 1.0, 1.0, 0.0 0.0 0.0 0.0 0.0 0.0 1.0, 
69, 0000000000, 0000000000, 2.629743753925813e-06, 3.959229864631605e-06, 0.9999762446208122 2.3755379187789636e-05, 
70, 0000000000, 0000000000, 2.6783787500826724e-06, 4.04664001095489e-06, 0.9999757201599344 2.4279840065729344e-05, 
71, 0000000000, 0000000000, 2.8065815084658984e-06, 4.276136203431588e-06, 0.9999743431827794 2.5656817220589532e-05, 
72, 0000000000, 0000000000, 2.790656987700226e-06, 4.258108085890597e-06, 0.9999744513514847 2.554864851534358e-05, 
73, 0000000000, 0000000000, 2.655647727474944e-06, 4.02019951796179e-06, 0.9999758788028923 2.4121197107770737e-05, 
74, 1111111111, 1111111111, 1.0, 1.0, 0.0 0.0 0.0 0.0 0.0 0.0 1.0, 
75, 0000000000, 0000000000, 2.6985107901755756e-06, 4.077866751238928e-06, 0.9999755327994926 2.4467200507433575e-05, 
76, 0000000000, 0000000000, 2.6516005625780533e-06, 4.005901485644904e-06, 0.9999759645910862 2.4035408913869426e-05, 
77, 0000000000, 0000000000, 2.663543202526715e-06, 4.044715578365846e-06, 0.9999757317065298 2.4268293470195077e-05, 
78, 0000000000, 0000000000, 2.6488830215484897e-06, 4.007994347933979e-06, 0.9999759520339124 2.4047966087603872e-05, 
79, 0000000000, 0000000000, 2.8477173474255114e-06, 4.3426290951258106e-06, 0.9999739442254293 2.6055774570754863e-05, 
80, 0000000000, 0000000000, 2.766525798040276e-06, 4.2067112119621515e-06, 0.9999747597327282 2.5240267271772912e-05, 
81, 0000000000, 0000000000, 2.7706675428179685e-06, 4.232608057504079e-06, 0.999974604351655 2.5395648345024477e-05, 
82, 0000000000, 0000000000, 2.736595153265189e-06, 4.166646645590126e-06, 0.9999750001201265 2.499987987354076e-05, 
83, 0000000000, 0000000000, 2.7520994505282002e-06, 4.186182849953053e-06, 0.9999748829029003 2.5117097099718325e-05, 
84, 0000000000, 0000000000, 2.769188122321897e-06, 4.211254156122858e-06, 0.9999747324750632 2.526752493673715e-05, 
85, 0000000000, 0000000000, 2.7329458407993077e-06, 4.142720809170143e-06, 0.999975143675145 2.485632485502086e-05, 
86, 1111111111, 1111111111, 1.0, 1.0, 0.0 0.0 0.0 0.0 0.0 0.0 1.0, 
87, 0000000000, 0000000000, 2.650709591778156e-06, 4.012324016266322e-06, 0.9999759260559025 2.4073944097597932e-05, 
88, 0000000000, 0000000000, 2.756414553004033e-06, 4.193837819364028e-06, 0.9999748369730839 2.516302691618417e-05, 
89, 0000000000, 0000000000, 2.7390334455897433e-06, 4.144623329755147e-06, 0.9999751322600214 2.4867739978530885e-05, 
90, 0000000000, 0000000000, 2.67310209691093e-06, 4.0522023092226085e-06, 0.9999756867861446 2.4313213855335654e-05, 
91, 0000000000, 0000000000, 2.738646802467618e-06, 4.167613005565256e-06, 0.9999749943219666 2.5005678033391536e-05, 
92, 0000000000, 0000000000, 2.7112252771624614e-06, 4.120217161680125e-06, 0.99997527869703 2.4721302970080755e-05, 
93, 0000000000, 0000000000, 2.7276991836065606e-06, 4.167570255779242e-06, 0.9999749945784654 2.500542153467546e-05, 
94, 0000000000, 0000000000, 2.6172857911821055e-06, 3.948353262878464e-06, 0.9999763098804227 2.3690119577270786e-05, 
95, 0000000000, 0000000000, 2.69961432680262e-06, 4.117880313744729e-06, 0.9999752927181176 2.4707281882468375e-05, 
96, 0000000000, 0000000000, 2.694522101038797e-06, 4.100109976783557e-06, 0.9999753993401393 2.4600659860701346e-05, 
97, 0000000000, 0000000000, 2.678488281925674e-06, 4.051267200134923e-06, 0.9999756923967992 2.430760320080954e-05, 
98, 0000000000, 0000000000, 2.6404125666995647e-06, 3.998514707405886e-06, 0.9999760108698594 2.398717203659953e-05 1.958103917893909e-09, 
99, 0000000000, 0000000000, 2.7260871626828414e-06, 4.1369225472502126e-06, 0.9999751784647165 2.482153528350128e-05, 
100, 0000000000, 0000000000, 2.7300113072688857e-06, 4.149376669342181e-06, 0.9999751037399839 2.4896260016053092e-05, 
run, initial grid state, final grid state, mean grid cell occupancy, mean binding site occupancy, fraction of time with N TFs bound, warning
1, 0000000000, 0000000000, 2.7031897355373216e-06, 4.100422745017723e-06, 0.9999753974635298 2.4602536470106344e-05, 
2, 0000000000, 0000000000, 2.699577813138337e-06, 4.098366908553954e-06, 0.9999754097985487 2.4590201451323725e-05, 
3, 0000000000, 0000000000, 2.7058000435801225e-06, 4.0710557433967985e-06, 0.9999755736655397 2.4426334460380794e-05, 
4, 0000000000, 0000000000, 2.71171848138823e-06, 4.10169996962973e-06, 0.9999753898001823 2.4610199817778385e-05, 
5, 0000000000, 0000000000, 2.759998702346793e-06, 4.168218951545339e-06, 0.9999749906862907 2.5009313709272034e-05, 
6, 0000000000, 0000000000, 2.836510128085457e-06, 4.302466538322826e-06, 0.9999741852007701 2.581479922993696e-05, 
7, 0000000000, 0000000000, 2.6826936308631055e-06, 4.071050276431894e-06, 0.9999755736983414 2.4426301658591362e-05, 
8, 0000000000, 0000000000, 2.8268023018889424e-06, 4.29156858600397e-06, 0.999974250588484 2.574941151602382e-05, 
9, 0000000000, 0000000000, 2.722108322506501e-06, 4.1187003255128855e-06, 0.9999752877980469 2.4712201953077315e-05, 
10, 1111111111, 1111111111, 1.0, 1.0, 0.0 0.0 0.0 0.0 0.0 0.0 1.0, 
11, 1111111111, 1111111111, 1.0, 1.0, 0.0 0.0 0.0 0.0 0.0 0.0 1.0, 
12, 0000000000, 0000000000, 2.7512604179307983e-06, 4.174541472734075e-06, 0.9999749527511637 2.5047248836404453e-05, 
13, 0000000000, 0000000000, 2.677371354056808e-06, 4.052509463940546e-06, 0.9999756849432164 2.4315056783643278e-05, 
14, 0000000000, 0000000000, 2.720470066550127e-06, 4.128180154417743e-06, 0.9999752309190735 2.4769080926506456e-05, 
15, 0000000000, 0000000000, 2.6964145492271017e-06, 4.094285356597006e-06, 0.9999754342878604 2.4565712139582038e-05, 
16, 0000000000, 0000000000, 2.720112618149064e-06, 4.109437005908749e-06, 0.9999753433779645 2.4656622035452493e-05, 
17, 1111111111, 1111111111, 1.0, 1.0, 0.0 0.0 0.0 0.0 0.0 0.0 1.0, 
18, 0000000000, 0000000000, 2.7367184652502067e-06, 4.154526712790621e-06, 0.9999750728397233 2.4927160276743727e-05, 
19, 0000000000, 0000000000, 2.771815060388792e-06, 4.197365712505316e-06, 0.999974815805725 2.5184194275031898e-05, 
20, 0000000000, 0000000000, 2.7824572809639803e-06, 4.233081246977486e-06, 0.9999746015125182 2.539848748186492e-05, 
21, 0000000000, 0000000000, 2.713764565492559e-06, 4.13301328231938e-06, 0.999975201920306 2.4798079693916284e-05, 
22, 0000000000, 0000000000, 2.6175931050012642e-06, 3.9526997927487224e-06, 0.9999762838012435 2.3716198756492338e-05, 
23, 0000000000, 0000000000, 3.3354325217004456e-05, 2.9611215577235752e-05, 0.9998223327065365 0.00017766729346341454, 
24, 0000000000, 0000000000, 2.7639245617526552e-06, 4.206788611436061e-06, 0.9999747592683315 2.5240731668616365e-05, 
25, 0000000000, 0000000000, 2.7921788066391254e-06, 4.246470142114739e-06, 0.9999745211791472 2.5478820852688443e-05, 
26, 0000000000, 0000000000, 2.7163156393411796e-06, 4.11628872521927e-06, 0.9999753022676486 2.4697732351315622e-05, 
27, 0000000000, 0000000000, 2.715038720716204e-06, 4.097911951097932e-06, 0.9999754125282935 2.4587471706587595e-05, 
28, 1111111111, 1111111111, 1.0, 1.0, 0.0 0.0 0.0 0.0 0.0 0.0 1.0, 
29, 0000000000, 0000000000, 2.783374661484451e-06, 4.226215224434106e-06, 0.9999746427086535 2.5357291346604632e-05, 
30, 0000000000, 0000000000, 2.7156051165923e-06, 4.125043576261634e-06, 0.9999752497385425 2.4750261457569803e-05, 
31, 0000000000, 0000000000, 2.7976164547610492e-06, 4.24866470222778e-06, 0.9999745080117867 2.549198821336668e-05, 
32, 0000000000, 0000000000, 2.715579021574752e-06, 4.111329350369716e-06, 0.9999753320238979 2.4667976102218296e-05, 
33, 0000000000, 0000000000, 2.7841709921297733e-06, 4.241566474167005e-06, 0.9999745506011549 2.5449398845002035e-05, 
34, 0000000000, 0000000000, 2.755472889390393e-06, 4.201307060062316e-06, 0.9999747921576396 2.5207842360373895e-05, 
35, 0000000000, 0000000000, 2.6292399459550408e-06, 3.9837482707521395e-06, 0.9999760975103754 2.3902489624512835e-05, 
36, 1111111111, 1111111111, 1.0, 1.0, 0.0 0.0 0.0 0.0 0.0 0.0 1.0, 
37, 0000000000, 0000000000, 2.5788188677316744e-06, 3.89778662419278e-06, 0.9999766132802549 2.3386719745156682e-05, 
38, 0000000000, 0000000000, 2.7600455239889447e-06, 4.183800903684418e-06, 0.9999748994027066 2.509838916502025e-05 2.2081285431271505e-09, 
39, 0000000000, 0000000000, 2.7485906080545875e-06, 4.187341381653158e-06, 0.9999748759517101 2.512404828991895e-05, 
40, 1111111111, 1111111111, 1.0, 1.0, 0.0 0.0 0.0 0.0 0.0 0.0 1.0, 
41, 0000000000, 0000000000, 2.6856335092315022e-06, 4.055847788865317e-06, 0.9999756649132668 2.4335086733191907e-05, 
42, 0000000000, 0000000000, 2.7071606226600917e-06, 4.104498864293045e-06, 0.9999753730068142 2.462699318575827e-05, 
43, 0000000000, 0000000000, 2.667534926632641e-06, 4.0490857690590656e-06, 0.9999757054853857 2.4294514614354393e-05, 
44, 0000000000, 0000000000, 2.704857390215814e-06, 4.101749644116904e-06, 0.9999753895021354 2.4610497864701427e-05, 
45, 0000000000, 0000000000, 2.6150226524238718e-06, 3.939942324221266e-06, 0.9999763603460546 2.3639653945327602e-05, 
46, 0000000000, 0000000000, 2.6947515258436874e-06, 4.081806449233923e-06, 0.9999755091613045 2.4490838695403533e-05, 
47, 0000000000, 0000000000, 2.7456464842109096e-06, 4.182498361228295e-06, 0.9999749050098327 2.5094990167369775e-05, 
48, 0000000000, 0000000000, 2.7070023675450758e-06, 4.100720705197503e-06, 0.9999753956757688 2.4604324231185015e-05, 
49, 0000000000, 0000000000, 2.726307394640964e-06, 4.125832834145911e-06, 0.9999752450029951 2.475499700487547e-05, 
50, 0000000000, 0000000000, 2.7216178354246904e-06, 4.116583241356484e-06, 0.9999753005005518 2.469949944813891e-05, 
51, 0000000000, 0000000000, 2.727305891069283e-06, 4.139062884955085e-06, 0.9999751656226902 2.483437730973051e-05, 
52, 0000000000, 0000000000, 2.6364826570034713e-06, 3.9958169258411006e-06, 0.9999760250984449 2.39749015550466e-05, 
53, 0000000000, 0000000000, 0.000241256980383537, 0.0004016721412703169, 0.9990591689872073 2.5256239931930125e-05 0.00036194771089235935 0.0005536270619684174, 
54, 0000000000, 0000000000, 2.6791972186414292e-06, 4.063674294641465e-06, 0.9999756179542322 2.438204576784879e-05, 
55, 0000000000, 0000000000, 2.7699768806119294e-06, 4.218838045846962e-06, 0.999974686971725 2.5313028275081772e-05, 
56, 0000000000, 0000000000, 2.766037392578298e-06, 4.199083589525225e-06, 0.9999748054984628 2.5194501537151348e-05, 
57, 1111111111, 1111111111, 1.0, 1.0, 0.0 0.0 0.0 0.0 0.0 0.0 1.0, 
58, 0000000000, 0000000000, 2.7516535293115744e-06, 4.183082922705862e-06, 0.9999749015024638 2.5098497536235175e-05, 
59, 0000000000, 0000000000, 2.701378821312494e-06, 4.085102537387006e-06, 0.9999754893847758 2.4510615224322036e-05, 
60, 0000000000, 0000000000, 2.7782810962019536e-06, 4.21642305411399e-06, 0.9999747014616754 2.5298538324683943e-05, 
61, 0000000000, 0000000000, 2.8497370856824224e-06, 4.3489050564338305e-06, 0.9999739065696615 2.6093430338602988e-05, 
62, 0000000000, 0000000000, 2.721127344808623e-06, 4.1414924906304955e-06, 0.9999751510450562 2.4848954943782978e-05, 
63, 1111111111, 1111111111, 1.0, 1.0, 0.0 0.0 0.0 0.0 0.0 0.0 1.0, 
64, 0000000000, 0000000000, 2.7123716550102146e-06, 4.122853693798387e-06, 0.9999752628778372 2.4737122162790325e-05, 
65, 1111111111, 1111111111, 1.0, 1.0, 0.0 0.0 0.0 0.0 0.0 0.0 1.0, 
66, 0000000000, 0000000000, 0.00024155554768233561, 0.00040218236480534056, 0.9987812148030009 2.4486893745773647e-05 0.00119428761467383 1.0688579536619639e-08, 
67, 0000000000, 0000000000, 2.6786238370614256e-06, 4.05892684161699e-06, 0.9999756464389502 2.4353561049701942e-05, 
68, 1111111111, 1111111111, 1.0, 1.0, 0.0 0.0 0.0 0.0 0.0 0.0 1.0, 
69, 0000000000, 0000000000, 2.742376894158786e-06, 4.15456207173122e-06, 0.9999750726275696 2.492737243038732e-05, 
70, 0000000000, 0000000000, 2.6712950590076116e-06, 4.0515931489956114e-06, 0.9999756904411059 2.430955889397367e-05, 
71, 0000000000, 0000000000, 2.658880790936215e-06, 4.012414124287501e-06, 0.9999759255152543 2.4074484745725006e-05, 
72, 0000000000, 0000000000, 2.5907564845158722e-06, 3.912156125685388e-06, 0.9999765270632459 2.347293675411233e-05, 
73, 0000000000, 0000000000, 2.68141702138535e-06, 4.0392624068716475e-06, 0.9999757644255587 2.423557444122989e-05, 
74, 0000000000, 0000000000, 2.7589628358859166e-06, 4.180192633102534e-06, 0.9999749188442013 2.508115579861521e-05, 
75, 1111111111, 1111111111, 1.0, 1.0, 0.0 0.0 0.0 0.0 0.0 0.0 1.0, 
76, 0000000000, 0000000000, 2.735003057233479e-06, 4.148567227432726e-06, 0.9999751085966354 2.4891403364596352e-05, 
77, 0000000000, 0000000000, 2.6630820231410404e-06, 4.031280658699827e-06, 0.9999758123160478 2.418768395219896e-05, 
78, 0000000000, 0000000000, 2.8475995957613975e-06, 4.328267847569705e-06, 0.9999740303929147 2.596960708541823e-05, 
79, 0000000000, 0000000000, 2.6622628836128195e-06, 4.032524436135731e-06, 0.9999758048533832 2.419514661681439e-05, 
80, 0000000000, 0000000000, 2.691243625128748e-06, 4.0914399579226886e-06, 0.9999754513602525 2.454863974753613e-05, 
81, 0000000000, 0000000000, 2.678124025924748e-06, 4.059518309753879e-06, 0.9999756428901415 2.4357109858523277e-05, 
82, 0000000000, 0000000000, 2.7405147395693993e-06, 4.1563896272747795e-06, 0.9999750616622364 2.4938337763648675e-05, 
83, 1111111111, 1111111111, 1.0, 1.0, 0.0 0.0 0.0 0.0 0.0 0.0 1.0, 
84, 0000000000, 0000000000, 2.79479662787728e-06, 4.245939831652471e-06, 0.9999745243610101 2.5475638989914826e-05, 
85, 0000000000, 0000000000, 2.7140182393819174e-06, 4.103024519757775e-06, 0.9999753818528815 2.4618147118546655e-05, 
86, 0000000000, 0000000000, 2.6761110470936785e-06, 4.046330369513774e-06, 0.9999757220177828 2.427798221708264e-05, 
87, 0000000000, 0000000000, 2.7519632005476597e-06, 4.159885925831853e-06, 0.999975040684445 2.4959315554991116e-05, 
88, 0000000000, 0000000000, 2.796281076732557e-06, 4.239131363957948e-06, 0.9999745652118163 2.5434788183747687e-05, 
89, 0000000000, 0000000000, 2.698394030227543e-06, 4.09252413370402e-06, 0.9999754448551978 2.4555144802224127e-05, 
90, 1111111111, 1111111111, 1.0, 1.0, 0.0 0.0 0.0 0.0 0.0 0.0 1.0, 
91, 0000000000, 0000000000, 2.722200569859017e-06, 4.1229283021314836e-06, 0.9999752624301873 2.47375698127889e-05, 
92, 0000000000, 0000000000, 2.6917533466458467e-06, 4.097570061255884e-06, 0.9999754274275283 2.4559724575609598e-05 1.2847895962851387e-08, 
93, 1111111111, 1111111111, 1.0, 1.0, 0.0 0.0 0.0 0.0 0.0 0.0 1.0, 
94, 0000000000, 0000000000, 2.6695615555719207e-06, 4.0479974974502825e-06, 0.9999757120150153 2.4287984984701695e-05, 
95, 0000000000, 0000000000, 2.7036216666130992e-06, 4.0924882326495e-06, 0.9999754450706041 2.4554929395897e-05, 
96, 0000000000, 0000000000, 2.716629276311075e-06, 4.1287193679927646e-06, 0.9999752276837921 2.4772316207956587e-05, 
97, 0000000000, 0000000000, 0.0002278175967012609, 0.0003792747972243117, 0.9988503140552515 2.3785425540572862e-05 0.0011258381998183612 6.231938952491397e-08, 
98, 0000000000, 0000000000, 2.6700691084665735e-06, 4.040415560130698e-06, 0.9999757575066391 2.424249336078419e-05, 
99, 0000000000, 0000000000, 2.867552259576432e-06, 4.381225788082907e-06, 0.9999737126452715 2.6287354728497445e-05, 
100, 0000000000, 0000000000, 2.722951685982529e-06, 4.131538912610996e-06, 0.9999752107665243 2.478923347566598e-05, 
run, initial grid state, final grid state, mean grid cell occupancy, mean binding site occupancy, fraction of time with N TFs bound, warning
1, 0000000000, 0000000000, 2.7173794166328555e-06, 4.122689497751354e-06, 0.9999752678580386 2.47281469363058e-05 3.9950251011621376e-09, 
2, 0000000000, 0000000000, 2.6188911426726927e-06, 3.936656492361485e-06, 0.9999763800610458 2.3619938954168905e-05, 
3, 0000000000, 0000000000, 2.6600240248423813e-06, 4.040002573079803e-06, 0.9999757599845616 2.4240015438478825e-05, 
4, 0000000000, 0000000000, 2.7524632562595292e-06, 4.17526285815212e-06, 0.9999749484228511 2.5051577148912722e-05, 
5, 1111111111, 0000000000, 0.19158132973661915, 0.1952448831435413, 0.8015056581465512 1.9267264620065688e-05 0.0009439391369513386 0.0036737755673753075 0.001150664799477685 0.002302003087458213 0.19040469199756624, 
6, 0000000000, 0000000000, 2.7312094858402145e-06, 4.142924362041892e-06, 0.9999751424538278 2.4857546172251353e-05, 
7, 0000000000, 0000000000, 2.7594641875051393e-06, 4.162619199166553e-06, 0.999975024284805 2.4975715194999327e-05, 
8, 1111111111, 1111111111, 1.0, 1.0, 0.0 0.0 0.0 0.0 0.0 0.0 1.0, 
9, 0000000000, 0000000000, 2.7000304156137337e-06, 4.108839006495055e-06, 0.9999753469659611 2.465303403897033e-05, 
10, 0000000000, 0000000000, 2.810840011089559e-06, 4.280865638120894e-06, 0.9999743148061713 2.5685193828725367e-05, 
11, 0000000000, 0000000000, 2.7359304931062725e-06, 4.14142961495767e-06, 0.9999751514223102 2.4848577689746022e-05, 
12, 0000000000, 0000000000, 2.6210030445717163e-06, 3.959175871152131e-06, 0.9999762449447731 2.3755055226912787e-05, 
13, 1111111111, 1111111111, 1.0, 1.0, 0.0 0.0 0.0 0.0 0.0 0.0 1.0, 
14, 1111111111, 1111111111, 1.0, 1.0, 0.0 0.0 0.0 0.0 0.0 0.0 1.0, 
15, 1111111111, 1111111111, 1.0, 1.0, 0.0 0.0 0.0 0.0 0.0 0.0 1.0, 
16, 1111111111, 1111111111, 1.0, 1.0, 0.0 0.0 0.0 0.0 0.0 0.0 1.0, 
17, 0000000000, 0000000000, 2.660119345162299e-06, 4.012750248825736e-06, 0.999975923498507 2.4076501492954417e-05, 
18, 0000000000, 0000000000, 2.7022725422898793e-06, 4.116071575365014e-06, 0.99997530780845 2.46879536476341e-05 4.2379022779918845e-09, 
19, 1111111111, 1111111111, 1.0, 1.0, 0.0 0.0 0.0 0.0 0.0 0.0 1.0, 
20, 0000000000, 0000000000, 2.762264853472921e-06, 4.2073792744482606e-06, 0.9999747557243533 2.5244275646689567e-05, 
21, 1111111111, 1111111111, 1.0, 1.0, 0.0 0.0 0.0 0.0 0.0 0.0 1.0, 
22, 0000000000, 0000000000, 2.6837755588980537e-06, 4.058067089164534e-06, 0.999975651597465 2.434840253498721e-05, 
23, 0000000000, 0000000000, 0.008431125223390701, 0.012953682452180933, 0.9821109965780935 2.4662087228289176e-05 0.0013281297654326187 0.003916330292065881 0.004533406829509507 0.003360291785264866 0.004726182662405343, 
24, 1111111111, 1111111111, 1.0, 1.0, 0.0 0.0 0.0 0.0 0.0 0.0 1.0, 
25, 0000000000, 0000000000, 2.7764975223616493e-06, 4.238747055646561e-06, 0.9999745675176661 2.5432482333879366e-05, 
26, 0000000000, 0000000000, 2.7684593023931595e-06, 4.203423903199052e-06, 0.9999747794565808 2.5220543419194316e-05, 
27, 0000000000, 0000000000, 2.6862558577117413e-06, 4.083692562942313e-06, 0.9999754978446224 2.4502155377653872e-05, 
28, 0000000000, 0000000000, 2.6863548949568786e-06, 4.067594358652593e-06, 0.9999755944338481 2.4405566151915558e-05, 
29, 0000000000, 0000000000, 2.6847623646716996e-06, 4.0629981758774784e-06, 0.9999756220109448 2.437798905526487e-05, 
30, 1111111111, 1111111111, 1.0, 1.0, 0.0 0.0 0.0 0.0 0.0 0.0 1.0, 
31, 0000000000, 0000000000, 2.7185615946595735e-06, 4.136099577229303e-06, 0.9999751834025365 2.481659746337582e-05, 
32, 0000000000, 0000000000, 2.703043760939232e-06, 4.088109786386605e-06, 0.9999754713412817 2.452865871831963e-05, 
33, 0000000000, 0000000000, 2.6316768167671056e-06, 3.999636893157382e-06, 0.999976002178641 2.3997821358944296e-05, 
34, 0000000000, 0000000000, 2.7035021959704825e-06, 4.074517876668398e-06, 0.99997555289274 2.444710726001039e-05, 
35, 0000000000, 0000000000, 2.69907358238504e-06, 4.090554481163687e-06, 0.9999754566731129 2.454332688698212e-05, 
36, 0000000000, 0000000000, 2.7298841449404137e-06, 4.125114050447203e-06, 0.9999752493156974 2.475068430268322e-05, 
37, 0000000000, 0000000000, 0.0017036963062145563, 0.0026131957936760607, 0.9937157301431642 2.371217058270813e-05 0.003479121979881411 0.0024285241937761644 0.00035291151259558536, 
38, 0000000000, 0000000000, 2.7871792526127037e-06, 4.246756885200886e-06, 0.9999745204185357 2.547862161725848e-05 9.598469734191894e-10, 
39, 0000000000, 0000000000, 2.6778269091895542e-06, 4.058266031909287e-06, 0.9999756504038086 2.4349596191455725e-05, 
40, 0000000000, 0000000000, 2.6740146295573017e-06, 4.051003456803117e-06, 0.9999756939792591 2.4306020740818707e-05, 
41, 1111111111, 1111111111, 1.0, 1.0, 0.0 0.0 0.0 0.0 0.0 0.0 1.0, 
42, 0000000000, 0000000000, 2.7310159555759906e-06, 4.159272157625966e-06, 0.9999750443670542 2.49556329457558e-05, 
43, 0000000000, 0000000000, 2.689438013704509e-06, 4.073429551784924e-06, 0.9999755594226892 2.4440577310709545e-05, 
44, 0000000000, 0000000000, 2.6991739139041234e-06, 4.074718088176251e-06, 0.9999755516914709 2.444830852905751e-05, 
45, 0000000000, 0000000000, 2.7710947787487034e-06, 4.20878637810375e-06, 0.9999747472817314 2.5252718268622505e-05, 
46, 0000000000, 0000000000, 2.6548264646707335e-06, 4.021710137485562e-06, 0.9999758697391751 2.413026082491337e-05, 
47, 0000000000, 0000000000, 2.70224585300314e-06, 4.099446825092946e-06, 0.9999754033190494 2.459668095055768e-05, 
48, 0000000000, 0000000000, 2.772510475085668e-06, 4.218674537588048e-06, 0.9999746879527744 2.5312047225528288e-05, 
49, 0000000000, 0000000000, 2.6333614873173805e-06, 3.99061746907752e-06, 0.9999760562951855 2.394370481446512e-05, 
50, 0000000000, 0000000000, 2.7325822429996527e-06, 4.151860774404244e-06, 0.9999750888353536 2.491116464642547e-05, 
51, 0000000000, 0000000000, 2.814117059921857e-06, 4.297196341744192e-06, 0.9999742168219496 2.5783178050465146e-05, 
52, 0000000000, 0000000000, 2.818387799953581e-06, 4.2659437164059734e-06, 0.9999744043377016 2.5595662298435842e-05, 
53, 0000000000, 0000000000, 2.5885018725505353e-06, 3.908644572588751e-06, 0.9999765481325644 2.3451867435532508e-05, 
54, 1111111111, 1111111111, 1.0, 1.0, 0.0 0.0 0.0 0.0 0.0 0.0 1.0, 
55, 0000000000, 0000000000, 2.797908054312963e-06, 4.264447685293902e-06, 0.9999744133138883 2.5586686111763414e-05, 
56, 0000000000, 0000000000, 2.812004522531238e-06, 4.28327790528461e-06, 0.9999743003325684 2.569966743170766e-05, 
57, 0000000000, 0000000000, 2.8158685612258798e-06, 4.278960564871368e-06, 0.9999743262366108 2.5673763389228204e-05, 
58, 0000000000, 0000000000, 0.0003888506554919198, 0.0006476774316189748, 0.9982364125255518 2.428528355389376e-05 0.0013561272665226457 0.0003831749243715547, 
59, 0000000000, 0000000000, 2.5283511024857383e-06, 3.84066877686121e-06, 0.9999769559873389 2.3044012661167262e-05, 
60, 0000000000, 0000000000, 2.6383418690880715e-06, 3.989157148692978e-06, 0.9999760650571078 2.393494289215787e-05, 
61, 0000000000, 0000000000, 2.821525333200182e-06, 4.320389131646292e-06, 0.9999740776652101 2.5922334789877753e-05, 
62, 0000000000, 0000000000, 2.715972780163167e-06, 4.118656132147215e-06, 0.9999752880632071 2.4711936792883288e-05, 
63, 0000000000, 0000000000, 2.7202152541829132e-06, 4.11891795062781e-06, 0.9999752864922962 2.471350770376686e-05, 
64, 0000000000, 0000000000, 2.6442547864244994e-06, 3.970544917366933e-06, 0.9999761767304958 2.3823269504201594e-05, 
65, 0000000000, 0000000000, 2.756616965912634e-06, 4.17484805505007e-06, 0.9999749509116698 2.5049088330300428e-05, 
66, 0000000000, 0000000000, 2.6829500159205775e-06, 4.061167264159173e-06, 0.9999756329964151 2.436700358495504e-05, 
67, 0000000000, 0000000000, 2.7953039790220083e-06, 4.25027357930058e-06, 0.9999744983585241 2.5501641475803484e-05, 
68, 1111111111, 1111111111, 1.0, 1.0, 0.0 0.0 0.0 0.0 0.0 0.0 1.0, 
69, 0000000000, 0000000000, 2.652062411239538e-06, 4.0213605176409e-06, 0.9999758718368943 2.4128163105845392e-05, 
70, 0000000000, 0000000000, 2.710313009966711e-06, 4.099689466982528e-06, 0.9999754018631982 2.4598136801895174e-05, 
71, 0000000000, 0000000000, 2.7746698355179105e-06, 4.234708432421785e-06, 0.9999745917494054 2.540825059453071e-05, 
72, 0000000000, 0000000000, 2.811806475175811e-06, 4.277113608914789e-06, 0.9999743477660837 2.564178617896401e-05 1.0447737262362524e-08, 
73, 0000000000, 0000000000, 2.6573480340122425e-06, 4.008013754918717e-06, 0.9999759519174706 2.4048082529512298e-05, 
74, 0000000000, 0000000000, 2.78869900666639e-06, 4.2571941168145746e-06, 0.9999744568352991 2.5543164700887446e-05, 
75, 0000000000, 0000000000, 2.8339759548126207e-06, 4.324390644774006e-06, 0.9999740536561313 2.5946343868644038e-05, 
76, 0000000000, 0000000000, 2.661173734909686e-06, 4.023815267403247e-06, 0.9999758571083956 2.4142891604419483e-05, 
77, 1111111111, 1111111111, 1.0, 1.0, 0.0 0.0 0.0 0.0 0.0 0.0 1.0, 
78, 0000000000, 0000000000, 2.6946107846775647e-06, 4.098269139879571e-06, 0.9999754103851608 2.4589614839277426e-05, 
79, 0000000000, 0000000000, 2.745865056881207e-06, 4.166187069299898e-06, 0.9999750028775842 2.499712241579939e-05, 
80, 0000000000, 0000000000, 2.6539927035240964e-06, 4.01801641732735e-06, 0.999975891901496 2.4108098503964107e-05, 
81, 0000000000, 0000000000, 2.6856885281077577e-06, 4.073073180390646e-06, 0.9999755615609177 2.4438439082343884e-05, 
82, 0000000000, 0000000000, 2.8160442640236245e-06, 4.280074512933242e-06, 0.9999743195529224 2.5680447077599457e-05, 
83, 0000000000, 0000000000, 2.697418881953417e-06, 4.0828567917975e-06, 0.9999755028592492 2.4497140750785e-05, 
84, 1111111111, 1111111111, 1.0, 1.0, 0.0 0.0 0.0 0.0 0.0 0.0 1.0, 
85, 0000000000, 0000000000, 2.755183732581483e-06, 4.165693888158578e-06, 0.9999750058366711 2.4994163328951466e-05, 
86, 0000000000, 0000000000, 2.7682034851550154e-06, 4.219025326932822e-06, 0.9999746858480384 2.5314151961596933e-05, 
87, 0000000000, 0000000000, 2.6367378511028805e-06, 3.969996061780996e-06, 0.9999761800236293 2.3819976370685975e-05, 
88, 0000000000, 0000000000, 2.6868119796922904e-06, 4.075915545997771e-06, 0.9999755445067241 2.445549327598663e-05, 
89, 0000000000, 0000000000, 2.7256655375538255e-06, 4.128112359252617e-06, 0.9999752313258445 2.47686741555157e-05, 
90, 0000000000, 0000000000, 2.72125520236712e-06, 4.123310570924834e-06, 0.9999752601365745 2.4739863425549006e-05, 
91, 0000000000, 0000000000, 2.6905855330582234e-06, 4.077788917486077e-06, 0.999975533266495 2.4466733504916466e-05, 
92, 0000000000, 0000000000, 2.6246977697252405e-06, 3.961072898044098e-06, 0.9999762335626118 2.3766437388264593e-05, 
93, 0000000000, 0000000000, 2.7114458787653906e-06, 4.113755364330588e-06, 0.9999753174678141 2.468253218598353e-05, 
94, 0000000000, 0000000000, 2.74990676305592e-06, 4.170137484461504e-06, 0.9999749791750933 2.502082490676903e-05, 
95, 0000000000, 0000000000, 2.719942353941866e-06, 4.113357222259251e-06, 0.9999753198566665 2.4680143333555505e-05, 
96, 1111111111, 1111111111, 1.0, 1.0, 0.0 0.0 0.0 0.0 0.0 0.0 1.0, 
97, 1111111111, 1111111111, 1.0, 1.0, 0.0 0.0 0.0 0.0 0.0 0.0 1.0, 
98, 0000000000, 0000000000, 2.5827411601892395e-06, 3.913848238570184e-06, 0.9999765169105685 2.348308943142111e-05, 
99, 1111111111, 1111111111, 1.0, 1.0, 0.0 0.0 0.0 0.0 0.0 0.0 1.0, 
100, 0000000000, 0000000000, 2.770055464149181e-06, 4.214267961932651e-06, 0.9999747143922284 2.5285607771595905e-05, 
run, initial grid state, final grid state, mean grid cell occupancy, mean binding site occupancy, fraction of time with N TFs bound, warning
1, 0000000000, 0000000000, 2.6465641376127216e-06, 3.991103640706989e-06, 0.9999760533781556 2.3946621844241936e-05, 
2, 0000000000, 0000000000, 2.845613269291092e-06, 4.349769703044873e-06, 0.9999739013817817 2.609861821826924e-05, 
3, 0000000000, 0000000000, 2.747491003868282e-06, 4.168049129821244e-06, 0.9999749917052211 2.5008294778927462e-05, 
4, 1111111111, 1111111111, 1.0, 1.0, 0.0 0.0 0.0 0.0 0.0 0.0 1.0, 
5, 0000000000, 0000000000, 2.634350233521921e-06, 3.981505057054093e-06, 0.9999761109696577 2.3889030342324557e-05, 
6, 0000000000, 0000000000, 2.8053255331200036e-06, 4.261894079291729e-06, 0.9999744286355242 2.557136447575038e-05, 
7, 0000000000, 0000000000, 2.6923158586158393e-06, 4.089711091918593e-06, 0.9999754617334485 2.453826655151156e-05, 
8, 0000000000, 0000000000, 2.7921663721980055e-06, 4.2277417648781805e-06, 0.9999746335494107 2.5366450589269083e-05, 
9, 0000000000, 0000000000, 2.7053700176503815e-06, 4.102531894190885e-06, 0.9999753848086348 2.4615191365145312e-05, 
10, 0000000000, 0000000000, 2.7282383393879553e-06, 4.143344786880161e-06, 0.9999751399312787 2.4860068721280964e-05, 
11, 0000000000, 0000000000, 4.221674057373069e-05, 6.995770262818192e-05, 0.9997780819139841 2.4089956262718434e-05 0.00019782812975318657, 
12, 0000000000, 0000000000, 2.746342221262752e-06, 4.172275980454829e-06, 0.9999749663441172 2.503365588272898e-05, 
13, 0000000000, 0000000000, 2.7126798979756465e-06, 4.0955608093741944e-06, 0.9999754266351437 2.4573364856245168e-05, 
14, 0000000000, 0000000000, 2.7464356173160454e-06, 4.186106206911576e-06, 0.9999748833627585 2.511663724146946e-05, 
15, 0000000000, 0000000000, 2.6808085405864702e-06, 4.0630324154688195e-06, 0.9999756218055073 2.437819449281292e-05, 
16, 0000000000, 0000000000, 2.7463402437242465e-06, 4.168192356556795e-06, 0.9999749908458606 2.5009154139340774e-05, 
17, 0000000000, 0000000000, 2.638337459285746e-06, 3.979034707466927e-06, 0.9999761257917552 2.387420824480157e-05, 
18, 0000000000, 0000000000, 2.781354353105639e-06, 4.236435026671064e-06, 0.99997458138984 2.5418610160026386e-05, 
19, 0000000000, 0000000000, 0.00019751511770607882, 0.00032879603059230876, 0.9992038373267984 2.3491455029678097e-05 0.0003687289259913989 0.00040394229218045866, 
20, 0000000000, 0000000000, 2.7795747892194637e-06, 4.208906784947945e-06, 0.9999747465592903 2.5253440709687667e-05, 
21, 0000000000, 0000000000, 2.8214444033554976e-06, 4.282080857799128e-06, 0.9999743075148533 2.5692485146794764e-05, 
22, 1111111111, 1111111111, 1.0, 1.0, 0.0 0.0 0.0 0.0 0.0 0.0 1.0, 
23, 0000000000, 0000000000, 2.6703818116360367e-06, 4.043929467926791e-06, 0.9999757364231924 2.4263576807560745e-05, 
24, 0000000000, 0000000000, 2.638212721469244e-06, 4.010123536728709e-06, 0.9999759392587796 2.4060741220372254e-05, 
25, 0000000000, 0000000000, 2.6592140380925097e-06, 4.0429982984918335e-06, 0.9999757420102091 2.4257989790950998e-05, 
26, 0000000000, 0000000000, 2.6637815822397045e-06, 4.036153469471637e-06, 0.9999757830791832 2.4216920816829826e-05, 
27, 0000000000, 0000000000, 2.8383102522283227e-06, 4.314323287682532e-06, 0.9999741195416423 2.5874976989148e-05 5.481368473597935e-09, 
28, 0000000000, 0000000000, 2.7709072770980695e-06, 4.215547889533645e-06, 0.9999747067126629 2.5293287337201873e-05, 
29, 0000000000, 0000000000, 2.7073494993056933e-06, 4.095939315595683e-06, 0.9999754243641065 2.4575635893574102e-05, 
30, 0000000000, 0000000000, 2.6959630926219315e-06, 4.072416885138224e-06, 0.9999755654986892 2.443450131082935e-05, 
31, 1111111111, 1111111111, 1.0, 1.0, 0.0 0.0 0.0 0.0 0.0 0.0 1.0, 
32, 1111111111, 1111111111, 1.0, 1.0, 0.0 0.0 0.0 0.0 0.0 0.0 1.0, 
33, 1111111111, 1111111111, 1.0, 1.0, 0.0 0.0 0.0 0.0 0.0 0.0 1.0, 
34, 0000000000, 0000000000, 2.683865598319446e-06, 4.050442223378282e-06, 0.9999756973466597 2.4302653340269694e-05, 
35, 0000000000, 0000000000, 2.6231736174739044e-06, 3.956660068103449e-06, 0.9999762600395913 2.37399604086207e-05, 
36, 0000000000, 0000000000, 2.7412944801525386e-06, 4.179378855242911e-06, 0.9999749237268686 2.5076273131457466e-05, 
37, 0000000000, 0000000000, 2.742211219595506e-06, 4.167954300011208e-06, 0.9999749922742 2.500772580006725e-05, 
38, 0000000000, 0000000000, 2.721734687412009e-06, 4.1141617731347685e-06, 0.9999753150293611 2.468497063880861e-05, 
39, 0000000000, 0000000000, 2.768395716264367e-06, 4.213064983106607e-06, 0.9999747216101014 2.5278389898639648e-05, 
40, 0000000000, 0000000000, 2.666747639733743e-06, 4.039833561776635e-06, 0.9999757609986294 2.4239001370659818e-05, 
41, 0000000000, 0000000000, 2.7064844628225766e-06, 4.100614615043242e-06, 0.9999753963123098 2.4603687690259455e-05, 
42, 0000000000, 0000000000, 2.64141893281999e-06, 4.022567436598171e-06, 0.9999758645953803 2.4135404619589026e-05, 
43, 0000000000, 0000000000, 2.657692373887661e-06, 4.012386099045398e-06, 0.9999759256834058 2.407431659427239e-05, 
44, 0000000000, 0000000000, 2.7114743438060408e-06, 4.118769305056657e-06, 0.9999752901692649 2.470704563981943e-05 2.7850952602568125e-09, 
45, 0000000000, 0000000000, 2.690796096155878e-06, 4.061959998632605e-06, 0.9999756282400082 2.437175999179564e-05, 
46, 0000000000, 0000000000, 2.6832586964690795e-06, 4.039176585152096e-06, 0.9999757649404891 2.4235059510912576e-05, 
