run, initial grid state, final grid state, mean grid cell occupancy, mean binding site occupancy, fraction of time with N TFs bound, warning
1, 000000, 000000, 5.759492610856934e-05, 5.759492610856934e-05, 0.9996544304433486 0.00034556955665141604, 
2, 000000, 000000, 5.094468348107379e-05, 5.094468348107379e-05, 0.9996943318991135 0.0003056681008864428, 
3, 000000, 000000, 4.998530302004445e-05, 4.998530302004445e-05, 0.9997000881818796 0.0002999118181202667, 
4, 000000, 000000, 5.5398015405508636e-05, 5.5398015405508636e-05, 0.9996676874978121 0.00033223691194251263 7.559024526959373e-08, 
5, 000000, 000000, 5.238364173576774e-05, 5.238364173576774e-05, 0.9996856981495854 0.0003143018504146064, 
6, 000000, 000000, 5.425006205933582e-05, 5.425006205933582e-05, 0.999674499627644 0.0003255003723560149, 
7, 000000, 000000, 4.9385399551392706e-05, 4.9385399551392706e-05, 0.9997036876026917 0.0002963123973083562, 
8, 000000, 000000, 4.9814672064254096e-05, 4.9814672064254096e-05, 0.9997011119676144 0.0002988880323855246, 
9, 000000, 000000, 5.4693756015496625e-05, 5.4693756015496625e-05, 0.9996718374639071 0.00032816253609297975, 
10, 000000, 000000, 5.374027336096471e-05, 5.374027336096471e-05, 0.9996775583598343 0.0003224416401657883, 
11, 000000, 000000, 0.00028456326609249043, 0.00028456326609249043, 0.9989836288353169 0.00032536273281142357 0.0006910084318717595, 
12, 000000, 000000, 5.5487629854986654e-05, 5.5487629854986654e-05, 0.9996670742208701 0.00033292577912991995, 
13, 000000, 000000, 5.252608173348416e-05, 5.252608173348416e-05, 0.999685040249321 0.0003147630109571591 1.9673972187297682e-07, 
14, 000000, 000000, 5.163934981272414e-05, 5.163934981272414e-05, 0.9996901639011235 0.00030983609887634485, 
15, 000000, 000000, 5.2249224225787806e-05, 5.2249224225787806e-05, 0.9996865046546453 0.00031349534535472686, 
16, 000000, 000000, 4.996607215187837e-05, 4.996607215187837e-05, 0.9997003292922452 0.00029954498259842304 1.2572515642359142e-07, 
17, 000000, 000000, 5.1733819683480644e-05, 5.1733819683480644e-05, 0.9996895970818991 0.0003104029181008839, 
18, 000000, 000000, 4.801939653752467e-05, 4.801939653752467e-05, 0.9997118836207749 0.000288116379225148, 
19, 000000, 000000, 5.5453628387944245e-05, 5.5453628387944245e-05, 0.9996672782296723 0.0003327217703276655, 
20, 000000, 000000, 5.4555888524469246e-05, 5.4555888524469246e-05, 0.9996726646688532 0.0003273353311468155, 
21, 000000, 000000, 5.2590733642170394e-05, 5.2590733642170394e-05, 0.9996844555981469 0.0003155444018530224, 
22, 000000, 000000, 5.309162269807205e-05, 5.309162269807205e-05, 0.9996814502638116 0.0003185497361884323, 
23, 000000, 000000, 4.959309696778903e-05, 4.959309696778903e-05, 0.9997024414181933 0.00029755858180673415, 
24, 000000, 000000, 0.0032831411151375257, 0.0032831411151375257, 0.991264228456414 0.0002891459275224024 0.005930419478414739 0.002515962744121778 2.433935269855317e-07, 
25, 000000, 000000, 5.450300389191907e-05, 5.450300389191907e-05, 0.9996729819766486 0.00032701802335151445, 
26, 000000, 000000, 4.920303550031383e-05, 4.920303550031383e-05, 0.9997051699694418 0.0002944418481145546 3.8818244366418743e-07, 
27, 000000, 000000, 5.041639361019183e-05, 5.041639361019183e-05, 0.9996975016383388 0.00030249836166115095, 
28, 000000, 000000, 5.496964295215946e-05, 5.496964295215946e-05, 0.9996701821422871 0.00032981785771295675, 
29, 111000, 000000, 0.001970084899856402, 0.001970084899856402, 0.9952335393119239 0.00030719852654648855 0.0020651060133072318 0.002193525746911525 0.00020063040131072178, 
30, 000000, 000000, 4.82722170171663e-05, 4.82722170171663e-05, 0.999710366697897 0.0002896333021029978, 
31, 000000, 000000, 5.379414821520983e-05, 5.379414821520983e-05, 0.9996772351107087 0.000322764889291259, 
32, 000000, 000000, 5.212016287453865e-05, 5.212016287453865e-05, 0.9996872790227528 0.0003127209772472319, 
33, 000000, 000000, 4.4985253022905617e-05, 4.4985253022905617e-05, 0.9997300884818625 0.00026991151813743374, 
34, 000000, 000000, 5.318603270521101e-05, 5.318603270521101e-05, 0.9996812447396057 0.00031839432455743236 3.6093583691687805e-07, 
35, 000000, 000000, 4.942237525399735e-05, 4.942237525399735e-05, 0.9997034657484761 0.0002965342515239841, 
36, 000000, 000000, 5.604061348180733e-05, 5.604061348180733e-05, 0.9996640662348587 0.00033562384939171306 3.0991574956547644e-07, 
37, 000000, 000000, 4.911461431381518e-05, 4.911461431381518e-05, 0.9997053123141171 0.00029468768588289103, 
38, 000000, 000000, 5.953824557111594e-05, 5.953824557111594e-05, 0.9996428627749713 0.0003570449766305645 9.2248398065567e-08, 
39, 000000, 000000, 5.1194865550378934e-05, 5.1194865550378934e-05, 0.9996928308066977 0.00030716919330227364, 
40, 000000, 000000, 4.940053126412066e-05, 4.940053126412066e-05, 0.9997035968124154 0.000296403187584724, 
41, 000000, 000000, 4.921962397799667e-05, 4.921962397799667e-05, 0.999704682256132 0.00029531774386798004, 
42, 000000, 000000, 5.3103168074019976e-05, 5.3103168074019976e-05, 0.999681380991556 0.0003186190084441199, 
43, 000000, 000000, 5.208767763324162e-05, 5.208767763324162e-05, 0.9996874739342005 0.00031252606579944975, 
44, 000000, 000000, 5.0752066468590775e-05, 5.0752066468590775e-05, 0.9996954876011884 0.00030451239881154466, 
45, 000000, 000000, 5.208106469614554e-05, 5.208106469614554e-05, 0.9996876112184329 0.00031229117495733375 9.760660976975312e-08, 
46, 000000, 000000, 5.030363203825133e-05, 5.030363203825133e-05, 0.9996981782077705 0.000301821792229508, 
47, 000000, 000000, 5.4601880502272095e-05, 5.4601880502272095e-05, 0.9996723887169864 0.00032761128301363255, 
48, 000000, 000000, 0.015412894961465947, 0.015412894961465947, 0.9724626451529752 0.00028561760336768676 0.004487909255052861 0.009795752336521262 0.011011701614657015 0.0019563740374260855, 
49, 000000, 000000, 5.346890159421588e-05, 5.346890159421588e-05, 0.9996798589747026 0.0003194686410295451 6.723842678751264e-07, 
50, 000000, 000000, 0.0021969714382035813, 0.0021969714382035813, 0.9932444616745398 0.000329549746219347 0.006425686854720626 3.017245202972775e-07, 
51, 000000, 000000, 5.078314232313917e-05, 5.078314232313917e-05, 0.9996953011460612 0.00030469885393883506, 
52, 000000, 000000, 4.98769536392832e-05, 4.98769536392832e-05, 0.9997007382781643 0.00029926172183569917, 
53, 000000, 000000, 5.0624536686952605e-05, 5.0624536686952605e-05, 0.9996962527798782 0.00030374722012171566, 
54, 000000, 000000, 5.201108808872237e-05, 5.201108808872237e-05, 0.9996879334714677 0.0003120665285323343, 
55, 000000, 000000, 5.1111774557483655e-05, 5.1111774557483655e-05, 0.9996939894309735 0.00030535049070820977 6.600783183461143e-07, 
56, 000000, 000000, 5.002602152738302e-05, 5.002602152738302e-05, 0.9996998438708358 0.0003001561291642981, 
57, 000000, 000000, 4.9026657628852295e-05, 4.9026657628852295e-05, 0.9997058400542269 0.00029415994577311374, 
58, 000000, 000000, 5.2421846967287264e-05, 5.2421846967287264e-05, 0.9996854689181962 0.0003145310818037236, 
59, 000000, 000000, 5.2837857830821536e-05, 5.2837857830821536e-05, 0.999683134612365 0.0003167036282852378 1.6175934984570457e-07, 
60, 000000, 000000, 5.377631477775488e-05, 5.377631477775488e-05, 0.9996773421113334 0.0003226578886665293, 
61, 000000, 000000, 4.872944809515797e-05, 4.872944809515797e-05, 0.999707623311429 0.0002923766885709478, 
62, 000000, 000000, 5.6658484999351985e-05, 5.6658484999351985e-05, 0.9996600490900038 0.00033995090999611193, 
63, 000000, 000000, 5.200913664908429e-05, 5.200913664908429e-05, 0.9996879451801056 0.0003120548198945057, 
64, 000000, 000000, 5.250544142933247e-05, 5.250544142933247e-05, 0.999684967351424 0.00031503264857599486, 
65, 000000, 000000, 5.089722877089436e-05, 5.089722877089436e-05, 0.9996946433358551 0.00030532995566444555 2.6708480460303168e-08, 
66, 000000, 000000, 5.27555809231795e-05, 5.27555809231795e-05, 0.9996836688140368 0.00031612888638723867 2.0229957591919669e-07, 
67, 000000, 000000, 4.94914239262935e-05, 4.94914239262935e-05, 0.9997030514564422 0.00029694854355776103, 
68, 000000, 000000, 4.938111069946268e-05, 4.938111069946268e-05, 0.9997037133358032 0.0002962866641967761, 
69, 000000, 000000, 5.5263988071808294e-05, 5.5263988071808294e-05, 0.9996685076839716 0.00033140070362586827 9.16124024907393e-08, 
70, 000000, 000000, 5.2933204051142556e-05, 5.2933204051142556e-05, 0.9996824007756931 0.0003175992243068554, 
71, 000000, 000000, 5.2223109306131927e-05, 5.2223109306131927e-05, 0.9996866613441632 0.0003133386558367916, 
72, 000000, 000000, 5.3104385184377516e-05, 5.3104385184377516e-05, 0.9996813736888936 0.0003186263111062651, 
73, 000000, 000000, 4.8410815130822926e-05, 4.8410815130822926e-05, 0.9997095351092151 0.00029046489078493756, 
74, 000000, 000000, 5.0558983938361986e-05, 5.0558983938361986e-05, 0.9996966460963698 0.00030335390363017196, 
75, 000000, 000000, 5.058358718914579e-05, 5.058358718914579e-05, 0.999696498476865 0.0003035015231348748, 
76, 000000, 000000, 5.136761557868479e-05, 5.136761557868479e-05, 0.9996917943065279 0.00030820569347210877, 
77, 000000, 000000, 5.1735195814406294e-05, 5.1735195814406294e-05, 0.9996895888251135 0.00031041117488643776, 
78, 000000, 000000, 4.961161312219575e-05, 4.961161312219575e-05, 0.9997023303212669 0.0002976696787331745, 
79, 000000, 000000, 5.1312092139722094e-05, 5.1312092139722094e-05, 0.9996921274471616 0.00030787255283833256, 
80, 000000, 000000, 4.925391684285845e-05, 4.925391684285845e-05, 0.9997044764989429 0.0002955235010571507, 
81, 000000, 000000, 5.3419195505446526e-05, 5.3419195505446526e-05, 0.999679563190117 0.00032035844673324797 7.836314971558749e-08, 
82, 000000, 000000, 5.021151624916171e-05, 5.021151624916171e-05, 0.9996988959673058 0.000300938967893696 1.6506480063710893e-07, 
83, 000000, 000000, 4.872013334201445e-05, 4.872013334201445e-05, 0.999707679199948 0.0002923208000520867, 
84, 000000, 000000, 5.455188077544312e-05, 5.455188077544312e-05, 0.9996726887153474 0.00032731128465265875, 
85, 000000, 000000, 4.9101366899327e-05, 4.9101366899327e-05, 0.999705391798604 0.000294608201395962, 
86, 000000, 000000, 5.446395472662138e-05, 5.446395472662138e-05, 0.9996732162716403 0.0003267837283597283, 
87, 000000, 000000, 5.549014780444979e-05, 5.549014780444979e-05, 0.9996670591131733 0.00033294088682669877, 
88, 000000, 000000, 5.187204862994989e-05, 5.187204862994989e-05, 0.9996887677082203 0.0003112322917796993, 
89, 000000, 000000, 5.5087493766103955e-05, 5.5087493766103955e-05, 0.9996694750374034 0.00033052496259662373, 
90, 000000, 000000, 5.377235637209217e-05, 5.377235637209217e-05, 0.9996773658617674 0.000322634138232553, 
91, 000000, 000000, 5.363236555369319e-05, 5.363236555369319e-05, 0.9996782058066778 0.00032179419332215915, 
92, 000000, 000000, 5.687843468663289e-05, 5.687843468663289e-05, 0.9996587293918802 0.0003412706081197974, 
93, 000000, 000000, 5.3158147177354513e-05, 5.3158147177354513e-05, 0.9996810511169358 0.0003189488830641271, 
94, 000000, 000000, 5.026312039491831e-05, 5.026312039491831e-05, 0.9996984212776304 0.00030157872236950985, 
95, 000000, 000000, 5.262672422021189e-05, 5.262672422021189e-05, 0.9996842396546788 0.00031576034532127136, 
96, 000000, 000000, 4.963484666470616e-05, 4.963484666470616e-05, 0.9997021909200118 0.00029780907998823696, 
97, 000000, 000000, 4.995258411586711e-05, 4.995258411586711e-05, 0.9997002844953048 0.00029971550469520266, 
98, 000000, 000000, 5.0193563443066894e-05, 5.0193563443066894e-05, 0.9996988386193416 0.0003011613806584014, 
99, 000000, 000000, 5.445477392898986e-05, 5.445477392898986e-05, 0.999673271356426 0.0003267286435739392, 
100, 000000, 000000, 5.1624921383741086e-05, 5.1624921383741086e-05, 0.9996902504716977 0.0003097495283024465, 
run, initial grid state, final grid state, mean grid cell occupancy, mean binding site occupancy, fraction of time with N TFs bound, warning
1, 000000, 000000, 5.3144012132930855e-05, 5.3144012132930855e-05, 0.9996811359272024 0.0003188640727975851, 
2, 000000, 000000, 5.536197240919066e-05, 5.536197240919066e-05, 0.9996678281655449 0.00033217183445514396, 
3, 000000, 000000, 4.958752531314367e-05, 4.958752531314367e-05, 0.9997024748481211 0.00029752515187886206, 
4, 000000, 000000, 5.4647188242545995e-05, 5.4647188242545995e-05, 0.9996721168705447 0.000327883129455276, 
5, 000000, 000000, 5.113634168524142e-05, 5.113634168524142e-05, 0.9996933353684511 0.0003065112129863118 1.5341856256836936e-07, 
6, 000000, 000000, 5.29574390618741e-05, 5.29574390618741e-05, 0.9996822553656287 0.0003177446343712446, 
7, 000000, 000000, 5.3783843140795534e-05, 5.3783843140795534e-05, 0.9996774595278614 0.0003223778854325524 1.625867061104093e-07, 
8, 000000, 000000, 5.3297215135486724e-05, 5.3297215135486724e-05, 0.9996802167091872 0.0003197832908129204, 
9, 000000, 000000, 5.14539582674084e-05, 5.14539582674084e-05, 0.9996912762503956 0.0003087237496044504, 
10, 000000, 000000, 4.9830599036375594e-05, 4.9830599036375594e-05, 0.9997010164057818 0.0002989835942182536, 
11, 000000, 000000, 5.396140077990774e-05, 5.396140077990774e-05, 0.9996762315953206 0.00032376840467944647, 
12, 000000, 000000, 4.972699416902278e-05, 4.972699416902278e-05, 0.999701638034986 0.00029836196501413666, 
13, 000000, 000000, 5.4058832651800614e-05, 5.4058832651800614e-05, 0.9996756470040893 0.0003243529959108037, 
14, 000000, 000000, 5.075636448370927e-05, 5.075636448370927e-05, 0.9996954618130977 0.0003045381869022557, 
15, 000000, 000000, 5.381439610240132e-05, 5.381439610240132e-05, 0.9996771136233855 0.00032288637661440794, 
16, 000000, 000000, 5.5738919804214694e-05, 5.5738919804214694e-05, 0.9996655664811747 0.0003344335188252882, 
17, 000000, 000000, 5.149435653944655e-05, 5.149435653944655e-05, 0.9996910338607634 0.0003089661392366793, 
18, 000000, 000000, 5.265610525061825e-05, 5.265610525061825e-05, 0.9996840633684964 0.00031593663150370947, 
19, 000000, 000000, 5.419929876217212e-05, 5.419929876217212e-05, 0.999674804207427 0.00032519579257303267, 
20, 000000, 000000, 5.082959875361217e-05, 5.082959875361217e-05, 0.9996950224074783 0.00030497759252167306, 
21, 000000, 000000, 4.9569573416428644e-05, 4.9569573416428644e-05, 0.9997025825595014 0.0002974174404985719, 
22, 000000, 000000, 5.0831304622873626e-05, 5.0831304622873626e-05, 0.9996950121722628 0.00030498782773724176, 
23, 000000, 000000, 5.1712007293193734e-05, 5.1712007293193734e-05, 0.9996897279562409 0.00031027204375916247, 
24, 000000, 000000, 5.048146084421694e-05, 5.048146084421694e-05, 0.9996971112349347 0.00030288876506530166, 
25, 000000, 000000, 5.6623156710746725e-05, 5.6623156710746725e-05, 0.9996602610597355 0.0003397389402644804, 
26, 000000, 000000, 5.625407029306532e-05, 5.625407029306532e-05, 0.9996624755782417 0.0003375244217583919, 
27, 000000, 000000, 5.182914859161617e-05, 5.182914859161617e-05, 0.9996890251084503 0.000310974891549697, 
28, 000000, 000000, 0.0001331183128272566, 0.0001331183128272566, 0.99945461048252 0.00029206915799619295 0.0002533203594836734, 
29, 000000, 000000, 5.0963496034025385e-05, 5.0963496034025385e-05, 0.9996945809210944 0.00030505718160704886 3.618972985517411e-07, 
30, 000000, 000000, 5.194607510613159e-05, 5.194607510613159e-05, 0.9996883235493632 0.00031167645063678954, 
31, 000000, 000000, 5.242408090547855e-05, 5.242408090547855e-05, 0.9996854555145671 0.0003145444854328713, 
32, 000000, 000000, 5.334762823831147e-05, 5.334762823831147e-05, 0.9996799579396666 0.00031999835123696 4.3709096454438704e-08, 
33, 000000, 000000, 5.3452040136783405e-05, 5.3452040136783405e-05, 0.9996794395640486 0.00032040863108212346 1.5180486928848992e-07, 
34, 000000, 000000, 5.2825302040052864e-05, 5.2825302040052864e-05, 0.9996830481877595 0.0003169518122403172, 
35, 000000, 000000, 4.631408265333684e-05, 4.631408265333684e-05, 0.99972211550408 0.00027788449592002103, 
36, 000000, 000000, 4.917732196572985e-05, 4.917732196572985e-05, 0.9997049360682057 0.0002950639317943791, 
37, 000000, 000000, 5.200772727841687e-05, 5.200772727841687e-05, 0.9996879536363296 0.0003120463636705012, 
38, 000000, 000000, 5.165766865073355e-05, 5.165766865073355e-05, 0.9996900539880956 0.0003099460119044013, 
39, 000000, 000000, 5.158847633042002e-05, 5.158847633042002e-05, 0.9996904691420174 0.0003095308579825202, 
40, 000000, 000000, 5.3175697796251985e-05, 5.3175697796251985e-05, 0.9996809458132225 0.00031905418677751195, 
41, 000000, 000000, 5.1961589252028816e-05, 5.1961589252028816e-05, 0.9996882304644878 0.0003117695355121729, 
42, 000000, 000000, 5.536688652091171e-05, 5.536688652091171e-05, 0.9996677986808745 0.00033220131912547026, 
43, 000000, 000000, 5.1722210074005646e-05, 5.1722210074005646e-05, 0.9996897202070757 0.00031022632540450226 5.3467519765808465e-08, 
44, 000000, 000000, 5.1922544110028425e-05, 5.1922544110028425e-05, 0.9996884647353398 0.0003115352646601705, 
45, 000000, 000000, 5.413435871357663e-05, 5.413435871357663e-05, 0.9996751938477184 0.00032480615228145976, 
46, 000000, 000000, 5.130652952283547e-05, 5.130652952283547e-05, 0.999692160822863 0.00030783917713701276, 
47, 000000, 000000, 5.0696873061184075e-05, 5.0696873061184075e-05, 0.9996958187616329 0.0003041812383671045, 
48, 000000, 000000, 4.9666222797799695e-05, 4.9666222797799695e-05, 0.9997020026632132 0.0002979973367867982, 
49, 000000, 000000, 5.3546321958075385e-05, 5.3546321958075385e-05, 0.9996787220682516 0.0003212779317484523, 
50, 000000, 000000, 5.1487697357958885e-05, 5.1487697357958885e-05, 0.9996910738158522 0.0003089261841477533, 
51, 000000, 000000, 5.1457062320782065e-05, 5.1457062320782065e-05, 0.9996912576260752 0.0003087423739246924, 
52, 000000, 000000, 5.2596558588702836e-05, 5.2596558588702836e-05, 0.9996844206484677 0.000315579351532217, 
53, 000000, 000000, 4.6838613844363985e-05, 4.6838613844363985e-05, 0.9997189683169337 0.0002810316830661839, 
54, 000000, 000000, 4.819252598119666e-05, 4.819252598119666e-05, 0.9997109728407788 0.00028889916255545246 1.279966658637637e-07, 
55, 000000, 000000, 5.600273513444475e-05, 5.600273513444475e-05, 0.9996639835891934 0.0003360164108066685, 
56, 000000, 000000, 4.851931277413778e-05, 4.851931277413778e-05, 0.9997088841233552 0.00029111587664482666, 
57, 000000, 000000, 5.0741242066247724e-05, 5.0741242066247724e-05, 0.9996956853949267 0.00030418175774917514 1.3284732415562582e-07, 
58, 000000, 000000, 5.2383630224081915e-05, 5.2383630224081915e-05, 0.9996856982186555 0.00031430178134449156, 
59, 000000, 000000, 5.636506723679749e-05, 5.636506723679749e-05, 0.9996618095965794 0.00033819040342078494, 
60, 000000, 000000, 5.4203093876378624e-05, 5.4203093876378624e-05, 0.9996747814367417 0.00032521856325827173, 
61, 000000, 000000, 5.549144448826776e-05, 5.549144448826776e-05, 0.9996670513330703 0.00033294866692960655, 
62, 000000, 000000, 5.519011999467476e-05, 5.519011999467476e-05, 0.999668859280032 0.00033114071996804856, 
63, 000000, 000000, 5.3927699573120184e-05, 5.3927699573120184e-05, 0.9996764338025613 0.0003235661974387211, 
64, 000000, 000000, 5.381919290422875e-05, 5.381919290422875e-05, 0.9996770848425746 0.0003229151574253725, 
65, 000000, 000000, 5.466922315622685e-05, 5.466922315622685e-05, 0.9996719846610627 0.0003280153389373611, 
66, 000000, 000000, 5.2708341607112454e-05, 5.2708341607112454e-05, 0.9996837499503572 0.00031625004964267475, 
67, 000000, 000000, 0.0018053312763317178, 0.0018053312763317178, 0.9944283194804717 0.000311373381066336 0.005260307138461985, 
68, 000000, 000000, 5.235344499331432e-05, 5.235344499331432e-05, 0.999685888930282 0.0003141014694761551 9.600241865430558e-09, 
69, 000000, 000000, 5.370724982353392e-05, 5.370724982353392e-05, 0.999678057852666 0.0003216407957270577 3.01351607072921e-07, 
70, 000000, 000000, 5.450839409411049e-05, 5.450839409411049e-05, 0.9996729496354354 0.0003270503645646629, 
71, 000000, 000000, 5.0427471982399646e-05, 5.0427471982399646e-05, 0.9996974351681056 0.00030256483189439784, 
72, 000000, 000000, 5.19411263785616e-05, 5.19411263785616e-05, 0.9996887903016157 0.00031077263849732317 4.370598870231991e-07, 
73, 000000, 000000, 4.959799211761987e-05, 4.959799211761987e-05, 0.9997024120472944 0.00029758795270571926, 
74, 000000, 000000, 0.00016744178688990854, 0.00016744178688990854, 0.9993265844486192 0.0003421803814222231 0.0003312351699586141, 
75, 000000, 000000, 5.362548682473056e-05, 5.362548682473056e-05, 0.9996782470790517 0.0003217529209483834, 
76, 000000, 000000, 5.4938948133018184e-05, 5.4938948133018184e-05, 0.999670366311202 0.0003296336887981091, 
77, 000000, 000000, 5.262374668944678e-05, 5.262374668944678e-05, 0.999684521347645 0.0003152148245734397 2.6382778162047974e-07, 
78, 000000, 000000, 4.559374623621798e-05, 4.559374623621798e-05, 0.9997264375225827 0.0002735624774173079, 
79, 000000, 000000, 5.486849399247051e-05, 5.486849399247051e-05, 0.9996707890360451 0.00032921096395482305, 
80, 000000, 000000, 5.909709325440781e-05, 5.909709325440781e-05, 0.9996454174404735 0.0003545825595264469, 
81, 000000, 000000, 5.266580458188323e-05, 5.266580458188323e-05, 0.9996840051725087 0.00031599482749129944, 
82, 000000, 000000, 5.382378601349421e-05, 5.382378601349421e-05, 0.9996770572839191 0.0003229427160809653, 
83, 000000, 000000, 5.835636601371103e-05, 5.835636601371103e-05, 0.9996498618039178 0.00035013819608226615, 
84, 000000, 000000, 5.1175273524596246e-05, 5.1175273524596246e-05, 0.9996929483588525 0.0003070516411475775, 
85, 000000, 000000, 5.346491701476172e-05, 5.346491701476172e-05, 0.9996792104979114 0.0003207895020885703, 
86, 000000, 000000, 5.181003804118656e-05, 5.181003804118656e-05, 0.9996891397717529 0.0003108602282471194, 
87, 000000, 000000, 4.8713387259577005e-05, 4.8713387259577005e-05, 0.9997077196764425 0.0002922803235574621, 
88, 000000, 000000, 0.003938538677668709, 0.003938538677668709, 0.9904346001444269 0.00031646580039833625 0.004432796021289995 0.004815377912505353 7.601213794662838e-07, 
89, 000000, 000000, 5.124114972462534e-05, 5.124114972462534e-05, 0.9996925531016523 0.00030744689834775205, 
90, 000000, 000000, 4.930270509402422e-05, 4.930270509402422e-05, 0.9997041837694358 0.0002958162305641453, 
91, 000000, 000000, 5.154406604994942e-05, 5.154406604994942e-05, 0.9996907356037003 0.00030926439629969647, 
92, 000000, 000000, 5.147826309983817e-05, 5.147826309983817e-05, 0.999691130421401 0.00030886957859902907, 
93, 000000, 000000, 5.3139461117508476e-05, 5.3139461117508476e-05, 0.9996811632332949 0.00031883676670505087, 
94, 000000, 000000, 5.620169750486781e-05, 5.620169750486781e-05, 0.9996627898149708 0.00033721018502920686, 
95, 000000, 000000, 5.0004005844116956e-05, 5.0004005844116956e-05, 0.999700067127237 0.0002998417104613031 9.116230169932046e-08, 
96, 000000, 000000, 5.308100275743931e-05, 5.308100275743931e-05, 0.9996815139834554 0.0003184860165446359, 
97, 000000, 000000, 5.352358307264671e-05, 5.352358307264671e-05, 0.9996788585015641 0.00032114149843588024, 
98, 000000, 000000, 5.1588378938887154e-05, 5.1588378938887154e-05, 0.9996904697263667 0.00030953027363332295, 
99, 000000, 000000, 5.2687333940073604e-05, 5.2687333940073604e-05, 0.9996838759963595 0.0003161240036404416, 
100, 000000, 000000, 4.7346781394200514e-05, 4.7346781394200514e-05, 0.9997159193116348 0.00028408068836520314, 
run, initial grid state, final grid state, mean grid cell occupancy, mean binding site occupancy, fraction of time with N TFs bound, warning
1, 000000, 000000, 5.203935578920847e-05, 5.203935578920847e-05, 0.9996877638652647 0.00031223613473525087, 
2, 000000, 000000, 5.0468802343107025e-05, 5.0468802343107025e-05, 0.9996971871859414 0.0003028128140586421, 
3, 000000, 000000, 5.534498379100845e-05, 5.534498379100845e-05, 0.9996679300972539 0.0003320699027460507, 
4, 000000, 000000, 5.244450523405298e-05, 5.244450523405298e-05, 0.9996853329685957 0.0003146670314043179, 
5, 000000, 000000, 0.001901074367485979, 0.001901074367485979, 0.9941438127696554 0.00030621213311550824 0.005549691219887052 2.8387734208788186e-07, 
6, 000000, 000000, 5.269736445165558e-05, 5.269736445165558e-05, 0.99968381581329 0.0003161841867099335, 
7, 000000, 000000, 5.395910046725622e-05, 5.395910046725622e-05, 0.9996762453971965 0.00032375460280353733, 
8, 000000, 000000, 4.843795993905321e-05, 4.843795993905321e-05, 0.9997093722403657 0.0002906277596343193, 
9, 000000, 000000, 5.501375474466199e-05, 5.501375474466199e-05, 0.999669917471532 0.00033008252846797195, 
10, 000000, 000000, 0.00043897387679261274, 0.00043897387679261274, 0.9985336324962899 0.00029889174666458256 0.001167475757045547, 
11, 000000, 000000, 5.292562025829158e-05, 5.292562025829158e-05, 0.9996824462784503 0.0003175537215497495, 
12, 000000, 000000, 5.1194715759324245e-05, 5.1194715759324245e-05, 0.9996928317054441 0.0003071682945559455, 
13, 000000, 000000, 5.1512504551659185e-05, 5.1512504551659185e-05, 0.9996909249726901 0.00030907502730995515, 
14, 000000, 000000, 5.525506820758922e-05, 5.525506820758922e-05, 0.9996684695907545 0.0003315304092455353, 
15, 000000, 000000, 5.1344344729668e-05, 5.1344344729668e-05, 0.9996919339316219 0.0003080660683780081, 
16, 000000, 000000, 5.159695745852977e-05, 5.159695745852977e-05, 0.9996904182552488 0.0003095817447511786, 
17, 000000, 000000, 4.848085089040938e-05, 4.848085089040938e-05, 0.9997091148946575 0.0002908851053424563, 
18, 000000, 000000, 5.162509625908617e-05, 5.162509625908617e-05, 0.9996902494224454 0.00030975057755451704, 
19, 000000, 000000, 5.065938577790457e-05, 5.065938577790457e-05, 0.9996960436853326 0.00030395631466742745, 
20, 000000, 000000, 5.585165752328042e-05, 5.585165752328042e-05, 0.9996648900548604 0.0003351099451396825, 
21, 000000, 000000, 4.747902223069611e-05, 4.747902223069611e-05, 0.9997151258666158 0.0002848741333841767, 
22, 000000, 000000, 5.1955110067614745e-05, 5.1955110067614745e-05, 0.9996882693395943 0.0003117306604056885, 
23, 000000, 000000, 5.235144756739781e-05, 5.235144756739781e-05, 0.9996859827902398 0.0003139257341161636 9.147564411163329e-08, 
24, 000000, 000000, 5.1972477984439155e-05, 5.1972477984439155e-05, 0.9996881651320934 0.00031183486790663494, 
25, 000000, 000000, 4.629356687531407e-05, 4.629356687531407e-05, 0.9997222385987482 0.00027776140125188443, 
26, 000000, 000000, 5.496531766381675e-05, 5.496531766381675e-05, 0.9996702080940171 0.00032979190598290053, 
27, 000000, 000000, 4.7809770788360116e-05, 4.7809770788360116e-05, 0.9997131413752698 0.0002868586247301607, 
28, 000000, 000000, 5.05432299413685e-05, 5.05432299413685e-05, 0.9996967406203517 0.000303259379648211, 
29, 000000, 000000, 5.36367700664823e-05, 5.36367700664823e-05, 0.9996781793796011 0.00032182062039889383, 
30, 000000, 000000, 5.2474631765416504e-05, 5.2474631765416504e-05, 0.9996851522094075 0.00031484779059249906, 
31, 000000, 000000, 5.085112056481326e-05, 5.085112056481326e-05, 0.9996948932766112 0.0003051067233888796, 
32, 000000, 000000, 5.197104762705408e-05, 5.197104762705408e-05, 0.9996881737142377 0.0003118262857623245, 
33, 000000, 000000, 5.376216632384979e-05, 5.376216632384979e-05, 0.9996774270020569 0.0003225729979430988, 
34, 000000, 000000, 5.2099050938867365e-05, 5.2099050938867365e-05, 0.9996874056943668 0.00031259430563320415, 
35, 000000, 000000, 5.35047828686405e-05, 5.35047828686405e-05, 0.9996789713027882 0.00032102869721184306, 
36, 000000, 000000, 5.270710839110271e-05, 5.270710839110271e-05, 0.9996837573496533 0.00031624265034661624, 
37, 000000, 000000, 5.223550913564208e-05, 5.223550913564208e-05, 0.9996865869451862 0.0003134130548138525, 
38, 000000, 000000, 5.562215002694726e-05, 5.562215002694726e-05, 0.9996666315353518 0.0003330040291347362 3.6443551347369235e-07, 
39, 000000, 000000, 5.1515514328817435e-05, 5.1515514328817435e-05, 0.9996909069140272 0.00030909308597290466, 
40, 000000, 000000, 5.15210113852185e-05, 5.15210113852185e-05, 0.9996908739316887 0.000309126068311311, 
41, 000000, 000000, 5.3696129838238084e-05, 5.3696129838238084e-05, 0.9996778232209707 0.0003221767790294285, 
42, 000000, 000000, 5.4991164380874664e-05, 5.4991164380874664e-05, 0.9996700722945655 0.0003299084245837005 1.9280850773765925e-08, 
43, 000000, 000000, 5.6113827871907796e-05, 5.6113827871907796e-05, 0.9996636556537438 0.0003360057252807305 3.3862097535814553e-07, 
44, 000000, 000000, 5.156581119202948e-05, 5.156581119202948e-05, 0.9996906051328479 0.0003093948671521769, 
45, 000000, 000000, 0.0002927789238063468, 0.0002927789238063468, 0.9989658937268576 0.00031217550755175663 0.0007212942614856787 6.365041049889155e-07, 
46, 000000, 000000, 5.753021323256191e-05, 5.753021323256191e-05, 0.9996548187206047 0.0003451812793953715, 
47, 000000, 000000, 5.190865058225991e-05, 5.190865058225991e-05, 0.9996885480965063 0.0003114519034935595, 
48, 000000, 000000, 5.081029687219376e-05, 5.081029687219376e-05, 0.9996951382187669 0.0003048617812331626, 
49, 000000, 000000, 5.07349831239055e-05, 5.07349831239055e-05, 0.9996955901012566 0.0003044098987434331, 
50, 000000, 000000, 5.050930457012029e-05, 5.050930457012029e-05, 0.9996969441725794 0.0003030558274207217, 
51, 000000, 000000, 5.1979488912163465e-05, 5.1979488912163465e-05, 0.999688123066527 0.0003118769334729808, 
52, 000000, 000000, 5.035744978500226e-05, 5.035744978500226e-05, 0.99969785530129 0.0003021446987100136, 
53, 000000, 000000, 0.0017796907617793976, 0.0017796907617793976, 0.9945018102015865 0.0003211441994275443 0.005174136425709071 2.9091732768998256e-06, 
54, 000000, 000000, 4.8382491531193154e-05, 4.8382491531193154e-05, 0.9997097050508128 0.0002902949491871589, 
55, 000000, 000000, 4.856202973868693e-05, 4.856202973868693e-05, 0.9997086278215679 0.0002913721784321216, 
56, 000000, 000000, 5.273365983384287e-05, 5.273365983384287e-05, 0.9996835980409969 0.00031640195900305726, 
57, 000000, 000000, 5.559759688332982e-05, 5.559759688332982e-05, 0.9996664144187 0.0003335855812999789, 
58, 000000, 000000, 5.001417719077066e-05, 5.001417719077066e-05, 0.9997003700290368 0.0002991748787816676 4.550921814782278e-07, 
59, 000000, 000000, 5.458290954833161e-05, 5.458290954833161e-05, 0.99967250254271 0.0003274974572899897, 
60, 000000, 000000, 4.952371782755634e-05, 4.952371782755634e-05, 0.9997028576930347 0.00029714230696533804, 
61, 000000, 000000, 5.608957848197723e-05, 5.608957848197723e-05, 0.9996634625291082 0.0003365374708918634, 
62, 000000, 000000, 5.364759743668511e-05, 5.364759743668511e-05, 0.9996781144153798 0.0003218855846201106, 
63, 000000, 000000, 4.880000295377117e-05, 4.880000295377117e-05, 0.9997071999822774 0.0002928000177226271, 
64, 000000, 000000, 5.556388464587496e-05, 5.556388464587496e-05, 0.9996666166921248 0.00033338330787524974, 
65, 000000, 000000, 5.6640576655423146e-05, 5.6640576655423146e-05, 0.9996601608310364 0.00033983487799470354 4.290968917665027e-09, 
66, 000000, 000000, 5.684173707304448e-05, 5.684173707304448e-05, 0.9996589495775616 0.00034105042243826684, 
67, 000000, 000000, 5.151113052388532e-05, 5.151113052388532e-05, 0.9996909332168566 0.00030906678314331196, 
68, 000000, 000000, 0.0038346622150914715, 0.0038346622150914715, 0.9883621720284552 0.0002719764794573338 0.011361557665170998 4.293826916501635e-06, 
69, 000000, 000000, 5.089483264084165e-05, 5.089483264084165e-05, 0.9996946310041549 0.00030536899584504996, 
70, 000000, 000000, 5.338488562138841e-05, 5.338488562138841e-05, 0.9996796906862716 0.00032030931372833044, 
71, 000000, 000000, 4.9305746172710964e-05, 4.9305746172710964e-05, 0.9997041655229638 0.0002958344770362658, 
72, 000000, 000000, 4.827381572305638e-05, 4.827381572305638e-05, 0.9997103571056617 0.0002896428943383383, 
73, 000000, 000000, 5.507997678657195e-05, 5.507997678657195e-05, 0.9996695201392806 0.00033047986071943166, 
74, 000000, 000000, 0.002117265813872666, 0.002117265813872666, 0.9935019352094026 0.0002936064722275907 0.006203386544101124 1.0717742687179927e-06, 
75, 000000, 000000, 5.489314342408285e-05, 5.489314342408285e-05, 0.9996706411394555 0.0003293588605444971, 
76, 000000, 000000, 5.256088144338408e-05, 5.256088144338408e-05, 0.9996846347113397 0.0003153652886603045, 
77, 000000, 000000, 5.264977805027916e-05, 5.264977805027916e-05, 0.9996841013316983 0.000315898668301675, 
78, 000000, 000000, 5.699165827057641e-05, 5.699165827057641e-05, 0.9996580500503766 0.0003419499496234585, 
79, 000000, 000000, 5.3351876787988755e-05, 5.3351876787988755e-05, 0.9996798887392719 0.00032011126072793256, 
80, 000000, 000000, 5.608815043506247e-05, 5.608815043506247e-05, 0.9996634710973897 0.00033652890261037484, 
81, 000000, 000000, 4.926639264123516e-05, 4.926639264123516e-05, 0.9997044016441525 0.00029559835584741094, 
82, 000000, 000000, 5.0942650060257496e-05, 5.0942650060257496e-05, 0.9996943440996384 0.000305655900361545, 
83, 000000, 000000, 5.080337650242875e-05, 5.080337650242875e-05, 0.9996951797409853 0.0003048202590145725, 
84, 000000, 000000, 5.542237569493115e-05, 5.542237569493115e-05, 0.9996674657458304 0.0003325342541695869, 
85, 000000, 000000, 5.227659554850047e-05, 5.227659554850047e-05, 0.999686340426709 0.0003136595732910028, 
86, 000000, 000000, 5.23099535165317e-05, 5.23099535165317e-05, 0.9996861402789008 0.0003138597210991902, 
87, 000000, 000000, 5.239026218955129e-05, 5.239026218955129e-05, 0.9996856584268626 0.00031434157313730773, 
88, 000000, 000000, 5.4871198920695295e-05, 5.4871198920695295e-05, 0.9996708598410214 0.00032905312443291986 8.703454562595911e-08, 
89, 000000, 000000, 5.151802542521425e-05, 5.151802542521425e-05, 0.9996908918474486 0.0003091081525512855, 
90, 000000, 000000, 0.0001794014610900579, 0.0001794014610900579, 0.9992890767320473 0.00034543776936508556 0.000365485498587631, 
91, 000000, 000000, 4.7355718832642034e-05, 4.7355718832642034e-05, 0.9997158656870042 0.00028413431299585223, 
92, 000000, 000000, 5.0657903086309875e-05, 5.0657903086309875e-05, 0.9996960535236984 0.00030394553408511204 9.422163736252556e-10, 
93, 000000, 000000, 5.128372098510462e-05, 5.128372098510462e-05, 0.999692352481182 0.00030759271172536254 5.4807092632566176e-08, 
94, 000000, 000000, 5.1368521583808635e-05, 5.1368521583808635e-05, 0.9996917888704971 0.0003082111295028518, 
95, 000000, 000000, 0.0017492563337871325, 0.0017492563337871325, 0.9948294738042707 0.0003038393720487416 0.004408361840367743 0.0004583249833128565, 
96, 000000, 000000, 5.656922367563818e-05, 5.656922367563818e-05, 0.9996605846579462 0.0003394153420538291, 
97, 000000, 000000, 5.030060189155799e-05, 5.030060189155799e-05, 0.9996981963886507 0.000301803611349348, 
98, 000000, 000000, 5.5095323800438644e-05, 5.5095323800438644e-05, 0.9996694280571974 0.00033057194280263185, 
99, 000000, 000000, 7.304546773965054e-05, 7.304546773965054e-05, 0.99961074471276 0.00034023776804206714 4.901751919791811e-05, 
100, 000000, 000000, 5.676783218922107e-05, 5.676783218922107e-05, 0.9996593930068646 0.00034060699313532644, 
run, initial grid state, final grid state, mean grid cell occupancy, mean binding site occupancy, fraction of time with N TFs bound, warning
1, 000000, 000000, 5.043283577201037e-05, 5.043283577201037e-05, 0.999697402985368 0.00030259701463206226, 
2, 000000, 000000, 5.4106075114779834e-05, 5.4106075114779834e-05, 0.9996753635493113 0.00032463645068867903, 
3, 000000, 000000, 4.891043902020976e-05, 4.891043902020976e-05, 0.9997065373658788 0.0002934626341212586, 
4, 000000, 000000, 5.0328017364330876e-05, 5.0328017364330876e-05, 0.9996980318958141 0.00030196810418598526, 
5, 000000, 000000, 4.9726583044751765e-05, 4.9726583044751765e-05, 0.9997016405017315 0.00029835949826851065, 
6, 000000, 000000, 5.003433520538084e-05, 5.003433520538084e-05, 0.9996997939887678 0.0003002060112322851, 
7, 000000, 000000, 5.42026386382883e-05, 5.42026386382883e-05, 0.9996747841681702 0.0003252158318297297, 
8, 000000, 000000, 5.350919488915248e-05, 5.350919488915248e-05, 0.999678944830665 0.00032105516933491495, 
9, 000000, 000000, 4.95722751486199e-05, 4.95722751486199e-05, 0.9997025663491083 0.00029743365089171937, 
10, 000000, 000000, 5.141308798680788e-05, 5.141308798680788e-05, 0.9996915214720791 0.00030847852792084733, 
11, 000000, 000000, 5.192601342233629e-05, 5.192601342233629e-05, 0.999688443919466 0.00031155608053401776, 
12, 000000, 000000, 5.081208707378352e-05, 5.081208707378352e-05, 0.9996951274775573 0.00030487252244270117, 
13, 000000, 000000, 5.582964012488e-05, 5.582964012488e-05, 0.9996650221592507 0.00033497784074927996, 
14, 000000, 000000, 5.4842377820383846e-05, 5.4842377820383846e-05, 0.9996709457330778 0.0003290542669223031, 
15, 000000, 000000, 5.244268646793624e-05, 5.244268646793624e-05, 0.9996853438811925 0.00031465611880761746, 
16, 000000, 000000, 5.1461603492044e-05, 5.1461603492044e-05, 0.9996913216947997 0.000308586989448296 9.131575198400587e-08, 
17, 000000, 000000, 0.007393056761408942, 0.007393056761408942, 0.9840623603453899 0.00031332338271420756 0.006311494437071198 0.005829858296716411 0.003482364269093956 5.992690143982569e-07, 
18, 000000, 000000, 5.353356725417439e-05, 5.353356725417439e-05, 0.9996787985964749 0.00032120140352504635, 
19, 000000, 000000, 5.3884149761590296e-05, 5.3884149761590296e-05, 0.9996766951014304 0.00032330489856954186, 
20, 000000, 000000, 5.4455706625539826e-05, 5.4455706625539826e-05, 0.9996732657602468 0.000326734239753239, 
21, 000000, 000000, 5.4361324989578594e-05, 5.4361324989578594e-05, 0.9996738320500625 0.00032616794993747155, 
22, 000000, 000000, 4.94087227200785e-05, 4.94087227200785e-05, 0.9997035476636794 0.00029645233632047104, 
23, 000000, 000000, 4.889398622905537e-05, 4.889398622905537e-05, 0.9997066360826258 0.00029336391737433225, 
24, 000000, 000000, 5.2936541324147965e-05, 5.2936541324147965e-05, 0.9996823807520552 0.0003176192479448878, 
25, 000000, 000000, 5.311588382973764e-05, 5.311588382973764e-05, 0.9996813046970215 0.0003186953029784259, 
26, 000000, 000000, 4.817303707391483e-05, 4.817303707391483e-05, 0.9997109617775565 0.000289038222443489, 
27, 000000, 000000, 5.568518883295774e-05, 5.568518883295774e-05, 0.9996658888670024 0.00033411113299774644, 
28, 000000, 000000, 0.001068617328289, 0.001068617328289, 0.996638146731054 0.00031255145395943173 0.0030487529291853446 5.488858012926011e-07, 
29, 000000, 000000, 5.02981846111327e-05, 5.02981846111327e-05, 0.9996982108923332 0.0003017891076667962, 
30, 000000, 000000, 0.0011260758079295438, 0.0011260758079295438, 0.9964641357155013 0.00031531848733353467 0.0032205010312514643 4.4765913600013365e-08, 
31, 000000, 000000, 4.9615948115966425e-05, 4.9615948115966425e-05, 0.9997023043113042 0.0002976956886957986, 
32, 000000, 000000, 7.157709437869383e-05, 7.157709437869383e-05, 0.9996333595872564 0.0003038182592148732 6.282215352864492e-05, 
33, 000000, 000000, 5.5283564421568476e-05, 5.5283564421568476e-05, 0.9996682986134706 0.00033170138652941086, 
34, 000000, 000000, 5.343097807369906e-05, 5.343097807369906e-05, 0.9996794141315578 0.0003205858684421943, 
35, 000000, 000000, 5.1675224488615166e-05, 5.1675224488615166e-05, 0.9996899486530683 0.000310051346931691, 
36, 000111, 000000, 0.019048764684245996, 0.019048764684245996, 0.9694235054547071 0.00029537803949263475 0.004353247912249114 0.01053406691648926 0.003280494893291873 0.01211330678376997, 
37, 000000, 000000, 5.028878381676999e-05, 5.028878381676999e-05, 0.9996982672970994 0.00030173270290061996, 
38, 000000, 000000, 5.14755986099937e-05, 5.14755986099937e-05, 0.99969114640834 0.0003088535916599622, 
39, 000000, 000000, 4.813630815364542e-05, 4.813630815364542e-05, 0.999711182151078 0.0002888178489218725, 
40, 000000, 000000, 5.140903765482668e-05, 5.140903765482668e-05, 0.999691545774071 0.0003084542259289601, 
41, 000000, 000000, 4.653584134890383e-05, 4.653584134890383e-05, 0.9997207849519065 0.000279215048093423, 
42, 000000, 000000, 5.375223755465731e-05, 5.375223755465731e-05, 0.999677486574672 0.0003225134253279439, 
