run, initial grid state, final grid state, mean grid cell occupancy, mean binding site occupancy, fraction of time with N TFs bound, warning
1, 0000000000, 0000000000, 4.883715240997294e-06, 7.91605740741634e-06, 0.9999525036555554 4.7496344444498044e-05, 
2, 0000000000, 0000000000, 5.235722212231087e-06, 8.508068137150535e-06, 0.9999489515911771 5.104840882290321e-05, 
3, 0000000000, 0000000000, 5.083855801317064e-06, 8.249123408959018e-06, 0.9999505052595462 4.949474045375411e-05, 
4, 0000000000, 0000000000, 5.211968255217414e-06, 8.456409029434941e-06, 0.9999492615458234 5.073845417660965e-05, 
5, 0000000000, 0000000000, 5.181179049494637e-06, 8.410043653231206e-06, 0.9999495397380807 5.0460261919387235e-05, 
6, 0000000000, 0000000000, 5.057152911343685e-06, 8.219017810253747e-06, 0.9999506858931385 4.9314106861522495e-05, 
7, 0000000000, 0000000000, 5.292759048615592e-06, 8.611609980843938e-06, 0.9999483303401149 5.166965988506363e-05, 
8, 0000000000, 0000000000, 5.434723546471352e-06, 8.831163498192367e-06, 0.9999470130190108 5.2986980989154205e-05, 
9, 0000000000, 0000000000, 5.023825253264945e-06, 8.159852087396834e-06, 0.9999510408874756 4.895911252438101e-05, 
10, 0000000000, 0000000000, 5.242275467764331e-06, 8.51527606802085e-06, 0.9999489083435918 5.109165640812511e-05, 
11, 0000000000, 0000000000, 4.925003142061591e-06, 7.97552275207539e-06, 0.9999521468634875 4.7853136512452354e-05, 
12, 0000000000, 0000000000, 5.311512061418033e-06, 8.630150189671022e-06, 0.9999482190988619 5.1780901138026126e-05, 
13, 0000000000, 0000000000, 5.4139995846868035e-06, 8.809699079581436e-06, 0.9999471418055225 5.285819447748861e-05, 
14, 0000000000, 0000000000, 4.960888424565428e-06, 8.038588741846614e-06, 0.999951768467549 4.8231532451079686e-05, 
15, 0000000000, 0000000000, 5.069908680603786e-06, 8.227720193315647e-06, 0.9999506336788401 4.936632115989388e-05, 
16, 0000000000, 0000000000, 5.3521682685730354e-06, 8.688844423130082e-06, 0.9999478669334612 5.21330665387805e-05, 
17, 0000000000, 0000000000, 0.004498689748906914, 0.007341305542824673, 0.9841564697799076 4.8095660223889915e-05 0.006889397487459295 0.005403279220137482 0.0035026842999655856 7.355230615252539e-08, 
18, 0000000000, 0000000000, 5.3353802024030316e-06, 8.66505351680825e-06, 0.9999480096788991 5.199032110084951e-05, 
19, 0000000000, 0000000000, 5.105558425963645e-06, 8.297020885301466e-06, 0.9999502178746882 4.97821253118088e-05, 
20, 0000000000, 0000000000, 5.060245433365437e-06, 8.21405108998851e-06, 0.9999507156934601 4.9284306539931064e-05, 
21, 0000000000, 0000000000, 4.9847826872527535e-06, 8.089340654012231e-06, 0.9999514669437228 4.85300686301873e-05 2.9876469430469327e-09, 
22, 0000000000, 0000000000, 0.00030281065917625566, 0.0005044659289053706, 0.9984621405820312 4.89232625055093e-05 0.0014889361554633576, 
23, 0000000000, 0000000000, 5.17758474712005e-06, 8.400198894892558e-06, 0.9999495988066307 5.040119336935536e-05, 
24, 0000000000, 0000000000, 4.966119752262638e-06, 8.065792652907378e-06, 0.9999516052440827 4.8394755917444265e-05, 
25, 0000000000, 0000000000, 5.380139891702571e-06, 8.738775770599132e-06, 0.9999475673453764 5.2432654623594795e-05, 
26, 0011111100, 0000000000, 0.010496310156370408, 0.01642925381555413, 0.9793994407562017 5.048988523002536e-05 0.004121649590554421 3.6985468195698085e-05 0.0017083406902119568 0.004761146996086422 0.009921946613519812, 
27, 0000000000, 0000000000, 5.294914628808427e-06, 8.595371610120876e-06, 0.9999484277703393 5.157222966072526e-05, 
28, 0000000000, 0000000000, 4.952883093371061e-06, 8.043497898137086e-06, 0.9999517390126111 4.826098738882252e-05, 
29, 0000000000, 0000000000, 5.182619316437492e-06, 8.413666597619477e-06, 0.9999495180004143 5.0481999585716865e-05, 
30, 0000000000, 0000000000, 5.083569440407863e-06, 8.264000426382653e-06, 0.9999504159974416 4.958400255829591e-05, 
31, 0000000000, 0000000000, 5.205382998593567e-06, 8.462896422285517e-06, 0.9999492226214663 5.07773785337131e-05, 
32, 0000000000, 0000000000, 5.2437673708653395e-06, 8.511733622916975e-06, 0.9999489295982625 5.1070401737501844e-05, 
33, 0000000000, 0000000000, 5.096711899750104e-06, 8.27368769856566e-06, 0.9999503578738087 4.964212619139397e-05, 
34, 0000000000, 0000000000, 5.110186078729108e-06, 8.298776731782163e-06, 0.9999502073396094 4.979266039069298e-05, 
35, 0000000000, 0000000000, 5.277727534132234e-06, 8.581582473247155e-06, 0.9999485105051605 5.1489494839482935e-05, 
36, 0000000000, 0000000000, 5.069986629040656e-06, 8.21243802237206e-06, 0.9999507253718658 4.927462813423236e-05, 
37, 0000000000, 0000000000, 5.120948289536915e-06, 8.311223646101413e-06, 0.9999501326581234 4.986734187660849e-05, 
38, 0000000000, 0000000000, 5.095709489830304e-06, 8.281375146101816e-06, 0.9999503117491234 4.968825087661089e-05, 
39, 0000000000, 0000000000, 4.800358055770988e-06, 7.783300940917163e-06, 0.9999533001943545 4.669980564550298e-05, 
40, 0000000000, 0000000000, 5.272137665211821e-06, 8.568274943090655e-06, 0.9999485903503414 5.1409649658543936e-05, 
41, 0000000000, 0000000000, 5.257301281575585e-06, 8.520614800667102e-06, 0.999948876311196 5.112368880400262e-05, 
42, 0000000000, 0000000000, 5.1996136640493614e-06, 8.44504416367644e-06, 0.9999493297350179 5.067026498205865e-05, 
43, 0000000000, 0000000000, 5.315900149840155e-06, 8.634735371718321e-06, 0.9999481915877697 5.1808412230309935e-05, 
44, 0000000000, 0000000000, 5.300637825257694e-06, 8.625803197441377e-06, 0.9999482451808154 5.175481918464827e-05, 
45, 0000000000, 0000000000, 5.10002910624338e-06, 8.285651296178277e-06, 0.9999502860922229 4.971390777706966e-05, 
46, 0000000000, 0000000000, 5.21728733185015e-06, 8.47773989977822e-06, 0.9999491335606013 5.0866439398669316e-05, 
47, 0000000000, 0000000000, 5.266227393073792e-06, 8.56082819371042e-06, 0.9999486523778435 5.1330275150653765e-05 1.734700580437978e-08, 
48, 0000000000, 0000000000, 5.194141593286344e-06, 8.440355865076538e-06, 0.9999493578648095 5.064213519045923e-05, 
49, 0000000000, 0000000000, 5.151268508322312e-06, 8.367355381112308e-06, 0.9999497963412556 5.0203185202133435e-05 4.735422702062697e-10, 
50, 0000000000, 0000000000, 4.986083862252577e-06, 8.081031543688462e-06, 0.9999515138107378 4.848618926213078e-05, 
51, 0000000000, 0000000000, 5.051199094023114e-06, 8.203576720127847e-06, 0.9999507785396793 4.922146032076708e-05, 
52, 0000000000, 0000000000, 4.930154855457265e-06, 8.001599625117392e-06, 0.9999519904022492 4.8009597750704356e-05, 
53, 0000000000, 0000000000, 5.275683013922534e-06, 8.579743417139286e-06, 0.9999485252124507 5.147111459571524e-05 3.6729535602387925e-09, 
54, 0000000000, 0000000000, 5.119906117555697e-06, 8.304015794157139e-06, 0.999950175905235 4.982409476494283e-05, 
55, 0000000000, 0000000000, 5.370321793453416e-06, 8.72313077958635e-06, 0.9999476612153225 5.2338784677518104e-05, 
56, 0000000000, 0000000000, 5.253673301713169e-06, 8.531607778956115e-06, 0.999948812241136 5.118587105418444e-05 1.8878097761244998e-09, 
57, 0000000000, 0000000000, 5.083150762557947e-06, 8.233225887539394e-06, 0.9999506006446748 4.9399355325236376e-05, 
58, 0000000000, 0000000000, 5.040530583932753e-06, 8.183830397709783e-06, 0.9999508970176137 4.910298238625871e-05, 
59, 0000000000, 0000000000, 5.066356248887305e-06, 8.220000018813658e-06, 0.9999506799998872 4.932000011288194e-05, 
60, 0000000000, 0000000000, 5.19518483906405e-06, 8.43543401080034e-06, 0.9999493873959352 5.0612604064802034e-05, 
61, 0000000000, 0000000000, 5.036468741964801e-06, 8.184316238004252e-06, 0.9999508941025719 4.910589742802551e-05, 
62, 0000000000, 0000000000, 5.189950593788092e-06, 8.426467992170936e-06, 0.9999494411920469 5.0558807953025616e-05, 
63, 0000000000, 0000000000, 5.2286128762707e-06, 8.481974211121825e-06, 0.9999491081547333 5.089184526673096e-05, 
64, 0000000000, 0000000000, 4.925402060011956e-06, 8.002910596157186e-06, 0.999951982536423 4.801746357694312e-05, 
65, 0000000000, 0000000000, 5.281293377589877e-06, 8.586648826570071e-06, 0.9999484801070406 5.151989295942043e-05, 
66, 0000000000, 0000000000, 5.210152203833639e-06, 8.470170508592722e-06, 0.9999491789769485 5.082102305155635e-05, 
67, 0000000000, 0000000000, 5.326144821908081e-06, 8.653097674249751e-06, 0.9999480814139544 5.191858604549851e-05, 
68, 0000000000, 0000000000, 5.3341652111738076e-06, 8.673115742967028e-06, 0.9999479613055421 5.203869445780217e-05, 
69, 0011111000, 0011111100, 0.5710529900053991, 0.9087182493080186, 0.0 0.0 0.0006368198245681751 0.03386727427387563 0.09894182593158472 0.2456577501688197 0.6208963298011518, 
70, 0000000000, 0000000000, 5.175180521896705e-06, 8.398920364210249e-06, 0.9999496064778147 5.0393522185261486e-05, 
71, 0000000000, 0000000000, 4.874665722426947e-06, 7.898678390654153e-06, 0.999952607929656 4.739207034392492e-05, 
72, 0000000000, 0000000000, 5.217701137788152e-06, 8.47154219081947e-06, 0.9999491734365417 5.082387377157078e-05 2.689686673028128e-09, 
73, 0000000000, 0000000000, 5.229707604791689e-06, 8.48978523772932e-06, 0.9999490612885736 5.093871142637591e-05, 
74, 0000000000, 0000000000, 5.258009160409587e-06, 8.531228461901485e-06, 0.9999488126292285 5.118737077140892e-05, 
75, 0000000000, 0000000000, 5.130684237594166e-06, 8.320243264803177e-06, 0.9999500785404111 4.992145958881907e-05, 
76, 0000000000, 0000000000, 4.954928674245392e-06, 8.033257186379077e-06, 0.9999518004568817 4.8199543118274466e-05, 
77, 0000000000, 0000000000, 5.383689437012643e-06, 8.748854176779626e-06, 0.9999475068749394 5.249312506067776e-05, 
78, 0000000000, 0000000000, 5.190409998721969e-06, 8.422486721971847e-06, 0.9999494650796682 5.0534920331831084e-05, 
79, 0000000000, 0000000000, 5.08316774813579e-06, 8.241732758882115e-06, 0.9999505496034466 4.9450396553292695e-05, 
80, 0000000000, 0000000000, 5.26292577364562e-06, 8.543157162646467e-06, 0.9999487410570241 5.12589429758788e-05, 
81, 0000000000, 0000000000, 5.3435885894402055e-06, 8.689438986497844e-06, 0.999947863366081 5.213663391898707e-05, 
82, 0000000000, 0000000000, 5.09992807539736e-06, 8.27767257729722e-06, 0.9999503339645361 4.9666035463783327e-05, 
83, 0000000000, 0000000000, 4.982827733991258e-06, 8.090632878349825e-06, 0.9999514562027298 4.8543797270098945e-05, 
84, 0000000000, 0000000000, 5.135055279210566e-06, 8.336224281110762e-06, 0.9999499826543133 5.0017345686664575e-05, 
85, 0000000000, 0000000000, 5.347311662886901e-06, 8.70167583017974e-06, 0.999947789945019 5.2210054981078436e-05, 
86, 0000000000, 0000000000, 5.076166037035271e-06, 8.250136261901702e-06, 0.9999504991824286 4.950081757141021e-05, 
87, 0000000000, 0000000000, 5.158225093891562e-06, 8.381182565655952e-06, 0.999949712904606 5.028709539393572e-05, 
88, 0000000000, 0000000000, 5.177457470710103e-06, 8.399919143262468e-06, 0.9999496004851404 5.039951485957481e-05, 
89, 0000000000, 0000000000, 5.438090563639744e-06, 8.838232385945149e-06, 0.9999469706056844 5.30293943156709e-05, 
90, 0000000000, 0000000000, 5.1703276936426946e-06, 8.40278747694332e-06, 0.9999495832751384 5.0416724861659926e-05, 
91, 0000000000, 0000000000, 0.00013675891714359792, 0.00011803390635957371, 0.999291801423146 0.00070819371555042 4.8613035111200235e-09, 
92, 0000000000, 0000000000, 5.314486551172235e-06, 8.63525347955499e-06, 0.9999481884791227 5.181152087732994e-05, 
93, 0000000000, 0000000000, 5.318673508136122e-06, 8.636539651656515e-06, 0.9999481807620901 5.18192379099391e-05, 
94, 0000000000, 0000000000, 5.014802555584852e-06, 8.148913610293352e-06, 0.9999511267982473 4.885292184369666e-05 2.0279909031731738e-08, 
95, 0000000000, 0000000000, 5.091249127770866e-06, 8.266852859260441e-06, 0.9999503988828444 4.960111715556266e-05, 
96, 0000000000, 0000000000, 5.170848428548288e-06, 8.408239123080815e-06, 0.9999495505652615 5.044943473848489e-05, 
97, 0000000000, 0000000000, 5.246636994327352e-06, 8.518257566505435e-06, 0.9999488904546009 5.110954539903262e-05, 
98, 0000000000, 0000000000, 5.035833756963977e-06, 8.168134795274484e-06, 0.9999509911912283 4.9008808771646906e-05, 
99, 0000000000, 0000000000, 5.060428666461148e-06, 8.207587988675821e-06, 0.9999507544720679 4.924552793205493e-05, 
100, 0000000000, 0000000000, 5.3272914430535225e-06, 8.654573596592675e-06, 0.9999480725584203 5.192744157955605e-05, 
run, initial grid state, final grid state, mean grid cell occupancy, mean binding site occupancy, fraction of time with N TFs bound, warning
1, 0000000000, 0000000000, 5.097163296337904e-06, 8.254558786534231e-06, 0.9999504726472808 4.952735271920538e-05, 
2, 0000000000, 0000000000, 5.122747886888297e-06, 8.317065543857109e-06, 0.9999500976067369 4.9902393263142656e-05, 
3, 0000000000, 0000000000, 5.254542096179954e-06, 8.521221194328325e-06, 0.999948872672834 5.1127327165969955e-05, 
4, 0000000000, 0000000000, 5.041211067915695e-06, 8.190239258069057e-06, 0.9999508585644517 4.914143554841434e-05, 
5, 0000000000, 0000000000, 5.129944826136823e-06, 8.32771342259446e-06, 0.9999500337194643 4.9966280535566764e-05, 
6, 0000000000, 0000000000, 5.084747442186058e-06, 8.259058951355445e-06, 0.9999504456462918 4.9554353708132675e-05, 
7, 0000000000, 0000000000, 5.197486608565884e-06, 8.45746247722819e-06, 0.9999492552251366 5.0744774863369134e-05, 
8, 0000000000, 0000000000, 4.902337112188101e-06, 7.958472923881748e-06, 0.9999522491624566 4.775083754329049e-05, 
9, 0000000000, 0000000000, 4.942659103257316e-06, 8.025076050467913e-06, 0.9999518495436972 4.815045630280748e-05, 
10, 0000000000, 0000000000, 5.03856883396813e-06, 8.176355637299331e-06, 0.9999509418661763 4.9058133823795995e-05, 
11, 0000000000, 0000000000, 5.326533093367579e-06, 8.670452722543126e-06, 0.9999479772836648 5.202271633525876e-05, 
12, 0000000000, 0000000000, 5.16356454064135e-06, 8.375634269514767e-06, 0.9999497461943829 5.02538056170886e-05, 
13, 0000000000, 0000000000, 5.142445574794643e-06, 8.358497685456655e-06, 0.9999498490138873 5.015098611273993e-05, 
14, 0000000000, 0000000000, 5.540617192487143e-06, 9.020261768623926e-06, 0.9999458784293882 5.412157061174356e-05, 
15, 0000000000, 0000000000, 5.1579583462167675e-06, 8.383229381286395e-06, 0.9999497006237124 5.029937628771838e-05, 
16, 0000000000, 0000000000, 5.1246980193444095e-06, 8.319107394566645e-06, 0.9999500904331546 4.9904489323173454e-05 5.077522113209678e-09, 
17, 0000000000, 0000000000, 4.956791678548319e-06, 8.037250510585504e-06, 0.9999517764969365 4.822350306351303e-05, 
18, 0000000000, 0000000000, 5.409141749555434e-06, 8.805583795971303e-06, 0.9999472534734801 5.2659550263945315e-05 8.697625594124907e-08, 
19, 0000000000, 0000000000, 5.198075368524058e-06, 8.427973542065122e-06, 0.9999494321587475 5.056784125239074e-05, 
20, 0000000000, 0000000000, 5.099740081781376e-06, 8.265148912486757e-06, 0.9999504091065251 4.9590893474920546e-05, 
21, 0000000000, 0000000000, 5.148611096899576e-06, 8.365416950715758e-06, 0.9999498074982958 5.0192501704294554e-05, 
22, 0000000000, 0000000000, 5.0643943450454114e-06, 8.231917979975419e-06, 0.9999506176167373 4.937325864549404e-05 9.124617179234821e-09, 
23, 0000000000, 0000000000, 5.036577976026783e-06, 8.173531378852591e-06, 0.9999509588117269 4.904118827311554e-05, 
24, 0000000000, 0000000000, 5.062161886857537e-06, 8.216943992166375e-06, 0.9999506983360471 4.9301663952998254e-05, 
25, 0000000000, 0000000000, 5.117907502844995e-06, 8.316245804453944e-06, 0.9999501216598748 4.9859205423629324e-05 1.9134701547168546e-08, 
26, 0000000000, 0000000000, 5.057525254288389e-06, 8.219399555380962e-06, 0.9999506836026677 4.9316397332285766e-05, 
27, 0000000000, 0000000000, 5.120839569079027e-06, 8.326461424786144e-06, 0.9999500412314513 4.9958768548716874e-05, 
28, 0000000000, 0000000000, 4.934569826990886e-06, 8.019135883195447e-06, 0.9999518851847008 4.8114815299172684e-05, 
29, 0000000000, 0000000000, 5.177439808889314e-06, 8.404573241481482e-06, 0.9999495725605512 5.0427439448888896e-05, 
30, 0000000000, 0000000000, 0.12399153312634041, 0.19640896050551584, 0.7812520980021846 3.806771634767841e-05 0.0014945543861283005 0.008647271658692984 0.02589747337113312 0.05012833110920071 0.13254220375631262, 
31, 0000000000, 0000000000, 5.173436443092975e-06, 8.405308424413391e-06, 0.9999495681494535 5.043185054648035e-05, 
32, 0000000000, 0000000000, 5.215364264765226e-06, 8.468456061651606e-06, 0.9999491892636301 5.0810736369909645e-05, 
33, 0000000000, 0000000000, 4.993287994687725e-06, 8.103261452714476e-06, 0.9999513804312836 4.8619568716286856e-05, 
34, 0000000000, 0000000000, 5.231486572684575e-06, 8.495595905085736e-06, 0.9999490267542284 5.097291611288474e-05 3.2965881483895437e-10, 
35, 0000000000, 0000000000, 4.789654809949573e-06, 7.76432154740676e-06, 0.9999534140707156 4.658592928444057e-05, 
36, 0000000000, 0000000000, 5.453331481538688e-06, 8.868770723898753e-06, 0.9999467873756567 5.321262434339253e-05, 
37, 0000000000, 0000000000, 5.335557002382872e-06, 8.664729835913993e-06, 0.9999480116209846 5.198837901548396e-05, 
38, 0000000000, 0000000000, 5.355719562489527e-06, 8.712493267693568e-06, 0.9999477250403939 5.22749596061614e-05, 
39, 0000000000, 0000000000, 4.816895711696645e-06, 7.810691938694779e-06, 0.9999531358483679 4.686415163216868e-05, 
40, 0000000000, 0000000000, 4.866839243632335e-06, 7.900284892017692e-06, 0.9999525982906479 4.7401709352106163e-05, 
41, 0000000000, 0000000000, 5.0984561475629125e-06, 8.290567001820658e-06, 0.9999502586403574 4.973931727453135e-05 2.0423681963057743e-09, 
42, 0000000000, 0000000000, 5.020548955695342e-06, 8.164959676738176e-06, 0.9999510248251797 4.896059158018302e-05 1.4583240123022168e-08, 
43, 0000000000, 0000000000, 5.0609676867056795e-06, 8.218512180471859e-06, 0.9999506889269172 4.931107308283115e-05, 
44, 0000000000, 0000000000, 5.295818930063247e-06, 8.592203315815024e-06, 0.9999484467801051 5.1553219894890144e-05, 
45, 0000000000, 0000000000, 5.018871623659637e-06, 8.14128283388644e-06, 0.9999512046174608 4.8743068075043314e-05 5.231446413766769e-08, 
46, 0000000000, 0000000000, 5.034152548069545e-06, 8.15468245769594e-06, 0.9999510719052539 4.892809474617564e-05, 
47, 0000000000, 0000000000, 5.048948972615414e-06, 8.183432120742303e-06, 0.9999508994072756 4.910059272445383e-05, 
48, 0000000000, 0000000000, 5.1828422443369405e-06, 8.410788101978526e-06, 0.9999495352713881 5.0464728611871164e-05, 
49, 0000000000, 0000000000, 4.810732605810264e-06, 7.80041257147703e-06, 0.9999531975245711 4.680247542886218e-05, 
50, 0000000000, 0000000000, 4.951184133710455e-06, 8.04608727458448e-06, 0.9999517234763524 4.827652364750689e-05, 
51, 0000000000, 0000000000, 5.064076441736304e-06, 8.219700203145823e-06, 0.9999506817987811 4.931820121887494e-05, 
52, 0000000000, 0000000000, 5.159184494114134e-06, 8.3894169088861e-06, 0.9999496634985466 5.03365014533166e-05, 
53, 0000000000, 0000000000, 5.2946989209361965e-06, 8.608494533536591e-06, 0.9999483490327988 5.1650967201219555e-05, 
54, 0000000000, 0000000000, 5.149242661721534e-06, 8.363659701071624e-06, 0.9999498180417936 5.018195820642974e-05, 
55, 0000000000, 0000000000, 5.576753076820446e-06, 9.075540792950362e-06, 0.9999455467552424 5.445324475770217e-05, 
56, 0000000000, 0000000000, 4.818649647145264e-06, 7.822014184073213e-06, 0.9999530679148957 4.693208510443928e-05, 
57, 0000000000, 0000000000, 4.815182602285654e-06, 7.81280535386251e-06, 0.9999531231678769 4.687683212317506e-05, 
58, 0000000000, 0000000000, 5.234675710186173e-06, 8.495093450785727e-06, 0.9999490294392952 5.097056070471437e-05, 
59, 0000000000, 0000000000, 5.217617505358591e-06, 8.479114387322686e-06, 0.9999491258499867 5.0873613702590596e-05 5.363106727600097e-10, 
60, 0000000000, 0000000000, 5.039487754383434e-06, 8.17873603687481e-06, 0.9999509275837788 4.907241622124887e-05, 
61, 0000000000, 0000000000, 5.3476498940836015e-06, 8.687187221723539e-06, 0.9999478768766698 5.2123123330341235e-05, 
62, 0000000000, 0000000000, 5.218194659142078e-06, 8.481397156557345e-06, 0.9999491116170607 5.0888382939344065e-05, 
63, 0000000000, 0000000000, 5.190372001935134e-06, 8.434569105904257e-06, 0.9999493925853646 5.060741463542555e-05, 
64, 0000000000, 0000000000, 5.228995388463162e-06, 8.488000765192166e-06, 0.9999490719954088 5.0928004591152997e-05, 
65, 0000000000, 0000000000, 5.257577528003589e-06, 8.547092811495419e-06, 0.9999487174431311 5.128255686897252e-05, 
66, 0000000000, 0000000000, 5.235484252916243e-06, 8.512622183523202e-06, 0.9999489343114608 5.1055643977322495e-05 1.0044561908358618e-08, 
67, 0000000000, 0000000000, 5.325895115232969e-06, 8.660301543451186e-06, 0.9999480381907394 5.196180926070712e-05, 
68, 0000000000, 0000000000, 5.078053727285282e-06, 8.242430488729408e-06, 0.9999505454170675 4.945458293237645e-05, 
69, 0000000000, 0000000000, 5.075684615927371e-06, 8.22388857367879e-06, 0.999950656668558 4.934333144207274e-05, 
70, 0000000000, 0000000000, 5.149899062473083e-06, 8.362868707399066e-06, 0.9999498227877557 5.017721224439441e-05, 
71, 0000000000, 0000000000, 5.13535164081799e-06, 8.345430098398301e-06, 0.9999499274194097 5.007258059038981e-05, 
72, 0000000000, 0000000000, 5.2674364910023176e-06, 8.564319613402438e-06, 0.9999486140823196 5.138591768041463e-05, 
73, 0000000000, 0000000000, 5.062218603227416e-06, 8.215498085791599e-06, 0.9999507070114853 4.92929885147496e-05, 
74, 0000000000, 0000000000, 4.895612604616033e-06, 7.93190804453585e-06, 0.9999524085517328 4.75914482672151e-05, 
75, 0000000000, 0000000000, 5.248418101288149e-06, 8.528680548653053e-06, 0.9999488279167081 5.117208329191833e-05, 
76, 0000000000, 0000000000, 4.925566163801044e-06, 7.971393903496938e-06, 0.999952171636579 4.782836342098163e-05, 
77, 0000000000, 0000000000, 5.104554264901005e-06, 8.28198026437207e-06, 0.9999503081184138 4.969188158623242e-05, 
78, 0000000000, 0000000000, 5.4186934171532296e-06, 8.813439446328246e-06, 0.999947119363322 5.288063667796948e-05, 
79, 0000000000, 0000000000, 5.3612867778493864e-06, 8.720062560056085e-06, 0.9999476814896935 5.231664525262035e-05 1.865053858075823e-09, 
80, 0111111000, 0000111100, 0.56502659288619, 0.8983154222841944, 0.0 0.0 0.0006986564097307977 0.022928459513762604 0.13598217972342866 0.266563102667765 0.5738276016853129, 
81, 0000000000, 0000000000, 5.03179337621509e-06, 8.165460610611248e-06, 0.9999510072363365 4.8992763663667494e-05, 
82, 0000000000, 0000000000, 5.334732640969578e-06, 8.667172025918851e-06, 0.9999479969678445 5.200303215551311e-05, 
83, 0000000000, 0000000000, 5.328500349461137e-06, 8.653319804462836e-06, 0.9999480800811732 5.191991882677702e-05, 
84, 0000000000, 0000000000, 5.141167053972808e-06, 8.345933535065535e-06, 0.9999499243987896 5.0075601210393214e-05, 
85, 0000000000, 0000000000, 5.281624621961981e-06, 8.5713686377196e-06, 0.9999485717881738 5.142821182631759e-05, 
86, 0000000000, 0000000000, 5.163814305422756e-06, 8.378098970936019e-06, 0.9999497314061744 5.026859382561613e-05, 
87, 0000000000, 0000000000, 5.148595868519979e-06, 8.369564551954228e-06, 0.9999497826126883 5.021738731172537e-05, 
88, 0000000000, 0000000000, 5.331568594498762e-06, 8.661491075698068e-06, 0.9999480310535458 5.1968946454188406e-05, 
89, 0000000000, 0000000000, 5.125952973461199e-06, 8.32725782712903e-06, 0.9999500364530371 4.9963546962774175e-05, 
90, 0000000000, 0000000000, 5.255690307125115e-06, 8.540454401194028e-06, 0.9999487572735928 5.124272640716417e-05, 
91, 0000000000, 0000000000, 5.308625358616074e-06, 8.626501596189492e-06, 0.9999482409904228 5.175900957713696e-05, 
92, 0000000000, 0000000000, 0.00031149829980927084, 0.0005189450120088271, 0.9984177843717008 5.0796691794482586e-05 0.0015313834292552584 3.550724932125636e-08, 
93, 0000000000, 0000000000, 5.132309829264796e-06, 8.336544456227601e-06, 0.9999499807332626 5.001926673736561e-05, 
94, 0000000000, 0000000000, 4.94054276764833e-06, 8.022148587616873e-06, 0.9999518671084744 4.813289152570124e-05, 
95, 0000000000, 0000000000, 5.116281087866407e-06, 8.317568918859312e-06, 0.999950094586487 4.990541351315587e-05, 
96, 0000000000, 0000000000, 5.207118052750925e-06, 8.452302958025923e-06, 0.9999492861822518 5.071381774815553e-05, 
97, 0000000000, 0000000000, 4.966657687091185e-06, 8.059407409423018e-06, 0.9999516435555434 4.835644445653812e-05, 
98, 0000000000, 0000000000, 5.23853525730203e-06, 8.520064919776943e-06, 0.9999488796104814 5.1120389518661675e-05, 
99, 0000000000, 0000000000, 5.212232877753109e-06, 8.469727110666117e-06, 0.999949181637336 5.0818362663996714e-05, 
100, 0000000000, 0000000000, 5.247489520259008e-06, 8.525256609239712e-06, 0.9999488484603445 5.1151539655438275e-05, 
run, initial grid state, final grid state, mean grid cell occupancy, mean binding site occupancy, fraction of time with N TFs bound, warning
1, 0000000000, 0000000000, 5.1102952938931215e-06, 8.287442896867148e-06, 0.9999502753426187 4.9724657381202886e-05, 
2, 0000000000, 0000000000, 0.001233107711255386, 0.001927137572406249, 0.9939933267932035 0.0004507394471315147 0.005555715291688953 2.1846797602517261e-07, 
3, 0000000000, 0000000000, 5.060789157905494e-06, 8.22740280234471e-06, 0.999950635583186 4.936441681406826e-05, 
4, 0000000000, 0000000000, 5.162370066398708e-06, 8.382437543777011e-06, 0.9999497053747374 5.029462526266208e-05, 
5, 0000000000, 0000000000, 4.996268619419429e-06, 8.117702668413098e-06, 0.9999512937839895 4.8706216010478585e-05, 
6, 0000000000, 0000000000, 5.336746065912302e-06, 8.678003412016411e-06, 0.9999479319795278 5.206802047209847e-05, 
7, 0000000000, 0000000000, 5.235531926149192e-06, 8.496464540636504e-06, 0.9999490468699896 5.092747277679764e-05 2.5657233510698588e-08, 
8, 0000000000, 0000000000, 5.132653268377873e-06, 8.326112333082572e-06, 0.9999500433260015 4.995667399849542e-05, 
9, 0000000000, 0000000000, 5.189760520377601e-06, 8.424976678056882e-06, 0.9999494501399316 5.0549860068341294e-05, 
10, 0000000000, 0000000000, 5.1488475819288905e-06, 8.360335610396761e-06, 0.9999498379863375 5.016201366238057e-05, 
11, 0000000000, 0000000000, 5.242691468906082e-06, 8.517160933631752e-06, 0.9999488970343983 5.110296560179051e-05, 
12, 0000000000, 0000000000, 5.437414717708886e-06, 8.830184183797112e-06, 0.9999470188948973 5.298110510278268e-05, 
13, 0000000000, 0000000000, 5.104834801660057e-06, 8.281793683786627e-06, 0.9999503092378973 4.9690762102719765e-05, 
14, 0000000000, 0000000000, 5.209142010285375e-06, 8.479754904070129e-06, 0.9999491214705756 5.0878529424420776e-05, 
15, 0000000000, 0000000000, 5.1542952015945195e-06, 8.36351552402388e-06, 0.999949818906856 5.0181093144143283e-05, 
16, 0000000000, 0000000000, 5.3559992537852e-06, 8.705476994771993e-06, 0.9999477671380314 5.2232861968631966e-05, 
17, 0000000000, 0000000000, 5.007516218571551e-06, 8.136390655988735e-06, 0.999951181656064 4.881834393593241e-05, 
18, 0000000000, 0000000000, 5.342926024428286e-06, 8.672867659977543e-06, 0.9999479627940401 5.203720595986526e-05, 
19, 0000000000, 0000000000, 5.338892789138974e-06, 8.678857901727332e-06, 0.9999479268525897 5.207314741036399e-05, 
20, 0000000000, 0000000000, 5.277275601189047e-06, 8.577093415803617e-06, 0.9999485374395052 5.1462560494821694e-05, 
21, 0000000000, 0000000000, 4.86967609842543e-06, 7.906942869506314e-06, 0.999952558342783 4.744165721703788e-05, 
22, 0000000000, 0000000000, 5.22436593395298e-06, 8.491107716207863e-06, 0.9999490533537028 5.094664629724719e-05, 
23, 0000000000, 0000000000, 5.437962217475864e-06, 8.837383112702499e-06, 0.9999469757013238 5.3024298676215e-05, 
24, 0000000000, 0000000000, 5.14867808734773e-06, 8.359806828732649e-06, 0.9999498411590275 5.01588409723959e-05, 
25, 0000000000, 0000000000, 5.13810644793361e-06, 8.34223722186957e-06, 0.9999499717031198 5.000317042905024e-05 2.5126451083592002e-08, 
26, 0000000000, 0000000000, 5.025296782774064e-06, 8.152092563765666e-06, 0.9999510874446174 4.8912555382593995e-05, 
27, 0000000000, 0000000000, 5.288459799699065e-06, 8.600535699997305e-06, 0.9999483967858 5.1603214199983834e-05, 
28, 0000000000, 0000000000, 5.0712401044328995e-06, 8.227523445534502e-06, 0.9999506348593268 4.9365140673207016e-05, 
29, 0000000000, 0000000000, 5.146008179908408e-06, 8.346208762558348e-06, 0.9999499302111163 5.006232519185913e-05 7.463691745485577e-09, 
30, 0000000000, 0000000000, 4.941197311907408e-06, 8.02462000136123e-06, 0.9999518522799918 4.814772000816739e-05, 
31, 0000000000, 0000000000, 5.04302921600867e-06, 8.188155255008926e-06, 0.99995087106847 4.912893153005357e-05, 
32, 0000000000, 0000000000, 5.308984837309285e-06, 8.63930847148107e-06, 0.9999481641491712 5.183585082888641e-05, 
33, 0000000000, 0000000000, 4.951204381867753e-06, 8.021677264643163e-06, 0.9999518699364122 4.813006358785898e-05, 
34, 0000000000, 0000000000, 5.2341460136655455e-06, 8.513888689120343e-06, 0.9999489166678652 5.108333213472206e-05, 
35, 0000000000, 0000000000, 5.135312287406408e-06, 8.331512743577117e-06, 0.9999500109235385 4.9989076461462696e-05, 
36, 0000000000, 0000000000, 5.021438724040848e-06, 8.151374652330871e-06, 0.9999510917520861 4.8908247913985226e-05, 
37, 0000000000, 0000000000, 0.1056126267029616, 0.16762582282446714, 0.8096679114085166 4.1532566981374924e-05 0.0038437479296969793 0.0035128122350188942 0.01914735754615894 0.07182178825102847 0.09196485006259877, 
38, 0000000000, 0000000000, 5.070379791414803e-06, 8.219180400748163e-06, 0.9999506849175955 4.931508240448898e-05, 
39, 0000000000, 0000000000, 4.933966272405424e-06, 8.008764124578616e-06, 0.9999519474152525 4.80525847474717e-05, 
40, 0000000000, 0000000000, 5.130480016319003e-06, 8.328284512217716e-06, 0.9999500302929267 4.996970707330631e-05, 
41, 0000000000, 0000000000, 5.274570694082283e-06, 8.564182697290383e-06, 0.9999486149038161 5.13850961837423e-05, 
42, 0000000000, 0000000000, 5.117498628009188e-06, 8.293542586329692e-06, 0.9999502406370457 4.97574703907471e-05 1.8925636155264715e-09, 
43, 0000000000, 0000000000, 5.092492457079412e-06, 8.277881497427626e-06, 0.9999503327110154 4.9667288984565746e-05, 
44, 0000000000, 0000000000, 5.081162876791681e-06, 8.257257657107548e-06, 0.9999504564540573 4.954354594264528e-05, 
45, 0000000000, 0000000000, 5.003795161328876e-06, 8.10987235861446e-06, 0.9999513407658482 4.865923415168676e-05, 
46, 0000000000, 0000000000, 5.4551153873462735e-06, 8.877638750128827e-06, 0.9999467341674992 5.326583250077297e-05, 
47, 0000000000, 0000000000, 5.05948718636228e-06, 8.207178327523481e-06, 0.999950756930035 4.924306996514089e-05, 
48, 0000000000, 0000000000, 5.081395548917447e-06, 8.25621705686276e-06, 0.9999504626976589 4.9537302341176567e-05, 
49, 0000000000, 0000000000, 5.5971420140770346e-06, 9.109236526807857e-06, 0.9999453445808392 5.465541916084715e-05, 
50, 0000000000, 0000000000, 5.337481722890543e-06, 8.672651477919738e-06, 0.9999479760050435 5.201208104542356e-05 1.1913911047435941e-08, 
51, 0000000000, 0000000000, 5.216162014065387e-06, 8.46817848826921e-06, 0.9999491909290703 5.0809070929615264e-05, 
52, 0000000000, 0000000000, 5.140277740217839e-06, 8.351559208446119e-06, 0.9999498973141155 5.009601651818435e-05 6.669366246178036e-09, 
53, 0000000000, 0000000000, 5.171469271634464e-06, 8.405027120085823e-06, 0.9999495698372795 5.043016272051495e-05, 
54, 0000000000, 0000000000, 5.039596352599708e-06, 8.189421381107242e-06, 0.9999508634717134 4.913652828664347e-05, 
55, 0000000000, 0000000000, 5.443259290957834e-06, 8.856657170557328e-06, 0.9999468600569767 5.3139943023343964e-05, 
56, 0000000000, 0000000000, 5.0560502605570006e-06, 8.202728898677575e-06, 0.9999507836266079 4.921637339206545e-05, 
57, 0000000000, 0000000000, 5.2237207423848525e-06, 8.488827338547136e-06, 0.9999490670359688 5.093296403128282e-05, 
58, 0000000000, 0000000000, 4.996842091082662e-06, 8.108236903126335e-06, 0.9999513558423802 4.863889382088379e-05 5.263798937112802e-09, 
59, 0000000000, 0000000000, 5.305449166295595e-06, 8.623359514775608e-06, 0.9999482598429114 5.1740157088653645e-05, 
60, 0000000000, 0000000000, 5.135891664557236e-06, 8.338322659641271e-06, 0.9999499700640422 5.002993595784762e-05, 
61, 0000000000, 0000000000, 5.1892044989488304e-06, 8.442507319559182e-06, 0.9999493449560827 5.065504391735509e-05, 
62, 0000000000, 0000000000, 5.4193141912663235e-06, 8.814733208279163e-06, 0.9999471116007503 5.288839924967498e-05, 
63, 0000000000, 0000000000, 5.062787563708977e-06, 8.226782952948769e-06, 0.9999506416316382 4.935603900594132e-05 2.3293558756510414e-09, 
64, 0000000000, 0000000000, 5.245463186705884e-06, 8.532119956033686e-06, 0.9999488072802638 5.119271973620213e-05, 
65, 0000000000, 0000000000, 5.0537374749944546e-06, 8.209884619452386e-06, 0.9999507406922833 4.9259307716714316e-05, 
66, 0000000000, 0000000000, 5.2425357188222475e-06, 8.51263949583011e-06, 0.999948924163025 5.107583697498066e-05, 
67, 0000000000, 0000000000, 4.967962631334215e-06, 8.050679943396382e-06, 0.9999516959203396 4.8304079660378293e-05, 
68, 0000000000, 0000000000, 5.086501031165013e-06, 8.256486189485436e-06, 0.999950461082863 4.953891713691262e-05, 
69, 0000000000, 0000000000, 5.302962583832619e-06, 8.624028519886093e-06, 0.9999482558288807 5.174417111931656e-05, 
70, 0000000000, 0000000000, 4.875156099274787e-06, 7.89838910261483e-06, 0.9999526096653842 4.739033461568899e-05, 
71, 0000000000, 0000000000, 5.0977115220598585e-06, 8.279032258869051e-06, 0.9999503258064467 4.967419355321431e-05, 
72, 0000000000, 0000000000, 5.129322103579671e-06, 8.342313833709614e-06, 0.9999499461169977 5.005388300225769e-05, 
73, 0011111100, 0000000000, 0.2699333869958718, 0.43224512064522774, 0.5318121759388482 2.6757125751631596e-05 0.0014395366535086289 0.009393328806834645 0.04034311457909754 0.10089807267405278 0.31608701422190655, 
74, 0000000000, 0000000000, 5.141753144751017e-06, 8.35891376051823e-06, 0.999949846517437 5.015348256310938e-05, 
75, 0000000000, 0000000000, 5.289777751680962e-06, 8.594481460270368e-06, 0.9999484331112384 5.1566888761622214e-05, 
76, 0000000000, 0000000000, 5.231186955337894e-06, 8.491752505369312e-06, 0.9999490494849679 5.095051503221587e-05, 
77, 0000000000, 0000000000, 4.925636083991796e-06, 7.98433995124584e-06, 0.9999521103686495 4.787322299336989e-05 1.6408357052575972e-08, 
78, 0000000000, 0000000000, 5.131608772102876e-06, 8.326778643488817e-06, 0.9999500393281391 4.99606718609329e-05, 
79, 0000000000, 0000000000, 5.011442184846809e-06, 8.13267620506905e-06, 0.9999512053959059 4.879315095788943e-05 1.453136262439546e-09, 
80, 0000000000, 0000000000, 5.181687663449504e-06, 8.402352309682592e-06, 0.9999495858861419 5.041411385809556e-05, 
81, 0000000000, 0000000000, 5.111269720359794e-06, 8.310988936229082e-06, 0.9999501340663826 4.98659336173745e-05, 
82, 0000000000, 0000000000, 5.349623146181263e-06, 8.704338520634062e-06, 0.9999477739688762 5.2226031123804385e-05, 
83, 0000000000, 0000000000, 5.376657163959223e-06, 8.751587368255702e-06, 0.9999474904757905 5.2509524209534215e-05, 
84, 0000000000, 0000000000, 5.179012017384698e-06, 8.421552788125422e-06, 0.9999494706832712 5.0529316728752536e-05, 
85, 0000000000, 0000000000, 5.2666111482233904e-06, 8.546164298558768e-06, 0.9999487230142086 5.1276985791352616e-05, 
86, 0000000000, 0000000000, 5.0448458522564336e-06, 8.178290758157533e-06, 0.9999509302554511 4.906974454894521e-05, 
87, 0000000000, 0000000000, 5.0324760533634465e-06, 8.169458107503997e-06, 0.999950983251355 4.9016748645023984e-05, 
88, 0000000000, 0000000000, 4.797293114503147e-06, 7.781014427446116e-06, 0.9999533139134353 4.66860865646767e-05, 
89, 0000000000, 0000000000, 5.331492166959547e-06, 8.671291695008614e-06, 0.99994797224983 5.202775017005169e-05, 
90, 0000000000, 0000000000, 5.010992427057091e-06, 8.128162218361567e-06, 0.9999512310266899 4.8768973310169404e-05, 
91, 0000000000, 0000000000, 4.976243846188185e-06, 8.076002718444094e-06, 0.9999515439836894 4.845601631066456e-05, 
92, 0000000000, 0000000000, 4.955518655433529e-06, 8.03118517288511e-06, 0.9999518128889626 4.818711103731067e-05, 
93, 0000000000, 0000000000, 5.019412068175495e-06, 8.13733194716003e-06, 0.9999511760083171 4.882399168296018e-05, 
94, 0000000000, 0000000000, 5.096263196424172e-06, 8.280974498833713e-06, 0.999950314153007 4.968584699300228e-05, 
95, 0000000000, 0000000000, 5.376279269766865e-06, 8.736219341815465e-06, 0.9999475826839491 5.24173160508928e-05, 
96, 0000000000, 0000000000, 5.060327799185626e-06, 8.230704207019667e-06, 0.9999506157747579 4.9384225242118e-05, 
97, 0000000000, 0000000000, 5.14894860513748e-06, 8.3587624885536e-06, 0.9999498474250686 5.0152574931321596e-05, 
98, 0000000000, 0000000000, 5.2697707473347294e-06, 8.572284942469041e-06, 0.9999485662903452 5.143370965481425e-05, 
99, 0000000000, 0000000000, 5.03654011135179e-06, 8.179373173453309e-06, 0.9999509237609593 4.907623904071985e-05, 
100, 0000000000, 0000000000, 5.20811575363292e-06, 8.468511519984206e-06, 0.9999491889308801 5.0811069119905246e-05, 
run, initial grid state, final grid state, mean grid cell occupancy, mean binding site occupancy, fraction of time with N TFs bound, warning
1, 0000000000, 0000000000, 4.95317173509457e-06, 8.040242545272784e-06, 0.9999517585447283 4.824145527163671e-05, 
2, 0000000000, 0000000000, 5.018670256499982e-06, 8.142616649995094e-06, 0.9999511443001 4.885569989997056e-05, 
3, 0000000000, 0000000000, 5.45797555283304e-06, 8.864647524936147e-06, 0.9999468121148504 5.3187885149616876e-05, 
4, 0000000000, 0000000000, 5.229922429127308e-06, 8.491236687569721e-06, 0.9999490525798747 5.094742012541833e-05, 
5, 0000000000, 0000000000, 5.2612344443286595e-06, 8.549043040222147e-06, 0.9999487057417586 5.129425824133288e-05, 
6, 0000000000, 0000000000, 5.211217232440736e-06, 8.465400110201231e-06, 0.9999492075993388 5.079240066120739e-05, 
7, 0000000000, 0000000000, 5.376203002768134e-06, 8.745771602514828e-06, 0.9999475253703849 5.2474629615088973e-05, 
8, 0000000000, 0000000000, 5.117403674583077e-06, 8.307517326735478e-06, 0.9999501548960397 4.984510396041286e-05, 
9, 0000000000, 0000000000, 5.3478395985136515e-06, 8.69638949824118e-06, 0.9999478216630105 5.217833698944709e-05, 
10, 0000000000, 0000000000, 5.171523509048868e-06, 8.394481072479282e-06, 0.9999496331135652 5.036688643487569e-05, 
11, 0000000000, 0000000000, 5.306357704071236e-06, 8.617690479389948e-06, 0.9999482938571237 5.1706142876339695e-05, 
12, 0000000000, 0000000000, 5.341319005769743e-06, 8.695663606075803e-06, 0.9999478260183635 5.217398163645483e-05, 
13, 0000000000, 0000000000, 5.153727318797017e-06, 8.373474166263022e-06, 0.9999497591550024 5.024084499757814e-05, 
14, 0000000000, 0000000000, 5.183268978293848e-06, 8.414270198280531e-06, 0.9999495143788103 5.048562118968319e-05, 
15, 0000000000, 0000000000, 5.13946366326344e-06, 8.343505333577168e-06, 0.9999499389679984 5.006103200146302e-05, 
16, 0000000000, 0000000000, 5.156349808232485e-06, 8.362335782125377e-06, 0.9999498259853072 5.017401469275226e-05, 
17, 0000000000, 0000000000, 4.958858313781863e-06, 8.05487315869929e-06, 0.9999516707610477 4.8329238952195735e-05, 
18, 0000000000, 0000000000, 4.876230774419011e-06, 7.893568082943425e-06, 0.9999526385915024 4.7361408497660546e-05, 
19, 0000000000, 0000000000, 0.1221112148642782, 0.19445696464988618, 0.7833209481397704 4.1212854537177115e-05 0.006303607934110959 0.008957452112622827 0.012903346093538375 0.055232978727985674 0.1332404541374346, 
20, 0000000000, 0000000000, 5.305565322615655e-06, 8.626382856224524e-06, 0.9999482417028626 5.1758297137347145e-05, 
21, 0000000000, 0000000000, 0.00029270576988119144, 0.0002480315856407634, 0.9985119408159812 0.001487928854193051 1.3032982576461064e-07, 
22, 0000000000, 0000000000, 5.203467495416227e-06, 8.445185654523586e-06, 0.9999493288860729 5.067111392714152e-05, 
23, 0000000000, 0000000000, 5.026499419603025e-06, 8.145874386567462e-06, 0.9999511247536805 4.887524631940476e-05, 
24, 0000000000, 0000000000, 4.9118959876553344e-06, 7.970837540587499e-06, 0.9999521749747564 4.7825025243524986e-05, 
