run, initial grid state, final grid state, mean grid cell occupancy, mean binding site occupancy, fraction of time with N TFs bound, warning
1, 0000000000, 0000000000, 1.972502671814678e-05, 3.2725992889831885e-05, 0.999803644042661 0.00019635595733899134, 
2, 0000000000, 0000000000, 3.262440851688197e-05, 4.37168089218425e-05, 0.9997376991464688 0.00026230085353105506, 
3, 0000000000, 0000000000, 2.0440110942209525e-05, 3.390323516233633e-05, 0.9997965805890259 0.000203419410974018, 
4, 0000000000, 0000000000, 1.9227675878200057e-05, 3.188848900670467e-05, 0.9998086690659598 0.00019133093404022797, 
5, 0000000000, 0000000000, 1.9157674141085975e-05, 3.176785665510829e-05, 0.999809405003554 0.00019058285296137404 1.2143484637850806e-08, 
6, 0000000000, 0000000000, 1.9544418620483667e-05, 3.2417453475910446e-05, 0.9998054952791444 0.00019450472085546266, 
7, 0000000000, 0000000000, 2.0231170291501074e-05, 3.356844715298633e-05, 0.999798589317082 0.000201410682917918, 
8, 0000000000, 0000000000, 1.962379188531881e-05, 3.254477941431015e-05, 0.9998047313235141 0.00019526867648586091, 
9, 0000000000, 0000000000, 7.60983516034643e-05, 0.0001266692023157771, 0.9995211197331016 0.00019774531990214791 0.0002811349469962574, 
10, 0000000000, 0000000000, 1.9837524190999753e-05, 3.290038727503282e-05, 0.9998026539187982 0.00019728983875333273 5.6242448432104923e-08, 
11, 0000000000, 0000000000, 1.910671922709513e-05, 3.1690233125362076e-05, 0.9998098586012478 0.00019014139875217246, 
12, 0000000000, 0000000000, 2.0215181369890625e-05, 3.353754264931161e-05, 0.9997987747441042 0.00020122525589586965, 
13, 0000000000, 0000000000, 1.9414740387893536e-05, 3.220005651349773e-05, 0.9998067996609189 0.0001932003390809864, 
14, 0000000000, 0000000000, 2.131225222562035e-05, 3.5360763217772646e-05, 0.9997878354206934 0.00021216457930663588, 
15, 0000000000, 0000000000, 2.0404043242816036e-05, 3.385570115915362e-05, 0.999796865793045 0.00020313420695492176, 
16, 0000000000, 0000000000, 2.0424858236091745e-05, 3.388341197401181e-05, 0.9997966995281559 0.00020330047184407088, 
17, 0000000000, 0000000000, 1.963139075334481e-05, 3.256862633356872e-05, 0.9998045882419986 0.00019541175800141233, 
18, 0000000000, 0000000000, 1.983853061473038e-05, 3.2906778730646095e-05, 0.9998025593276161 0.0001974406723838766, 
19, 0000000000, 0000000000, 1.9852067184824306e-05, 3.292634634579197e-05, 0.9998024419219252 0.00019755807807475182, 
20, 0000000000, 0000000000, 1.9899950971406836e-05, 3.300877348027469e-05, 0.9998019473591183 0.00019805264088164812, 
21, 0000000000, 0000000000, 1.8687399863197626e-05, 3.099810931868555e-05, 0.9998140113440878 0.00018598865591211333, 
22, 0000000000, 0000000000, 1.9376288308585907e-05, 3.213259136677349e-05, 0.9998072044517994 0.000192795548200641, 
23, 0000000000, 0000000000, 1.8198803304464178e-05, 3.0178139679346355e-05, 0.999818931161924 0.00018106883807607812, 
24, 0000000000, 0000000000, 1.9796753241318272e-05, 3.283305501227636e-05, 0.9998030016699263 0.00019699833007365817, 
25, 0000000000, 0000000000, 1.8165285976634432e-05, 3.0114635937521305e-05, 0.9998193121843748 0.00018068781562512783, 
26, 0000000000, 0000000000, 5.8566817972424746e-05, 9.744633681397644e-05, 0.9996107849336082 0.000193752111899629 0.00019546295449211483, 
27, 0000000000, 0000000000, 1.9442876060077845e-05, 3.223641606257828e-05, 0.9998065815036246 0.00019341849637546961, 
28, 0000000000, 0000000000, 2.006865843383913e-05, 3.3285529613561364e-05, 0.9998004466498005 0.00019939352271755695 1.598274819056193e-07, 
29, 0000000000, 0000000000, 1.8969527605764278e-05, 3.145632668043215e-05, 0.9998112755430596 0.00018871095379819703 1.3503142197926838e-08, 
30, 0000000000, 0000000000, 1.971991135061531e-05, 3.271282658759059e-05, 0.9998037230404745 0.00019627695952554352, 
31, 0000000000, 0000000000, 1.9323875197830296e-05, 3.20356745755523e-05, 0.9998077859525467 0.00019221404745331386, 
32, 0000000000, 0000000000, 1.9310439081977144e-05, 3.203188641910134e-05, 0.9998078086814854 0.00019219131851460806, 
33, 0000000000, 0000000000, 1.9986804500776155e-05, 3.3152946955740286e-05, 0.9998010823182657 0.00019891768173444172, 
34, 0000000000, 0000000000, 2.040942529548281e-05, 3.385420176008677e-05, 0.9997968747894395 0.00020312521056052062, 
35, 0000000000, 0000000000, 2.110155416759017e-05, 3.501461995922124e-05, 0.9997899122802446 0.0002100877197553275, 
36, 0000000000, 0000000000, 1.9864539098135437e-05, 3.295701480707099e-05, 0.9998022786973711 0.00019770051641535753 2.0786213534218922e-08, 
37, 0000000000, 0000000000, 1.8995426816115136e-05, 3.1496241134370715e-05, 0.9998110225531938 0.0001889774468062243, 
38, 0000000000, 0000000000, 2.0210126108445624e-05, 3.3521733622310436e-05, 0.9997988695982661 0.00020113040173386267, 
39, 0000000000, 0000000000, 2.020576333771195e-05, 3.353636234681366e-05, 0.9997987818259191 0.00020121817408088192, 
40, 0000000000, 0000000000, 0.00012503132352693612, 0.0002082296239422218, 0.9992805242496499 0.00018957375704696007 0.0005299019933031853, 
41, 0000000000, 0000000000, 2.0134783724632596e-05, 3.340459452859595e-05, 0.9997995724328284 0.0002004275671715757, 
42, 0000000000, 0000000000, 1.9438613804241754e-05, 3.2233718659107106e-05, 0.9998066420603361 0.0001933135673731022 4.4372290770212805e-08, 
43, 0000000000, 0000000000, 1.8451566543567034e-05, 3.0593681555944504e-05, 0.9998164379106643 0.00018356208933566705, 
44, 0011111000, 0000000000, 0.014999242114404737, 0.024989680954540423, 0.9679629281101161 0.00018426988541607345 0.0003981320883378173 0.00368791305401333 0.0065026362762399936 0.015701456117109183 0.0055626644687674955, 
45, 0000000000, 0000000000, 2.0268983455425684e-05, 3.3615877314147405e-05, 0.999798304736115 0.0002016952638848844, 
46, 0000000000, 0000000000, 2.0099203697334067e-05, 3.3341729868734445e-05, 0.9997999853125212 0.00019997899574494815 3.5691733729271654e-08, 
47, 0000000000, 0000000000, 1.956712913516552e-05, 3.2454405140573316e-05, 0.9998053243274673 0.00019462491422204327 5.0758310698327555e-08, 
48, 0000000000, 0000000000, 1.9452734928348338e-05, 3.2273856574038635e-05, 0.9998063568605559 0.00019364313944423184, 
49, 0000000000, 0000000000, 1.9796197674390547e-05, 3.2827752726981e-05, 0.9998030334836382 0.000196966516361886, 
50, 0000000000, 0000000000, 2.0781645891246618e-05, 3.4480343759746954e-05, 0.9997931179374415 0.00020688206255848173, 
51, 0000000000, 0000000000, 2.0232518925902312e-05, 3.356442993334234e-05, 0.9997987398491511 0.00020113372209775246 1.26428751150767e-07, 
52, 0000000000, 0000000000, 1.9739151838749814e-05, 3.2736337642369155e-05, 0.9998035819741458 0.00019641802585421494, 
53, 0000000000, 0000000000, 1.904968476986619e-05, 3.159306171576954e-05, 0.9998104416297053 0.00018955837029461725, 
54, 0000000000, 0000000000, 1.9880725289220114e-05, 3.298822066292935e-05, 0.9998020975286964 0.00019787561862951586 2.68526740301223e-08, 
55, 0000000000, 0000000000, 1.9550582611182318e-05, 3.24289149065028e-05, 0.9998054265105609 0.0001945734894390168, 
56, 0000000000, 0000000000, 2.088575389067902e-05, 3.46637230733275e-05, 0.99979201766156 0.00020798233843996497, 
57, 0000000000, 0000000000, 1.9417772801625963e-05, 3.220464170595693e-05, 0.9998067721497642 0.00019322785023574162, 
58, 0000000000, 0000000000, 1.9505821529066824e-05, 3.235867459432584e-05, 0.9998058479524341 0.00019415204756595503, 
59, 0000000000, 0000000000, 2.001540918551056e-05, 3.319898355203491e-05, 0.9998008074692112 0.00019919116026546294 1.3705233732859291e-09, 
60, 0000000000, 0000000000, 2.0324173644133615e-05, 3.369854253517883e-05, 0.999797808744789 0.00020219125521107298, 
61, 0000000000, 0000000000, 2.1091579486096432e-05, 3.500551167530277e-05, 0.9997899669299481 0.00021003307005181663, 
62, 0000000000, 0000000000, 2.0575827215314296e-05, 3.4139901761476986e-05, 0.9997951605894311 0.00020483941056886193, 
63, 0000000000, 0000000000, 1.926090925484468e-05, 3.194440990324815e-05, 0.9998083335405805 0.00019166645941948892, 
64, 0000000000, 0000000000, 1.970695829413134e-05, 3.267749852392604e-05, 0.9998039350088563 0.00019606499114355625, 
65, 0000000000, 0000000000, 1.9750902412075545e-05, 3.2760402685793894e-05, 0.9998034375838853 0.00019656241611476337, 
66, 0000000000, 0000000000, 1.9617649274198823e-05, 3.253535784670579e-05, 0.9998047878529198 0.00019521214708023474, 
67, 0000000000, 0000000000, 1.8834262195738763e-05, 3.122635852752802e-05, 0.9998126418488348 0.00018735815116516813, 
68, 0000000000, 0000000000, 1.894820074682251e-05, 3.143154973641562e-05, 0.9998114107015815 0.00018858929841849374, 
69, 0000000000, 0000000000, 2.1058062480196256e-05, 3.493925734632698e-05, 0.9997903644559221 0.0002096355440779619, 
70, 0000000000, 0000000000, 2.014151756314162e-05, 3.3408101617264045e-05, 0.9997995513902965 0.0002004486097035843, 
71, 0000000000, 0000000000, 1.910554459502506e-05, 3.1687536418814956e-05, 0.9998098747814871 0.00019012521851288972, 
72, 0000000000, 0000000000, 2.0310666369671245e-05, 3.369431895784848e-05, 0.999797834086253 0.0002021659137470909, 
73, 0000000000, 0000000000, 1.9556084037615392e-05, 3.243801611031667e-05, 0.9998053719033381 0.00019462809666190005, 
74, 0000000000, 0000000000, 2.0270253687803404e-05, 3.362778377158787e-05, 0.9997982332973704 0.0002017667026295272, 
75, 0000000000, 0000000000, 1.9678663020704562e-05, 3.265120946586024e-05, 0.9998040927432048 0.00019590725679516146, 
76, 0000000000, 0000000000, 1.7785689387084273e-05, 2.949476211478021e-05, 0.9998230314273113 0.00017696857268868126, 
77, 0000000000, 0000000000, 0.027899057061669282, 0.0463306860578567, 0.9414340265414153 0.00016728978237777519 0.001620501412533124 0.0041201400131948215 0.016177234557885556 0.021378380686990873 0.015102427005602517, 
78, 0000000000, 0000000000, 1.8965833232865482e-05, 3.145925321412326e-05, 0.9998112444807152 0.00018875551928473956, 
79, 0000000000, 0000000000, 1.946999991855025e-05, 3.229271867710546e-05, 0.9998062436879374 0.00019375631206263277, 
80, 0000000000, 0000000000, 1.960985256511754e-05, 3.251871044676809e-05, 0.9998048877373195 0.00019511226268060852, 
81, 0000000000, 0000000000, 2.0379896419527084e-05, 3.381733841735526e-05, 0.9997970959694958 0.0002029040305041316, 
82, 0000000000, 0000000000, 1.8792229668493373e-05, 3.116009402514758e-05, 0.9998130394358491 0.0001869605641508855, 
83, 0000000000, 0000000000, 1.9092173524235636e-05, 3.1656867123930944e-05, 0.9998100587972564 0.00018994120274358568, 
84, 0000000000, 0000000000, 1.9381930170806407e-05, 3.2146262472453785e-05, 0.9998071224251653 0.0001928775748347227, 
85, 0000000000, 0000000000, 2.0314420959602496e-05, 3.369759122220541e-05, 0.9997978144526668 0.00020218554733323246, 
86, 0000000000, 0000000000, 2.0273180314754617e-05, 3.362598269259434e-05, 0.9997982441038444 0.0002017558961555661, 
87, 0000000000, 0000000000, 1.9229124920576645e-05, 3.190292432854888e-05, 0.9998085824540287 0.0001914175459712933, 
88, 0000000000, 0000000000, 1.9515593938050887e-05, 3.2372346733863844e-05, 0.9998058575398288 0.00019405083993922234 9.16202319803692e-08, 
89, 0000000000, 0000000000, 1.9752882227135875e-05, 3.277153664155624e-05, 0.9998033707801507 0.00019662921984933747, 
90, 0000000000, 0000000000, 1.9230618777224718e-05, 3.189468892321295e-05, 0.9998086318664607 0.0001913681335392777, 
91, 0000000000, 0000000000, 1.9621105438791044e-05, 3.2541569731106624e-05, 0.9998047505816133 0.00019524941838663977, 
92, 0000000000, 0000000000, 1.9594204196397955e-05, 3.250679898874091e-05, 0.9998049592060676 0.00019504079393244545, 
93, 0000000000, 0000000000, 1.9529143136262383e-05, 3.2378948637515784e-05, 0.9998057263081749 0.00019427369182509473, 
94, 0000000000, 0000000000, 1.9099647333300605e-05, 3.167579344432561e-05, 0.999809945239334 0.0001900547606659537, 
95, 0000000000, 0000000000, 2.1593584484865134e-05, 3.582501434697784e-05, 0.999785049913918 0.00021495008608186702, 
96, 0000000000, 0000000000, 2.047496270699447e-05, 3.3971318878488804e-05, 0.999796172086729 0.00020382791327093282, 
97, 0000000000, 0000000000, 1.8409165057202287e-05, 3.0522442979000815e-05, 0.999816865342126 0.0001831346578740049, 
98, 0000000000, 0000000000, 1.9111192419180436e-05, 3.1700874367215754e-05, 0.9998097947537967 0.0001902052462032945, 
99, 0000000000, 0000000000, 1.855415194252051e-05, 3.076791972121798e-05, 0.9998153924816727 0.00018460751832730788, 
100, 0000000000, 0000000000, 1.9608653019325984e-05, 3.252068493351624e-05, 0.9998048758903988 0.00019512410960109748, 
run, initial grid state, final grid state, mean grid cell occupancy, mean binding site occupancy, fraction of time with N TFs bound, warning
1, 0000000000, 0000000000, 0.00011765916211323175, 0.00019594905021950984, 0.999313071047861 0.00019816360296111198 0.0004887653491779736, 
2, 0000000000, 0000111100, 0.019923634440354873, 0.03310938170677798, 0.9470108083412648 0.00018482313532246347 0.004911938179325035 0.011489707676064059 0.02832626018394061 0.007585347921756903 0.0004911145623260452, 
3, 0000000000, 0000000000, 1.9065143477395744e-05, 3.1622603812466535e-05, 0.9998102643771252 0.00018973562287479925, 
4, 0000000000, 0000000000, 1.9519829140426884e-05, 3.238655223555671e-05, 0.9998056806865866 0.0001943193134133403, 
5, 0000000000, 0000000000, 2.003204478273892e-05, 3.321747017204103e-05, 0.9998006951789677 0.0001993048210322462, 
6, 0000000000, 0000000000, 1.9801104951129644e-05, 3.284527416720209e-05, 0.9998029283549967 0.00019707164500321254, 
7, 0000000000, 0000000000, 2.010566136586612e-05, 3.336297437298772e-05, 0.9997998221537621 0.00020017784623792636, 
8, 0000000000, 0000000000, 1.924665956143934e-05, 3.192762045406128e-05, 0.9998084342772756 0.0001915657227243677, 
9, 0000000000, 0000000000, 0.011480281249339355, 0.019090690626323775, 0.9712290681699316 0.00018540588549775247 0.004302398902051903 0.009637760705456846 0.003395868791432721 0.004239802487535704 0.007009695058093525, 
10, 0000000000, 0000000000, 1.951768982622957e-05, 3.236610909734934e-05, 0.9998058033454159 0.00019419665458409607, 
11, 0000000000, 0000000000, 0.023506587119914078, 0.03906464962820471, 0.9450803421403269 0.00017798800639087054 0.00930694678005014 0.005596975849631286 0.011388365771462121 0.017444663144837787 0.011004718307300975, 
12, 0000000000, 0000000000, 1.9670615184985076e-05, 3.2616627685569686e-05, 0.9998043002338866 0.00019569976611341815, 
13, 0000000000, 0000000000, 1.9935513185869344e-05, 3.3071061643367835e-05, 0.9998015736301398 0.000198426369860207, 
14, 0000000000, 0000000000, 1.932739317683086e-05, 3.2060611212050896e-05, 0.9998076363327277 0.00019236366727230536, 
15, 0000000000, 0000000000, 1.8653060960789662e-05, 3.093524904292885e-05, 0.9998143885057424 0.00018561149425757315, 
16, 0000000000, 0000000000, 1.8676393346260808e-05, 3.097336062587934e-05, 0.9998141598362447 0.00018584016375527605, 
17, 0000000000, 0000000000, 0.022084719968384604, 0.036665370069867434, 0.9540822274629033 0.00018782710781772104 0.0019209065584226447 0.004685593644559667 0.00725546823418305 0.01832393562855113 0.013544041363562458, 
18, 0000000000, 0000000000, 1.9337461854177513e-05, 3.206793878468475e-05, 0.9998075923672918 0.00019240763270810855, 
19, 0000000000, 0000000000, 1.8693495368269684e-05, 3.0997325481313425e-05, 0.9998140160471121 0.00018598395288788058, 
20, 0000000000, 0000000000, 2.0067078767751432e-05, 3.3270504834057294e-05, 0.9998004132408921 0.00019955048921148824 3.626989642779032e-08, 
21, 0000000000, 0000000000, 1.9102319695109467e-05, 3.169458760967064e-05, 0.999809832474342 0.00019016752565802382, 
22, 0000000000, 0000000000, 1.916924221870408e-05, 3.178947900602392e-05, 0.9998092631259639 0.00019073687403614354, 
23, 0000000000, 0000000000, 1.9544608256384975e-05, 3.241780299081241e-05, 0.9998055016651203 0.00019448985181459512 8.48306513967968e-09, 
24, 0000000000, 0000000000, 2.0504981879726738e-05, 3.4017052753095115e-05, 0.9997958976834814 0.0002041023165185707, 
25, 0000000000, 0000000000, 1.881596328796464e-05, 3.121042903731399e-05, 0.9998127374257761 0.00018726257422388396, 
26, 0000000000, 0000000000, 0.001999392350447528, 0.0033186999985478994, 0.9929640931612559 0.0002004967280435624 0.0014240876046302771 0.004781761970297722 0.0006295605357725279, 
27, 0000000000, 0000000000, 0.00020155129441080662, 0.00033576732541898684, 0.9988929024902717 0.00019959106694274225 0.0009075064427855893, 
28, 0000000000, 0000000000, 2.0795552971721598e-05, 3.4495807762782065e-05, 0.9997930251534234 0.0002069748465766924, 
29, 0000000000, 0000000000, 1.959114890980225e-05, 3.2486480690589364e-05, 0.9998050811158565 0.00019491888414353617, 
30, 0000000000, 0000000000, 1.993778750461982e-05, 3.306289454400266e-05, 0.9998016226327359 0.00019837736726401595, 
31, 0000000000, 0000000000, 1.9413208520345873e-05, 3.220405864839042e-05, 0.9998067756481097 0.00019322435189034255, 
32, 0000000000, 0000000000, 2.003277796408455e-05, 3.3228049319764955e-05, 0.9998006317040815 0.00019936829591858974, 
33, 0000000000, 0000000000, 2.0045240665912802e-05, 3.32480812746796e-05, 0.9998005115123518 0.0001994884876480776, 
34, 0000000000, 0000000000, 1.9441576162907548e-05, 3.224371684676187e-05, 0.9998065376989194 0.00019346230108057124, 
35, 0000000000, 0000000000, 1.9867214238903285e-05, 3.295567973038576e-05, 0.9998022659216177 0.0001977340783823146, 
36, 0000000000, 0000000000, 1.9065768243991983e-05, 3.160419628046921e-05, 0.9998103748223172 0.00018962517768281525, 
37, 0000000000, 0000000000, 2.056102626594145e-05, 3.410552668177744e-05, 0.9997954888297736 0.00020438918036210215 1.2198986428124562e-07, 
38, 0000000000, 0000000000, 1.874508855231785e-05, 3.107269045590678e-05, 0.9998135638572645 0.0001864361427354407, 
39, 0000000000, 0000000000, 1.9966125276091186e-05, 3.311223095679235e-05, 0.9998013266142592 0.00019867338574075416, 
40, 0000000000, 0000000000, 1.9534537710889195e-05, 3.24042356339196e-05, 0.9998055745861966 0.00019442541380351762, 
41, 0000000000, 0000000000, 2.0760393723456088e-05, 3.444984551404498e-05, 0.9997933009269157 0.00020669907308426994, 
42, 0000000000, 0000000000, 1.8675151780368042e-05, 3.0974914395334656e-05, 0.999814150513628 0.00018584948637200794, 
43, 0000000000, 0000000000, 1.973954864299133e-05, 3.2751561287332813e-05, 0.9998034906322759 0.0001965093677239969, 
44, 0000000000, 0000000000, 1.9752462163569283e-05, 3.2782285260652867e-05, 0.9998033062884362 0.0001966937115639172, 
45, 0000000000, 0000000000, 1.966869929799956e-05, 3.2629120529812777e-05, 0.9998042252768211 0.00019577472317887669, 
46, 0000000000, 0000000000, 1.94580657185162e-05, 3.2269288421232676e-05, 0.9998063842694727 0.00019361573052739607, 
47, 0000000000, 0000111100, 0.06049474262353154, 0.10040375730116409, 0.8796808949273628 0.00016764492523064047 0.002492086402739116 0.0011760192943860235 0.03428511755431652 0.036587223399937946 0.04561101349602699, 
48, 0000000000, 0000000000, 1.9970160565035274e-05, 3.311340747118618e-05, 0.9998013195551729 0.0001986804448271171, 
49, 0000000000, 0000000000, 1.7945126469616252e-05, 2.973972994412659e-05, 0.9998215616203352 0.00017843837966475954, 
50, 0000000000, 0000000000, 1.8773479714267436e-05, 3.1137216787438184e-05, 0.9998131766992754 0.00018682330072462911, 
51, 0000000000, 0000000000, 1.9841442765614586e-05, 3.292297153357996e-05, 0.9998024621707986 0.00019753782920147977, 
52, 0000000000, 0000000000, 0.00048187206706347304, 0.0008029612837296575, 0.997730915907244 0.00018911318392807105 0.0016112582080338113 0.00046871270079408366, 
53, 0000000000, 0000000000, 2.1143091844575735e-05, 3.508413350545202e-05, 0.9997894951989672 0.00021050480103271211, 
54, 0000000000, 0000000000, 1.9321631052489567e-05, 3.204156609587668e-05, 0.9998077506034247 0.0001922493965752601, 
55, 0000000000, 0000000000, 1.9065749893779767e-05, 3.161323115076268e-05, 0.9998103206130953 0.00018967938690457614, 
56, 0000000000, 0000000000, 0.0037693594934417466, 0.00628209974596893, 0.9880534905886531 0.00018937971307857103 0.0023576859777868927 0.0048099684248835125 0.004589434945478723 4.035011915933518e-08, 
57, 0000000000, 0000000000, 1.8965833502074925e-05, 3.146071111977408e-05, 0.9998112357332815 0.00018876426671864452, 
58, 0000000000, 0000000000, 2.0861560367471286e-05, 3.460000197561703e-05, 0.9997923999881463 0.00020760001185370221, 
59, 0000000000, 0000000000, 2.1289379880210624e-05, 3.533255385397901e-05, 0.9997880046768762 0.0002119953231238741, 
60, 0000000000, 0000000000, 0.00020387292861874227, 0.0003396411805809817, 0.9988883179079638 0.00018559147084756713 0.0009260162509273347 7.437026121786662e-08, 
61, 0000000000, 0000000000, 1.987342381598932e-05, 3.2960401215670275e-05, 0.999802237592706 0.00019776240729402168, 
62, 0000000000, 0000000000, 1.9290862689415465e-05, 3.200224445461343e-05, 0.9998079865332723 0.00019201346672768058, 
63, 0000000000, 0000000000, 1.9660383115696853e-05, 3.260841295748461e-05, 0.9998043495222552 0.00019565047774490764, 
64, 0000000000, 0000000000, 2.077726707598256e-05, 3.447539184881244e-05, 0.9997931476489071 0.00020685235109287468, 
65, 0000000000, 0000000000, 1.9453228609213616e-05, 3.2274919902350294e-05, 0.9998064573421378 0.00019343579631021522 1.0686155194327944e-07, 
66, 0000000000, 0000000000, 1.9487902156036522e-05, 3.232219356072922e-05, 0.9998061810434888 0.0001937047516578509 1.142048532622201e-07, 
67, 0000000000, 0000000000, 2.0244295244321634e-05, 3.3585552465690184e-05, 0.9997984866852059 0.0002015133147941411, 
68, 0000000000, 0000000000, 1.9149126701029557e-05, 3.176812289954257e-05, 0.9998094049986441 0.00019058126531448156 1.37360413869222e-08, 
69, 0000000000, 0000000000, 1.9359819195079076e-05, 3.2116067480452035e-05, 0.9998073035951173 0.00019269640488271222, 
70, 0000000000, 0000000000, 2.1069697056410125e-05, 3.496576045130161e-05, 0.9997902054372921 0.00020979456270780967, 
71, 0000000000, 0000000000, 1.9333189073461134e-05, 3.2071067157738814e-05, 0.9998075735970535 0.00019242640294643288, 
72, 0000000000, 0000000000, 1.9697554370533926e-05, 3.2658840672759045e-05, 0.9998040968970535 0.0001958531618564312 4.9941090061551045e-08, 
73, 0000000000, 0000000000, 0.0008446385030952864, 0.001388223327115398, 0.9957349175148498 0.00020126945956186078 0.004063368573634737 4.444519536835806e-07, 
74, 0000000000, 0000000000, 2.0511069167714647e-05, 3.401962402289543e-05, 0.9997958822558627 0.00020411774413737262, 
75, 0011110000, 0000000000, 0.03636187599209086, 0.06034660204060681, 0.9213329096377287 0.00017810182119549738 0.0008139413272810895 0.015743491680331814 0.01725903967002375 0.02402810113384207 0.02064441472959706, 
76, 0000000000, 0000000000, 2.4338326610785678e-05, 3.649786538914482e-05, 0.9997810128076652 0.00021898719233486892, 
77, 0000000000, 0000000000, 1.9599380397731913e-05, 3.2503498828182554e-05, 0.999804979007031 0.00019502099296909533, 
78, 0000000000, 0000000000, 1.9696492184859857e-05, 3.267023939410338e-05, 0.9998039785636353 0.00019602143636462033, 
79, 0000000000, 0000000000, 2.039602292797628e-05, 3.383484766913625e-05, 0.9997969909139852 0.00020300908601481754, 
80, 0000000000, 0000000000, 1.9442411752969368e-05, 3.2244504961994085e-05, 0.999806532970228 0.00019346702977196455, 
81, 0000000000, 0000000000, 1.9312993543213085e-05, 3.202308732249436e-05, 0.9998078614760649 0.00019213852393496614, 
82, 0000000000, 0000000000, 2.0458341171877567e-05, 3.394987150361158e-05, 0.9997963007709784 0.00020369922902166952, 
83, 0000000000, 0000000000, 1.855572907813891e-05, 3.077019472162312e-05, 0.9998153788316703 0.00018462116832973876, 
84, 0000000000, 0000000000, 1.9888411144300087e-05, 3.299176071875719e-05, 0.9998020494356874 0.00019795056431254313, 
85, 0000000000, 0000000000, 1.9551629057025223e-05, 3.242483987274985e-05, 0.9998055041199437 0.0001944427208760456 5.315918022678011e-08, 
86, 0000000000, 0000000000, 1.960188128938547e-05, 3.2521948963664704e-05, 0.999804868306218 0.00019513169378198824, 
87, 0000000000, 0000000000, 2.0298191268035557e-05, 3.3679967546951535e-05, 0.9997979201947182 0.00020207980528170926, 
88, 0000000000, 0000000000, 1.9917478739062996e-05, 3.303585180322718e-05, 0.9998017848891807 0.0001982151108193631, 
89, 0000000000, 0000000000, 1.7819860446915094e-05, 2.9559947266625975e-05, 0.9998227022916745 0.00017723573305112973 6.197527431306384e-08, 
90, 0000000000, 0000000000, 2.0266625823627433e-05, 3.361438142915196e-05, 0.9997983137114251 0.00020168628857491182, 
91, 0000000000, 0000000000, 1.878730936731443e-05, 3.115740732234928e-05, 0.9998130555560659 0.00018694444393409568, 
92, 0000000000, 0000000000, 2.1143370473471268e-05, 3.5081697690338816e-05, 0.9997896658740049 0.00021017806584837023 1.560601468313308e-07, 
93, 0000000000, 0000000000, 1.9511455693993394e-05, 3.2356913778229644e-05, 0.9998058585173307 0.00019414148266937788, 
94, 0000000000, 0000000000, 1.9819490790281643e-05, 3.2863833721613096e-05, 0.9998028169976704 0.0001971830023296786, 
95, 0000000000, 0000000000, 1.9427474938661667e-05, 3.223295970235828e-05, 0.9998066022417857 0.00019339775821414974, 
96, 0000000000, 0000000000, 1.8022691624922133e-05, 2.9885496241613786e-05, 0.9998207009167175 0.00017928518911533578 1.3894167173476444e-08, 
97, 0000000000, 0000000000, 2.0203997740245732e-05, 3.353333743437723e-05, 0.9997987999753939 0.0002012000246062634, 
98, 0000000000, 0000000000, 0.0015846810494931128, 0.002627936168271434, 0.9920164258546047 0.0001996927711757649 0.007783719884205765 1.6149001376969473e-07, 
99, 0000000000, 0000000000, 1.896921080819807e-05, 3.1456606547476936e-05, 0.9998112603607152 0.00018873963928486162, 
100, 0000000000, 0000000000, 2.0119329849648936e-05, 3.3375662533697804e-05, 0.9997997950215901 0.00020015598161737233 4.899679240726289e-08, 
run, initial grid state, final grid state, mean grid cell occupancy, mean binding site occupancy, fraction of time with N TFs bound, warning
1, 0000000000, 0000000000, 1.9239380449058508e-05, 3.191312034170039e-05, 0.9998085212779498 0.00019147872205020237, 
2, 0000000000, 0000000000, 2.005624975616415e-05, 3.326958311816235e-05, 0.999800382501291 0.00019961749870897412, 
3, 0000000000, 0000000000, 1.930976146282666e-05, 3.202025616444181e-05, 0.9998078784630134 0.00019212153698665088, 
4, 0000000000, 0000000000, 2.0652424401416084e-05, 3.426094226499963e-05, 0.99979443434641 0.0002055656535899978, 
5, 0000000000, 0000000000, 2.0135177580667747e-05, 3.340192794823746e-05, 0.9997995884323105 0.00020041156768942471, 
6, 0000000000, 0000000000, 1.9164259527979072e-05, 3.179005891926298e-05, 0.9998092607357061 0.00019073817507253205 1.0892215229216075e-09, 
7, 0000000000, 0000000000, 1.9127657182647296e-05, 3.1726992030542566e-05, 0.9998096380478168 0.0001903619521832554, 
8, 0000000000, 0000000000, 1.965462128997589e-05, 3.2593947585734926e-05, 0.9998044363144856 0.00019556368551440956, 
9, 0000000000, 0000000000, 1.8432101806946376e-05, 3.056216722817657e-05, 0.9998166636414543 0.0001832997137222693 3.6644823395070574e-08, 
10, 0000000000, 0000000000, 1.8631624674503786e-05, 3.0896448965720534e-05, 0.9998146213062056 0.00018537869379432325, 
11, 0000000000, 0000000000, 2.038614892770452e-05, 3.381263030135095e-05, 0.9997971242181919 0.00020287578180810568, 
12, 0000000000, 0000000000, 1.9832538516506174e-05, 3.2901458684041957e-05, 0.9998025912478958 0.0001974087521042517, 
13, 0000000000, 0000000000, 1.9665119596474853e-05, 3.263002123600365e-05, 0.999804219872584 0.0001957801274160219, 
14, 0000000000, 0000000000, 0.05077863666539529, 0.08429394830137951, 0.8973643637646138 0.00018025166998767575 0.009180412616751307 0.012170736045211723 0.004186605346496332 0.027541799958468276 0.04937583059847082, 
15, 0000000000, 0000000000, 2.0561178697878447e-05, 3.4116552046283276e-05, 0.9997953006877224 0.00020469931227769966, 
16, 0000000000, 0000000000, 1.9403179581641977e-05, 3.218224180866269e-05, 0.999806906549148 0.00019309345085197614, 
17, 0000000000, 0000000000, 1.9122269744719997e-05, 3.171719254454803e-05, 0.9998096968447328 0.00019030315526728816, 
18, 0000000000, 0000000000, 1.9607644221648714e-05, 3.253260153050351e-05, 0.999804804390817 0.00019519560918302106, 
19, 0000000000, 0000000000, 1.7738385639497243e-05, 2.9407780160734532e-05, 0.9998235533190356 0.0001764466809644072, 
20, 0000000000, 0000000000, 1.8875582773934797e-05, 3.1304403565708904e-05, 0.9998121735786057 0.0001878264213942534, 
21, 0000000000, 0000000000, 1.9270511297959924e-05, 3.19616875205047e-05, 0.9998082298748769 0.00019177012512302822, 
22, 0000000000, 0000000000, 1.974417400524621e-05, 3.2744458483409235e-05, 0.9998035332490994 0.00019646675090045543, 
23, 0000000000, 0000000000, 1.9386467331378846e-05, 3.2146426424573075e-05, 0.9998071214414525 0.00019287855854743845, 
24, 0000000000, 0000000000, 1.876046346283294e-05, 3.112025553036023e-05, 0.9998132826495592 0.0001867131676994451 4.182741358166649e-09, 
25, 0000000000, 0000000000, 1.9643714925662184e-05, 3.2577782821800326e-05, 0.9998046264654229 0.00019528037222358907 9.316235360645111e-08, 
26, 0000000000, 0000000000, 1.926918648422457e-05, 3.19547563057005e-05, 0.9998082714621659 0.00019172853783420301, 
27, 0000000000, 0000000000, 2.051869121791193e-05, 3.403039062689816e-05, 0.9997958176562386 0.000204182343761389, 
28, 0000000000, 0000000000, 0.02129335901503349, 0.03537325174093139, 0.9514400023128098 0.00019250090372780403 0.008973327984200715 0.0033732845246535535 0.00914867308252448 0.013847459483102047 0.013024751708981706, 
29, 0000000000, 0000000000, 1.829531948511555e-05, 3.0325486344944652e-05, 0.9998181486826604 0.0001817497166095108 1.0160073007856095e-07, 
30, 0000000000, 0000000000, 1.934210666683805e-05, 3.208222730587977e-05, 0.9998075066361648 0.00019249336383527862, 
31, 0000000000, 0000000000, 0.05959175016029449, 0.09891753345046012, 0.879046094561085 0.00017024026732039365 0.0016625262106701303 0.008605209488022666 0.028962844325422444 0.04097560863653466 0.040577476510944815, 
32, 0000000000, 0000000000, 2.0588890223445185e-05, 3.415977679295754e-05, 0.9997950413392422 0.0002049586607577453, 
33, 0000000000, 0000000000, 1.8931956799308604e-05, 3.1390995509842735e-05, 0.999811654026941 0.0001883459730590564, 
34, 0000000000, 0000000000, 1.8865490640286123e-05, 3.1278153473303023e-05, 0.9998123310791602 0.00018766892083981815, 
35, 0000000000, 0000000000, 1.9664472362226106e-05, 3.261400230447984e-05, 0.9998043159861731 0.00019568401382687905, 
36, 0000000000, 0000000000, 1.8543870709843654e-05, 3.073231062895595e-05, 0.9998156061362263 0.00018439386377373573, 
37, 0000000000, 0000000000, 1.9253373339885926e-05, 3.1937841484991235e-05, 0.9998083729510902 0.00019162704890994745, 
38, 0000000000, 0000000000, 2.0413417892878433e-05, 3.386099246013223e-05, 0.9997968340452392 0.00020316595476079343, 
39, 0000000000, 0000000000, 2.1501765885387164e-05, 3.3430502428504986e-05, 0.9997995495984504 0.0002003177885279645 1.326130215326945e-07, 
40, 0000000000, 0000000000, 2.0304530047196588e-05, 3.368249913037561e-05, 0.9997979050052177 0.00020209499478225366, 
41, 0000000000, 0000000000, 1.9768859523109877e-05, 3.280031637279267e-05, 0.9998031981017633 0.000196801898236756, 
42, 0000000000, 0000000000, 1.9945097214775285e-05, 3.30968364458405e-05, 0.9998014189813249 0.00019858101867504299, 
43, 0000000000, 0000000000, 1.8621330672501852e-05, 3.086578891201336e-05, 0.999814805266528 0.00018519473347208018, 
44, 0000000000, 0000000000, 1.9288219362298053e-05, 3.197709867530017e-05, 0.9998081374079482 0.00019186259205180103, 
45, 0000000000, 0000000000, 1.869646215106724e-05, 3.101753088271577e-05, 0.9998138948147037 0.00018610518529629466, 
46, 0000000000, 0000000000, 2.0692771438156296e-05, 3.433431114746612e-05, 0.999794120805989 0.00020575252113722085 1.266728737879367e-07, 
47, 0000000000, 0000000000, 0.09015705015933137, 0.14962630033428242, 0.814906238559088 0.00017283708625536788 0.008846345871505396 0.030870566874210605 0.028089033762365406 0.027765429575116973 0.08934954827145837, 
48, 0000000000, 0000000000, 2.0588828461881806e-05, 3.416618812706613e-05, 0.9997950028712376 0.00020499712876239677, 
49, 0000000000, 0000000000, 1.9642786228167623e-05, 3.258678757051194e-05, 0.9998044792745768 0.00019552072542307165, 
50, 0000000000, 0000000000, 1.9240575439855653e-05, 3.191254510173244e-05, 0.9998085247293895 0.00019147527061039467, 
51, 0000000000, 0000000000, 1.908590498087121e-05, 3.167284991478208e-05, 0.9998099629005113 0.00019003709948869248, 
52, 0000000000, 0000000000, 1.9636772891265606e-05, 3.257384905616761e-05, 0.999804556905663 0.0001954430943370057, 
53, 0000000000, 0000000000, 2.084758643244241e-05, 3.4592677410181995e-05, 0.9997924439355388 0.000207556064461092, 
54, 0000000000, 0000000000, 1.9992087135660013e-05, 3.3163415736544515e-05, 0.9998010195055808 0.0001989804944192671, 
55, 0000000000, 0000000000, 1.95021268000413e-05, 3.2345733173078756e-05, 0.9998059256009615 0.0001940743990384726, 
56, 0000000000, 0000000000, 1.9370360225834282e-05, 3.2122620986079726e-05, 0.9998072642740835 0.00019273572591647835, 
57, 0000000000, 0000000000, 1.898043254830143e-05, 3.147454778543799e-05, 0.9998111527132874 0.000188847286712628, 
58, 0000000000, 0000000000, 2.037678457467241e-05, 3.380421262122791e-05, 0.9997971747242727 0.00020282527572736752, 
59, 0000000000, 0000000000, 2.0636419462317074e-05, 3.42325246208803e-05, 0.9997946048522747 0.0002053951477252818, 
60, 0000000000, 0000000000, 1.9359770558901434e-05, 3.2109356370536265e-05, 0.9998073438617768 0.0001926561382232176, 
61, 0000000000, 0000000000, 0.00044537248348600474, 0.0007421380591506287, 0.9976764353908991 0.0001947969577656766 0.0021282715568679287 4.960944674128578e-07, 
62, 0000000000, 0000000000, 1.963880144939435e-05, 3.2564953187175845e-05, 0.999804610280877 0.00019538971912305513, 
63, 0000000000, 0000000000, 1.974872193880314e-05, 3.277087924170568e-05, 0.9998033747245498 0.00019662527545023407, 
64, 0000000000, 0000000000, 2.044296120397878e-05, 3.392152146989411e-05, 0.9997964708711807 0.00020352912881936472, 
65, 0000000000, 0000000000, 2.075264779128408e-05, 3.4438121964932936e-05, 0.9997933712682104 0.00020662873178959763, 
66, 0000000000, 0000000000, 1.9235314936688102e-05, 3.1903860794962046e-05, 0.9998085768352302 0.0001914231647697723, 
67, 0000000000, 0000000000, 1.989303573529974e-05, 3.2991328977390356e-05, 0.9998020954742991 0.00019786107753745966 4.3448163441249296e-08, 
68, 0000000000, 0000000000, 2.0837679753666865e-05, 3.455580289534993e-05, 0.9997926651826279 0.00020733481737209957, 
69, 0000000000, 0000000000, 1.9895264075862975e-05, 3.299339320092232e-05, 0.9998020396407944 0.00019796035920553395, 
70, 0000000000, 0000000000, 0.004569158007535385, 0.007599476912879087, 0.9830699303648487 0.00018582103845661416 0.004822350679224899 0.011921252589511076 6.453279587200709e-07, 
71, 0000000000, 0000000000, 2.0115338662968715e-05, 3.337221489187472e-05, 0.9997997667106487 0.0002002332893512483, 
72, 0000000000, 0000000000, 1.9949614769039927e-05, 3.3099007612897145e-05, 0.9998014059543225 0.0001985940456773829, 
73, 0000000000, 0000000000, 1.9213387865678825e-05, 3.186646514359407e-05, 0.9998088012091384 0.0001911987908615644, 
74, 0000000000, 0000000000, 1.9431679464598197e-05, 3.224966974793145e-05, 0.9998067009272259 0.00019310012706082102 1.9894571338381083e-07, 
75, 0000000000, 0000000000, 1.856751493362538e-05, 3.077372951745148e-05, 0.9998153576228953 0.0001846423771047089, 
76, 0000000000, 0000000000, 1.9793730521535887e-05, 3.282707588595902e-05, 0.9998030375446842 0.00019696245531575408, 
77, 0000000000, 0000000000, 1.9379935890857676e-05, 3.2141092915082735e-05, 0.9998071534425095 0.00019284655749049646, 
78, 0000000000, 0000000000, 2.0964741037695285e-05, 3.478533172141324e-05, 0.9997912880096717 0.00020871199032847945, 
79, 0000000000, 0000111100, 0.021100125702252875, 0.03501965815205659, 0.9558481081220417 0.00018645131287554272 0.002196441830952281 0.006150133925428503 0.009921583260342733 0.006781810170252663 0.018915471378106615, 
80, 0000000000, 0000000000, 1.96150869147727e-05, 3.25285989254672e-05, 0.9998048630388185 0.00019510232881026987 3.463237126668294e-08, 
81, 0000000000, 0000000000, 0.0001904074376984112, 0.00031719361594676376, 0.998950867632644 0.00019510303903156102 0.0008540293283245109, 
82, 0000000000, 0000000000, 1.903490032382092e-05, 3.1577741402653876e-05, 0.9998105335515841 0.00018946644841592324, 
83, 0000000000, 0000000000, 1.8852314005631984e-05, 3.125455066877662e-05, 0.9998124726959874 0.00018752730401265977, 
84, 0000000000, 0000000000, 2.0094481554638705e-05, 3.333922737930358e-05, 0.9997999646357241 0.00020003536427582147, 
85, 0000000000, 0000000000, 1.9386847114637955e-05, 3.2164328510188635e-05, 0.9998070140289389 0.0001929859710611318, 
86, 0000000000, 0000000000, 1.9322933231053496e-05, 3.2046250296071214e-05, 0.9998077224982236 0.00019227750177642727, 
87, 0000000000, 0000000000, 1.9384133490195422e-05, 3.213755535909724e-05, 0.9998071827535047 0.00019280916083612055 8.085659231458391e-09, 
88, 0000000000, 0000000000, 2.0591552440471783e-05, 3.4163751936720786e-05, 0.9997950654749188 0.00020488653854214197 4.7986539091382705e-08, 
89, 0000000000, 0000000000, 2.4847130474468047e-05, 3.6968059423155784e-05, 0.999778191643461 0.0002218083565389347, 
90, 0000000000, 0000000000, 1.9527907672040398e-05, 3.2391803882518456e-05, 0.9998056491767049 0.00019435082329511075, 
91, 0000000000, 0000000000, 1.8423796389769743e-05, 3.055070612074204e-05, 0.9998166957632756 0.0001833042367244523, 
92, 0000000000, 0000000000, 2.034810917363935e-05, 3.374922831731128e-05, 0.9997975046300962 0.00020249536990386765, 
93, 0000000000, 0000000000, 1.945013079372529e-05, 3.2254769326617934e-05, 0.9998064713840403 0.0001935286159597076, 
94, 0000000000, 0000000000, 1.9014222441546443e-05, 3.151970918419822e-05, 0.9998108817448949 0.00018911825510518933, 
95, 0000000000, 0000000000, 1.9439344563102325e-05, 3.223123546862349e-05, 0.9998066125871882 0.00019338741281174098, 
96, 0000000000, 0000000000, 0.00011934405649250065, 0.00019875693357239302, 0.999300735215279 0.00020598796800776016 0.000493276816713299, 
97, 0000000000, 0000000000, 1.9845519229904746e-05, 3.2727482444266896e-05, 0.9998036351053343 0.00019636489466560137, 
98, 0000000000, 0001111000, 0.006705649906849665, 0.011132150834441159, 0.9871395795208532 0.00018318118930756835 0.0002092255016653878 3.404598012844721e-05 0.0027846094076775367 0.0029454531592942416 0.006703905241073653, 
99, 0000000000, 0000000000, 0.008729838322377543, 0.014526761914728663, 0.9759979116160825 0.0001926766002213632 0.0052040768146861165 0.0042835486757956225 0.01042331649438012 0.0013749895391345591 0.0025234802596997077, 
100, 0000000000, 0000000000, 1.7822524672905142e-05, 2.9553851757245725e-05, 0.9998226815012468 0.00017731388696311395 4.611790180206299e-09, 
run, initial grid state, final grid state, mean grid cell occupancy, mean binding site occupancy, fraction of time with N TFs bound, warning
1, 0000000000, 0000000000, 1.9524223651402738e-05, 3.236963744231828e-05, 0.9998057821753461 0.0001942178246539097, 
2, 0000000000, 0000000000, 1.976963479106558e-05, 3.2791666029534474e-05, 0.9998032500038228 0.00019674999617720686, 
3, 0000000000, 0000000000, 1.9607803726004682e-05, 3.251218350477188e-05, 0.9998049268989714 0.0001950731010286313, 
4, 0000000000, 0000000000, 1.8755047925130277e-05, 3.110448909547387e-05, 0.9998133730654272 0.00018662693457284325, 
5, 0000000000, 0000000000, 1.9074977685586116e-05, 3.1646440942244504e-05, 0.999810150593489 0.00018982016736842126 2.923914252292542e-08, 
6, 0000000000, 0000000000, 1.879736590610429e-05, 3.117247043381245e-05, 0.9998129651773972 0.00018703482260287472, 
7, 0000000000, 0000000000, 1.9504633159867287e-05, 3.2354140161852626e-05, 0.999805875159029 0.0001941248409711158, 
