run, initial grid state, final grid state, mean grid cell occupancy, mean binding site occupancy, fraction of time with N TFs bound, warning
1, 0000000000, 0000000000, 5.843734912843377e-07, 6.389202455001962e-07, 0.9999961664785271 3.833521473001178e-06, 
2, 0000000000, 0000000000, 6.242509172988283e-07, 6.774226843841372e-07, 0.9999959354638936 4.0645361063048236e-06, 
3, 0000000000, 0000000000, 5.99713345831382e-07, 6.606146238316663e-07, 0.999996036312257 3.963687742989997e-06, 
4, 0000000000, 0000000000, 5.989413187067367e-07, 6.612469952541314e-07, 0.9999960325180285 3.967481971524788e-06, 
5, 0000000000, 0000000000, 6.26531007632758e-07, 6.874083765281102e-07, 0.9999958755497408 4.124450259168661e-06, 
6, 0000000000, 0000000000, 5.90612208628659e-07, 6.436616614154164e-07, 0.9999961380300315 3.861969968492499e-06, 
7, 0000000000, 0000000000, 5.640013356422298e-07, 6.240771932453252e-07, 0.9999962555368406 3.744463159471952e-06, 
8, 1111111111, 1111111111, 1.0, 1.0, 0.0 0.0 0.0 0.0 0.0 0.0 1.0, 
9, 0000000000, 0000000000, 6.184134077534211e-07, 6.849873638924096e-07, 0.9999958900758167 4.1099241833544574e-06, 
10, 1111111111, 1111111111, 1.0, 1.0, 0.0 0.0 0.0 0.0 0.0 0.0 1.0, 
11, 0000000000, 0000000000, 5.746201185767242e-07, 6.323743055317396e-07, 0.9999962057541668 3.7942458331904377e-06, 
12, 0000000000, 0000000000, 5.955187352603284e-07, 6.503540572617618e-07, 0.9999960978756564 3.902124343570571e-06, 
13, 0000000000, 0000000000, 6.137640434449366e-07, 6.819217010497646e-07, 0.9999959084697937 4.091530206298588e-06, 
14, 0000000000, 0000000000, 6.118878091917622e-07, 6.810925967051528e-07, 0.9999959134444197 4.0865555802309175e-06, 
15, 0000000000, 0000000000, 5.989042594727143e-07, 6.534830469179099e-07, 0.9999960791017185 3.92089828150746e-06, 
16, 0000000000, 0000000000, 5.888100083174012e-07, 6.342455890191541e-07, 0.9999961945264658 3.8054735341149243e-06, 
17, 0000000000, 0000000000, 6.036021821205337e-07, 6.586512006247704e-07, 0.9999960480927963 3.951907203748622e-06, 
18, 0000000000, 0000000000, 6.152540919531275e-07, 6.835436057376719e-07, 0.9999958987383656 4.101261634426032e-06, 
19, 0000000000, 0000000000, 5.967017656400732e-07, 6.499454706345336e-07, 0.9999961003271761 3.899672823807202e-06, 
20, 0000000000, 0000000000, 5.997324591895249e-07, 6.604170174504402e-07, 0.9999960374978953 3.962502104702642e-06, 
21, 0000000000, 0000000000, 5.940526187034847e-07, 6.488172164491569e-07, 0.9999961070967013 3.892903298694942e-06, 
22, 0000000000, 0000000000, 5.964042335910712e-07, 6.54997953165097e-07, 0.999996070012281 3.929987718990582e-06, 
23, 0000000000, 0000000000, 5.845415481572771e-07, 6.289232352940875e-07, 0.9999962264605882 3.773539411764525e-06, 
24, 0000000000, 0000000000, 5.973594816028147e-07, 6.49302126536227e-07, 0.9999961041872407 3.8958127592173625e-06, 
25, 0000000000, 0000000000, 6.016579723097605e-07, 6.603636087868861e-07, 0.9999960378183472 3.962181652721316e-06, 
26, 0000000000, 0000000000, 6.031950624009449e-07, 6.63654664440426e-07, 0.9999960180720134 3.981927986642556e-06, 
27, 1111111111, 1111111111, 1.0, 1.0, 0.0 0.0 0.0 0.0 0.0 0.0 1.0, 
28, 0000000000, 0000000000, 6.195882513362462e-07, 6.828644398876694e-07, 0.9999959028133606 4.097186639326017e-06, 
29, 0000000000, 0000000000, 6.059882515721992e-07, 6.631219779480262e-07, 0.9999960212681323 3.978731867688158e-06, 
30, 0000000000, 0000000000, 6.035812645715e-07, 6.679820482437276e-07, 0.9999959921077105 4.007892289462366e-06, 
31, 0000000000, 0000000000, 6.132909786775375e-07, 6.720359011211003e-07, 0.9999959677845933 4.032215406726602e-06, 
32, 0000000000, 0000000000, 6.230361607201962e-07, 6.782397716297279e-07, 0.9999959305613703 4.069438629778368e-06, 
33, 1111111111, 1111111111, 1.0, 1.0, 0.0 0.0 0.0 0.0 0.0 0.0 1.0, 
34, 0000000000, 0000000000, 5.933551194705429e-07, 6.624147905840672e-07, 0.9999960255112565 3.974488743504403e-06, 
35, 0000000000, 0000000000, 6.170631420895634e-07, 6.803436552336908e-07, 0.9999959179380686 4.0820619314021445e-06, 
36, 0000000000, 0000000000, 5.919734611350743e-07, 6.312725699879783e-07, 0.99999621236458 3.7876354199278698e-06, 
37, 0000000000, 0000000000, 6.073540997394755e-07, 6.729842347311574e-07, 0.9999959620945915 4.037905408386944e-06, 
38, 0000000000, 0000000000, 5.983179070499763e-07, 6.386215256110398e-07, 0.9999961682708464 3.831729153666239e-06, 
39, 0000000000, 0000000000, 5.814070498866549e-07, 6.357526090316702e-07, 0.9999961854843459 3.8145156541900216e-06, 
40, 0000000000, 0000000000, 6.144885461528107e-07, 6.831349523437026e-07, 0.9999959011902859 4.098809714062216e-06, 
41, 0000000000, 0000000000, 5.933935083286903e-07, 6.294044399845214e-07, 0.9999962235733602 3.776426639907128e-06, 
42, 0000000000, 0000000000, 6.208838830847026e-07, 6.825173337613823e-07, 0.9999959048959974 4.095104002568294e-06, 
43, 0000000000, 0000000000, 6.039432645011762e-07, 6.499878407076361e-07, 0.9999961000729557 3.899927044245816e-06, 
44, 0000000000, 0000000000, 6.050588153668933e-07, 6.489063053895462e-07, 0.9999961065621676 3.893437832337277e-06, 
45, 0000000000, 0000000000, 6.129875786145926e-07, 6.683266789827953e-07, 0.999995990039926 4.009960073896772e-06, 
46, 0000000000, 0000000000, 5.966975760858622e-07, 6.53645736849451e-07, 0.9999960781255789 3.921874421096706e-06, 
47, 0000000000, 0000000000, 6.180274299576898e-07, 6.949285110846574e-07, 0.9999958304289335 4.169571066507944e-06, 
48, 0000000000, 0000000000, 5.897304860645218e-07, 6.354279856638343e-07, 0.999996187432086 3.8125679139830056e-06, 
49, 0000000000, 0000000000, 6.067150851686712e-07, 6.694842426588117e-07, 0.9999959830945441 4.01690545595287e-06, 
50, 0000000000, 0000000000, 6.187514546908858e-07, 6.883774574085078e-07, 0.9999958697352556 4.130264744451048e-06, 
51, 0000000000, 0000000000, 6.267947488714818e-07, 6.894186794186205e-07, 0.9999958634879235 4.136512076511723e-06, 
52, 1111111111, 1111111111, 1.0, 1.0, 0.0 0.0 0.0 0.0 0.0 0.0 1.0, 
53, 0000000000, 0000000000, 6.17121512234829e-07, 6.818057321364083e-07, 0.9999959091656072 4.09083439281845e-06, 
54, 0000000000, 0000000000, 5.91760190100276e-07, 6.367163475040005e-07, 0.999996179701915 3.8202980850240034e-06, 
55, 0000000000, 0000000000, 5.98273139809236e-07, 6.529959063111186e-07, 0.9999960820245621 3.917975437866712e-06, 
56, 0000000000, 0000000000, 6.266818888765106e-07, 6.848433316632409e-07, 0.99999589094001 4.109059989979446e-06, 
57, 0000000000, 0000000000, 5.93955847182092e-07, 6.350311478081395e-07, 0.9999961898131132 3.810186886848837e-06, 
58, 0000000000, 0000000000, 6.258706602948285e-07, 6.654273742751682e-07, 0.9999960074357543 3.99256424565101e-06, 
59, 0000000000, 0000000000, 5.964322677158942e-07, 6.456561988173472e-07, 0.9999961260628071 3.873937192904084e-06, 
60, 0000000000, 0000000000, 6.099563499155365e-07, 6.552496720858966e-07, 0.9999960685019674 3.931498032515381e-06, 
61, 0000000000, 0000000000, 6.092927772939355e-07, 6.737018268434736e-07, 0.9999959577890389 4.042210961060842e-06, 
62, 0000000000, 0000000000, 5.945129088917525e-07, 6.429159736576016e-07, 0.999996142504158 3.85749584194561e-06, 
63, 0000000000, 0000000000, 6.187792321560984e-07, 6.778359283333931e-07, 0.99999593298443 4.06701557000036e-06, 
64, 0000000000, 0000000000, 5.998339664491719e-07, 6.670266455686826e-07, 0.9999959978401267 4.002159873412096e-06, 
65, 0000000000, 0000000000, 6.053181763071168e-07, 6.597036082948933e-07, 0.9999960417783502 3.958221649769361e-06, 
66, 0000000000, 0000000000, 6.017115393644656e-07, 6.589704431511742e-07, 0.9999960461773412 3.953822658907045e-06, 
67, 0000000000, 0000000000, 6.201982646842785e-07, 6.912952744131463e-07, 0.9999958522283535 4.147771646478878e-06, 
68, 0000000000, 0000000000, 5.873418803031244e-07, 6.373344620719685e-07, 0.9999961759932275 3.82400677243181e-06, 
69, 0000000000, 0000000000, 5.860577708807152e-07, 6.444501287705081e-07, 0.9999961332992273 3.866700772623049e-06, 
70, 0000000000, 0000000000, 6.291788400577192e-07, 6.763661261181077e-07, 0.9999959418032434 4.058196756708646e-06, 
71, 0000000000, 0000000000, 5.978932188283652e-07, 6.584301001697939e-07, 0.999996049419399 3.9505806010187645e-06, 
72, 0000000000, 0000000000, 5.737320928459966e-07, 6.19771010030194e-07, 0.9999962813739398 3.7186260601811638e-06, 
73, 0000000000, 0000000000, 6.191885275820899e-07, 6.826362866112899e-07, 0.9999959041822803 4.095817719667739e-06, 
74, 0000000000, 0000000000, 6.205115282367749e-07, 6.601861899379097e-07, 0.9999960388828605 3.961117139627458e-06, 
75, 0000000000, 0000000000, 6.156705203175719e-07, 6.739871986223425e-07, 0.9999959560768084 4.043923191734055e-06, 
76, 0000000000, 0000000000, 6.150026417264403e-07, 6.658568093006771e-07, 0.9999960048591441 3.995140855804063e-06, 
77, 0000000000, 0000000000, 6.029277739305427e-07, 6.546419519774563e-07, 0.9999960721482881 3.927851711864738e-06, 
78, 0000000000, 0000000000, 5.94295061815957e-07, 6.530585171099537e-07, 0.9999960816488973 3.918351102659722e-06, 
79, 0000000000, 0000000000, 5.990524608342176e-07, 6.526255360957868e-07, 0.9999960842467833 3.915753216574722e-06, 
80, 0000000000, 0000000000, 5.98867243902906e-07, 6.484799929082809e-07, 0.9999961091200426 3.890879957449686e-06, 
81, 0000000000, 0000000000, 6.067053456761405e-07, 6.785954340375447e-07, 0.9999959284273957 4.071572604225269e-06, 
82, 0000000000, 0000000000, 6.05833095435042e-07, 6.685754155747901e-07, 0.9999959885475066 4.011452493448741e-06, 
83, 0000000000, 0000000000, 5.929859638166215e-07, 6.316280736172356e-07, 0.9999962102315583 3.789768441703414e-06, 
84, 0000000000, 0000000000, 6.065468438647913e-07, 6.688840072457945e-07, 0.9999959866959565 4.013304043474768e-06, 
85, 0000000000, 0000000000, 6.011356812071336e-07, 6.527571603084962e-07, 0.999996083457038 3.916542961850978e-06, 
86, 0000000000, 0000000000, 5.884785575221287e-07, 6.495796286809353e-07, 0.9999961025222279 3.897477772085611e-06, 
87, 0000000000, 0000000000, 5.94306007440486e-07, 6.585943673899219e-07, 0.9999960484337956 3.951566204339532e-06, 
88, 0000000000, 0000000000, 5.808313646268964e-07, 6.477239477862086e-07, 0.9999961136563134 3.886343686717251e-06, 
89, 0000000000, 0000000000, 6.160505150939238e-07, 6.881112819962989e-07, 0.9999958713323082 4.128667691977794e-06, 
90, 0000000000, 0000000000, 6.246287400032438e-07, 7.010786006295228e-07, 0.9999957935283962 4.206471603777137e-06, 
91, 0000000000, 0000000000, 5.928993905266478e-07, 6.445185136019165e-07, 0.9999961328889184 3.8671110816115e-06, 
92, 0000000000, 0000000000, 5.942513354530259e-07, 6.509258850273724e-07, 0.9999960944446898 3.905555310164234e-06, 
93, 0000000000, 0000000000, 5.790480852685335e-07, 6.270825114468018e-07, 0.9999962375049313 3.7624950686808107e-06, 
94, 0000000000, 0000000000, 6.056028993964566e-07, 6.607769724215606e-07, 0.9999960353381655 3.964661834529363e-06, 
95, 0000000000, 0000000000, 5.831419794320564e-07, 6.444828153425103e-07, 0.999996133103108 3.866896892055062e-06, 
96, 0000000000, 0000000000, 6.245781682009289e-07, 6.894158260636806e-07, 0.9999958635050437 4.136494956382084e-06, 
97, 0000000000, 0000000000, 6.131252238744425e-07, 6.785106106148218e-07, 0.9999959289363363 4.0710636636889324e-06, 
98, 0000000000, 0000000000, 6.038214094234364e-07, 6.545372385648448e-07, 0.9999960727765687 3.927223431389069e-06, 
99, 0000000000, 0000000000, 6.007323584312107e-07, 6.382045496509793e-07, 0.9999961707727021 3.829227297905876e-06, 
100, 0000000000, 0000000000, 6.095763684268181e-07, 6.514635074443029e-07, 0.9999960912189553 3.908781044665818e-06, 
run, initial grid state, final grid state, mean grid cell occupancy, mean binding site occupancy, fraction of time with N TFs bound, warning
1, 0000000000, 0000000000, 6.183475402189597e-07, 6.673628304713652e-07, 0.9999959958230172 4.004176982828191e-06, 
2, 0000000000, 0000000000, 6.131784670234912e-07, 6.563287482333381e-07, 0.9999960620275106 3.937972489400029e-06, 
3, 0000000000, 0000000000, 5.886855602972851e-07, 6.440079996718133e-07, 0.999996135952002 3.86404799803088e-06, 
4, 0000000000, 0000000000, 5.939118286386808e-07, 6.664394658316104e-07, 0.999996001363205 3.998636794989662e-06, 
5, 0000000000, 0000000000, 6.047262404117555e-07, 6.540786930048165e-07, 0.999996075527842 3.9244721580288985e-06, 
6, 0000000000, 0000000000, 5.942463668701073e-07, 6.372553672148228e-07, 0.9999961764677967 3.823532203288937e-06, 
7, 1111111111, 1111111111, 1.0, 1.0, 0.0 0.0 0.0 0.0 0.0 0.0 1.0, 
8, 0000000000, 0000000000, 6.234049051489608e-07, 6.74119503349731e-07, 0.9999959552829799 4.044717020098385e-06, 
9, 0000000000, 0000000000, 6.050580461505286e-07, 6.711911971595217e-07, 0.999995972852817 4.0271471829571305e-06, 
10, 0000000000, 0000000000, 5.996726584770949e-07, 6.594153121468473e-07, 0.9999960435081271 3.956491872881084e-06, 
11, 0000000000, 0000000000, 5.766351977753635e-07, 6.175178898728935e-07, 0.9999962948926607 3.7051073392373614e-06, 
12, 1111111111, 1111111111, 1.0, 1.0, 0.0 0.0 0.0 0.0 0.0 0.0 1.0, 
13, 0000000000, 0000000000, 5.84828405888388e-07, 6.336732368296499e-07, 0.999996197960579 3.8020394209778996e-06, 
14, 0000000000, 0000000000, 5.886794256874459e-07, 6.438456528850309e-07, 0.9999961369260828 3.863073917310186e-06, 
15, 0000000000, 0000000000, 5.987372876419422e-07, 6.623301134138327e-07, 0.9999960260193195 3.973980680482997e-06, 
16, 0000000000, 0000000000, 6.140526454550423e-07, 6.712889408308176e-07, 0.9999959722663551 4.027733644984906e-06, 
17, 0000000000, 0000000000, 6.067752067525621e-07, 6.690192578269245e-07, 0.999995985884453 4.014115546961547e-06, 
18, 0000000000, 0000000000, 5.939005468453889e-07, 6.518813069774961e-07, 0.9999960887121581 3.911287841864978e-06, 
19, 0000000000, 0000000000, 6.023581974053175e-07, 6.619485808300437e-07, 0.999996028308515 3.971691484980262e-06, 
20, 0000000000, 0000000000, 5.888232980993066e-07, 6.529235117839434e-07, 0.9999960824589293 3.91754107070366e-06, 
21, 0000000000, 0000000000, 5.825667441824465e-07, 6.36606931788716e-07, 0.9999961803584093 3.819641590732296e-06, 
22, 0000000000, 0000000000, 5.914121022380101e-07, 6.354838946782097e-07, 0.9999961870966319 3.8129033680692575e-06, 
23, 0000000000, 0000000000, 6.134046895741361e-07, 6.530984097164994e-07, 0.9999960814095417 3.918590458298997e-06, 
24, 0000000000, 0000000000, 6.195359467790196e-07, 6.727847360847664e-07, 0.9999959632915834 4.036708416508599e-06, 
25, 0000000000, 0000000000, 5.857536618775976e-07, 6.298373886439043e-07, 0.9999962209756681 3.779024331863426e-06, 
26, 0000000000, 0000000000, 5.890500626307281e-07, 6.414767961708518e-07, 0.999996151139223 3.84886077702511e-06, 
27, 0000000000, 0000000000, 5.790500528073334e-07, 6.271132612994418e-07, 0.9999962373204322 3.762679567796651e-06, 
28, 0000000000, 0000000000, 6.092011356991826e-07, 6.479395404647636e-07, 0.9999961123627572 3.887637242788582e-06, 
29, 0000000000, 0000000000, 6.090728739666241e-07, 6.56525855491516e-07, 0.999996060844867 3.939155132949097e-06, 
30, 0000000000, 0000000000, 5.942370679303283e-07, 6.519626874401739e-07, 0.9999960882238753 3.911776124641044e-06, 
31, 0000000000, 0000000000, 5.963349804686787e-07, 6.50332871786617e-07, 0.9999960982693461 3.9014640770495276e-06 2.665768350873674e-10, 
32, 0000000000, 0000000000, 6.004715699173976e-07, 6.579457314287511e-07, 0.9999960523256114 3.947674388572506e-06, 
33, 0000000000, 0000000000, 6.083982817114032e-07, 6.537816203856148e-07, 0.9999960773102776 3.92268972231369e-06, 
34, 0000000000, 0000000000, 5.944614549726913e-07, 6.497672896669707e-07, 0.9999961013962619 3.8986037380018246e-06, 
35, 0000000000, 0000000000, 5.978883682946076e-07, 6.471021608667103e-07, 0.9999961173870349 3.8826129652002625e-06, 
36, 1111111111, 1111111111, 1.0, 1.0, 0.0 0.0 0.0 0.0 0.0 0.0 1.0, 
37, 0000000000, 0000000000, 6.017997543363626e-07, 6.607913173190945e-07, 0.9999960352520961 3.964747903914567e-06, 
38, 0000000000, 0000000000, 6.155024633021427e-07, 6.715555414168943e-07, 0.9999959706667515 4.029333248501366e-06, 
39, 0000000000, 0000000000, 6.166386058581827e-07, 6.843325824163009e-07, 0.9999958940045056 4.1059954944978065e-06, 
40, 0000000000, 0000000000, 6.048484365341414e-07, 6.735315682480318e-07, 0.9999959588105904 4.04118940948819e-06, 
41, 0000000000, 0000000000, 5.948173008789364e-07, 6.622683271528119e-07, 0.999996026390037 3.9736099629168715e-06, 
42, 0000000000, 0000000000, 6.032710083652554e-07, 6.64131721392928e-07, 0.9999960152096715 3.984790328357568e-06, 
43, 0000000000, 0000000000, 6.09073512891787e-07, 6.740363713648929e-07, 0.99999595607531 4.043631151729745e-06 2.935382298060826e-10, 
44, 0000000000, 0000000000, 6.06797130240467e-07, 6.548439217021591e-07, 0.9999960709364698 3.929063530212955e-06, 
45, 0000000000, 0000000000, 5.947165611729003e-07, 6.675638904908693e-07, 0.9999959946166571 4.005383342945216e-06, 
46, 0000000000, 0000000000, 5.976400942957207e-07, 6.612710892815245e-07, 0.9999960323734643 3.967626535689147e-06, 
47, 0000000000, 0000000000, 6.114885821806577e-07, 6.762864368232262e-07, 0.9999959422813791 4.057718620939357e-06, 
48, 0000000000, 0000000000, 6.060082192579782e-07, 6.53282730616934e-07, 0.9999960803036163 3.919696383701603e-06, 
49, 0000000000, 0000000000, 6.089098974779009e-07, 6.640160074281446e-07, 0.9999960159039555 3.984096044568868e-06, 
50, 0000000000, 0000000000, 6.150348207310862e-07, 6.760029323994632e-07, 0.9999959439824057 4.056017594396779e-06, 
51, 0000000000, 0000000000, 6.100742087015893e-07, 6.940763514252778e-07, 0.9999958355418914 4.164458108551666e-06, 
52, 0000000000, 0000000000, 5.901870652132066e-07, 6.363991908290814e-07, 0.999996181604855 3.8183951449744884e-06, 
53, 0000000000, 0000000000, 6.085786113360497e-07, 6.623789096613495e-07, 0.999996025726542 3.974273457968097e-06, 
54, 0000000000, 0000000000, 6.227415405352421e-07, 6.846307193064536e-07, 0.9999958922156842 4.107784315838722e-06, 
55, 0000000000, 0000000000, 5.967249140625409e-07, 6.541897108427724e-07, 0.9999960748617349 3.925138265056635e-06, 
56, 0000000000, 0000000000, 6.107101939774363e-07, 6.648958732412077e-07, 0.9999960106247605 3.989375239447247e-06, 
57, 0000000000, 0000000000, 6.112920457175656e-07, 7.019212710051445e-07, 0.999995788472374 4.211527626030867e-06, 
58, 0000000000, 0000000000, 6.145409653236413e-07, 6.79761166239549e-07, 0.9999959214330025 4.078566997437294e-06, 
59, 0000000000, 0000000000, 6.156197505032919e-07, 6.825250908893951e-07, 0.9999959048971699 4.095055114780573e-06 4.7715277898879276e-11, 
60, 0000000000, 0000000000, 6.287967905800544e-07, 6.796992497397438e-07, 0.9999959218045016 4.078195498438463e-06, 
61, 0000000000, 0000000000, 5.971057009928832e-07, 6.55391904057217e-07, 0.9999960676485756 3.932351424343302e-06, 
62, 0000000000, 0000000000, 6.02587514164275e-07, 6.440756200263011e-07, 0.9999961355462799 3.864453720157807e-06, 
63, 0000000000, 0000000000, 6.007177253540611e-07, 6.424265548051934e-07, 0.9999961454406712 3.8545593288311606e-06, 
64, 0000000000, 0000000000, 5.827696994098812e-07, 6.414345598553625e-07, 0.999996151392641 3.848607359132174e-06, 
65, 0000000000, 0000000000, 6.123820294698621e-07, 6.663411100489818e-07, 0.9999960019533397 3.998046660293891e-06, 
66, 0000000000, 0000000000, 6.157926411013866e-07, 6.637704580037535e-07, 0.9999960173772519 3.9826227480225215e-06, 
67, 0000000000, 0000000000, 6.147863343025965e-07, 6.821122010513936e-07, 0.9999959073267937 4.0926732063083626e-06, 
68, 0000000000, 0000000000, 6.096324587748165e-07, 6.608828230902166e-07, 0.9999960347030614 3.9652969385413e-06, 
69, 0000000000, 0000000000, 6.15894567742722e-07, 6.735720912709883e-07, 0.9999959585674524 4.04143254762593e-06, 
70, 0000000000, 0000000000, 6.029622221565813e-07, 6.351161402022515e-07, 0.9999961893031588 3.8106968412135096e-06, 
71, 0000000000, 0000000000, 6.181555343461944e-07, 6.830445136337277e-07, 0.9999959017329182 4.098267081802367e-06, 
72, 0000000000, 0000000000, 6.150556437715003e-07, 6.894539066957208e-07, 0.9999958632765599 4.136723440174325e-06, 
73, 0000000000, 0000000000, 6.238435304407806e-07, 6.724942500740547e-07, 0.9999959650344995 4.034965500444328e-06, 
74, 0000000000, 0000000000, 6.135485011659939e-07, 6.68525728884856e-07, 0.9999959888456267 4.011154373309137e-06, 
75, 0000000000, 0000000000, 6.033093151225192e-07, 6.614182918007281e-07, 0.9999960314902492 3.968509750804369e-06, 
76, 0000000000, 0000000000, 5.946583495212509e-07, 6.481500470614091e-07, 0.9999961110997176 3.888900282368454e-06, 
77, 0000000000, 0000000000, 5.98098346315406e-07, 6.631172406084309e-07, 0.9999960212965564 3.978703443650585e-06, 
78, 0000000000, 0000000000, 6.153949972073536e-07, 6.866257695002121e-07, 0.999995880245383 4.119754617001273e-06, 
79, 0000000000, 0000000000, 5.99549641394814e-07, 6.505408784765786e-07, 0.9999960967547292 3.903245270859472e-06, 
80, 0000000000, 0000000000, 5.8068238265426e-07, 6.525084693691349e-07, 0.9999960849491837 3.9150508162148096e-06, 
81, 0000000000, 0000000000, 6.052458278687054e-07, 6.647022699740981e-07, 0.9999960117863802 3.988213619844588e-06, 
82, 0000000000, 0000000000, 5.962087497330476e-07, 6.498564669071365e-07, 0.9999961008611986 3.899138801442819e-06, 
83, 0000000000, 0000000000, 6.182793512707575e-07, 6.851204359381909e-07, 0.9999958892773843 4.1107226156291454e-06, 
84, 0000000000, 0000000000, 5.87106620670845e-07, 6.438645462579063e-07, 0.9999961368127225 3.863187277547438e-06, 
85, 0000000000, 0000000000, 5.907179743602741e-07, 6.47112200492256e-07, 0.999996117326797 3.8826732029535364e-06, 
86, 0000000000, 0000000000, 5.994782679261517e-07, 6.778648844363243e-07, 0.9999959328106933 4.067189306617947e-06, 
87, 0000000000, 0000000000, 6.031452450354686e-07, 6.471340512560143e-07, 0.9999961171956925 3.8828043075360854e-06, 
88, 0000000000, 0000000000, 5.926180908177906e-07, 6.354186564816775e-07, 0.9999961874880612 3.812511938890065e-06, 
89, 0000000000, 0000000000, 5.848133739656241e-07, 6.27886725444675e-07, 0.9999962326796473 3.7673203526680503e-06, 
90, 0000000000, 0000000000, 5.952540062309376e-07, 6.539027538393726e-07, 0.999996076583477 3.923416523036236e-06, 
91, 0000000000, 0000000000, 6.230613114998247e-07, 6.806242298706763e-07, 0.9999959162546208 4.083745379224059e-06, 
92, 0000000000, 0000000000, 6.041206513393747e-07, 6.358500765648481e-07, 0.9999961848995407 3.815100459389089e-06, 
93, 0000000000, 0000000000, 6.254832308315893e-07, 6.89649390517623e-07, 0.9999958621036568 4.137896343105738e-06, 
94, 0000000000, 0000000000, 6.145579263580431e-07, 6.781664078874433e-07, 0.9999959310015526 4.0689984473246604e-06, 
95, 0000000000, 0000000000, 6.031617832769434e-07, 6.596681123616594e-07, 0.9999960419913257 3.958008674169956e-06, 
96, 0000000000, 0000000000, 6.038226617004988e-07, 6.465604887383323e-07, 0.9999961206370677 3.879362932429994e-06, 
97, 0000000000, 0000000000, 6.156571588355914e-07, 6.600228177550032e-07, 0.9999960398630935 3.96013690653002e-06, 
98, 0000000000, 0000000000, 6.082848982627482e-07, 6.650622661694114e-07, 0.999996009626403 3.990373597016469e-06, 
99, 1111111111, 1111111111, 1.0, 1.0, 0.0 0.0 0.0 0.0 0.0 0.0 1.0, 
100, 0000000000, 0000000000, 6.143315449081155e-07, 6.789288947025649e-07, 0.9999959264266318 4.07357336821539e-06, 
run, initial grid state, final grid state, mean grid cell occupancy, mean binding site occupancy, fraction of time with N TFs bound, warning
1, 0000000000, 0000000000, 6.010526624345775e-07, 6.725021946054904e-07, 0.9999959649868324 4.035013167632943e-06, 
2, 0000000000, 0000000000, 5.989577486248315e-07, 6.616038901017819e-07, 0.9999960303766593 3.969623340610692e-06, 
3, 0000000000, 0000000000, 6.026099631088409e-07, 6.733607904794293e-07, 0.9999959598352571 4.040164742876576e-06, 
4, 0000000000, 0000000000, 5.945277631585763e-07, 6.477132736218239e-07, 0.9999961137203582 3.886279641730943e-06, 
5, 0000000000, 0000000000, 6.048172398155356e-07, 6.480110566322192e-07, 0.9999961119336601 3.888066339793315e-06, 
6, 0000000000, 0000000000, 6.101587108593361e-07, 6.659646798644051e-07, 0.9999960042119208 3.995788079186431e-06, 
7, 0000000000, 0000000000, 5.824811785895262e-07, 6.35683091197114e-07, 0.9999961859014528 3.8140985471826842e-06, 
8, 0000000000, 0000000000, 5.804845434340198e-07, 6.24864813560035e-07, 0.9999962508111186 3.7491888813602103e-06, 
9, 0000000000, 0000000000, 5.959318683594132e-07, 6.529160413248297e-07, 0.999996082503752 3.917496247948978e-06, 
10, 0000000000, 0000000000, 6.083079540072164e-07, 6.755494231412866e-07, 0.9999959467034611 4.05329653884772e-06, 
11, 0000000000, 0000000000, 6.131919742426723e-07, 6.726890449774162e-07, 0.9999959638657301 4.036134269864498e-06, 
12, 0000000000, 0000000000, 6.347447229139784e-07, 6.987171076439294e-07, 0.9999958076973542 4.192302645863577e-06, 
13, 0000000000, 0000000000, 6.084830808293052e-07, 6.625316793481645e-07, 0.999996024809924 3.975190076088987e-06, 
14, 0000000000, 0000000000, 6.062676455316222e-07, 6.630451290556673e-07, 0.9999960217292256 3.9782707743340035e-06, 
15, 0000000000, 0000000000, 5.999949144097487e-07, 6.516181956137168e-07, 0.9999960902908264 3.9097091736823004e-06, 
16, 0000000000, 0000000000, 6.189397950862211e-07, 6.753029842311532e-07, 0.9999959481820947 4.05181790538692e-06, 
17, 0000000000, 0000000000, 5.927586059426245e-07, 6.407474500708028e-07, 0.9999961555152995 3.844484700424818e-06, 
18, 0000000000, 0000000000, 6.042277429178468e-07, 6.661359721132079e-07, 0.9999960031841674 3.996815832679248e-06, 
19, 0000000000, 0000000000, 6.016436590728255e-07, 6.700203617343802e-07, 0.9999959798778295 4.020122170406282e-06, 
20, 0000000000, 0000000000, 5.95153344387025e-07, 6.381215711197462e-07, 0.9999961712705734 3.828729426718477e-06, 
21, 0000000000, 0000000000, 6.02933385922191e-07, 6.452124465348121e-07, 0.9999961287253208 3.871274679208872e-06, 
22, 0000000000, 0000000000, 6.067751234221828e-07, 6.775792702144487e-07, 0.9999959345243786 4.0654756212866925e-06, 
23, 0000000000, 0000000000, 6.139141289716066e-07, 6.722269534360753e-07, 0.9999959666382794 4.033361720616452e-06, 
24, 0000000000, 0000000000, 6.053775133080919e-07, 6.748998723147179e-07, 0.9999959506007661 4.049399233888308e-06, 
25, 0000000000, 0000000000, 6.150468358400366e-07, 6.636271284604425e-07, 0.9999960182372293 3.981762770762656e-06, 
26, 0000000000, 0000000000, 5.885568625502345e-07, 6.373194646876395e-07, 0.9999961760832119 3.823916788125837e-06, 
27, 0000000000, 0000000000, 5.955052021502772e-07, 6.509409525679027e-07, 0.999996094621071 3.905112142574673e-06 2.667864163716634e-10, 
28, 0000000000, 0000000000, 6.10341581926498e-07, 6.721758963052544e-07, 0.9999959669446222 4.033055377831527e-06, 
29, 0000000000, 0000000000, 6.092218768766096e-07, 6.75907008398001e-07, 0.9999959445579496 4.055442050388006e-06, 
30, 0000000000, 0000000000, 5.960431677825538e-07, 6.521401441705113e-07, 0.999996087159135 3.912840865023068e-06, 
31, 0000000000, 0000000000, 6.089012733508951e-07, 6.717801641363146e-07, 0.9999959693190152 4.030680984817888e-06, 
32, 0000000000, 0000000000, 5.963449125863843e-07, 6.572137956678984e-07, 0.9999960567172259 3.943282774007391e-06, 
33, 0000000000, 0000000000, 5.986200625673934e-07, 6.585343955652342e-07, 0.9999960487936266 3.951206373391407e-06, 
34, 0000000000, 0000000000, 6.05064700629874e-07, 6.592782042098127e-07, 0.9999960443307747 3.955669225258877e-06, 
35, 0000000000, 0000000000, 6.087899452578845e-07, 6.705817807026022e-07, 0.9999959765093157 4.023490684215613e-06, 
36, 0000000000, 0000000000, 5.793294668136097e-07, 6.287751445688014e-07, 0.9999962273491326 3.7726508674128088e-06, 
37, 0000000000, 0000000000, 6.085251834816576e-07, 6.762649673528022e-07, 0.9999959424101958 4.057589804116813e-06, 
38, 0000000000, 0000000000, 6.095909702337771e-07, 6.645134374357473e-07, 0.9999960129193753 3.987080624614485e-06, 
39, 0000000000, 0000000000, 6.146643056135169e-07, 6.91771454278892e-07, 0.9999958493712744 4.150628725673353e-06, 
40, 0000000000, 0000000000, 6.027730421970648e-07, 6.523005877671502e-07, 0.9999960861964734 3.913803526602901e-06, 
41, 0000000000, 0000000000, 6.012503774310075e-07, 6.521120452232627e-07, 0.9999960873277286 3.912672271339577e-06, 
42, 0000000000, 0000000000, 6.078409223835818e-07, 6.523717448988971e-07, 0.9999960857695307 3.9142304693933825e-06, 
43, 1111111111, 1111111111, 1.0, 1.0, 0.0 0.0 0.0 0.0 0.0 0.0 1.0, 
44, 0000000000, 0000000000, 6.17948774508741e-07, 6.608279547047023e-07, 0.9999960350322717 3.9649677282282135e-06, 
45, 0000000000, 0000000000, 6.11640607005218e-07, 6.543479492836483e-07, 0.9999960739123043 3.92608769570189e-06, 
46, 0000000000, 0000000000, 6.236122869421586e-07, 6.947377081654641e-07, 0.9999958315737509 4.1684262489927846e-06, 
47, 0000000000, 0000000000, 6.157349532330241e-07, 6.771518218728607e-07, 0.9999959370890688 4.062910931237164e-06, 
48, 0000000000, 0000000000, 6.036774614087469e-07, 6.535300298751239e-07, 0.9999960788198208 3.921180179250744e-06, 
49, 0000000000, 0000000000, 6.120264699067304e-07, 6.66831320780051e-07, 0.9999959990120754 4.000987924680306e-06, 
50, 0000000000, 0000000000, 5.833935213589159e-07, 6.232477756886048e-07, 0.9999962605133459 3.7394866541316285e-06, 
51, 0000000000, 0000000000, 5.887495302904252e-07, 6.459900068045991e-07, 0.9999961240599593 3.875940040827595e-06, 
52, 0000000000, 0000000000, 5.801070039290519e-07, 6.530343190928927e-07, 0.9999960817940855 3.918205914557356e-06, 
53, 0000000000, 0000000000, 5.730041115369726e-07, 6.235846406367461e-07, 0.9999962584921562 3.7415078438204775e-06, 
54, 0000000000, 0000000000, 6.100274055463572e-07, 6.686234026118864e-07, 0.9999959882595844 4.011740415671319e-06, 
55, 0000000000, 0000000000, 6.121906859942301e-07, 6.606743270703424e-07, 0.9999960359540375 3.964045962422055e-06, 
56, 0000000000, 0000000000, 6.180713478940282e-07, 6.795135370802987e-07, 0.9999959229187775 4.0770812224817925e-06, 
57, 0000000000, 0000000000, 6.257942866614292e-07, 6.668901691854504e-07, 0.9999959986589849 4.001341015112702e-06, 
58, 0000000000, 0000000000, 6.130591168421005e-07, 6.819722724714757e-07, 0.9999959081663652 4.091833634828854e-06, 
59, 0000000000, 0000000000, 6.068574038097646e-07, 6.530188504710427e-07, 0.9999960818868971 3.918113102826256e-06, 
60, 0000000000, 0000000000, 6.092015268801395e-07, 6.568947446156553e-07, 0.9999960586315323 3.941368467693932e-06, 
61, 0000000000, 0000000000, 5.834215339482323e-07, 6.434233985838247e-07, 0.9999961394596085 3.860540391502949e-06, 
62, 0000000000, 0000000000, 5.988489960985648e-07, 6.678927685273208e-07, 0.9999959926433888 4.007356611163926e-06, 
63, 0000000000, 0000000000, 5.886816919289995e-07, 6.483400469566445e-07, 0.9999961099597183 3.890040281739867e-06, 
64, 0000000000, 0000000000, 5.860284564649392e-07, 6.41343251387011e-07, 0.9999961519404917 3.848059508322067e-06, 
65, 0000000000, 0000000000, 5.952784160587292e-07, 6.532467271067527e-07, 0.9999960805196373 3.919480362640516e-06, 
66, 0000000000, 0000000000, 5.916777803598162e-07, 6.446393308088921e-07, 0.9999961321640151 3.867835984853353e-06, 
67, 0000000000, 0000000000, 5.977494939980653e-07, 6.363368673129966e-07, 0.9999961819787961 3.818021203877981e-06, 
68, 0000000000, 0000000000, 5.925427980976278e-07, 6.407384850835566e-07, 0.9999961555690895 3.844430910501341e-06, 
69, 0000000000, 0000000000, 6.176453746549724e-07, 6.761824706801497e-07, 0.9999959429051759 4.057094824080898e-06, 
70, 0000000000, 0000000000, 5.999102158648451e-07, 6.352293850585174e-07, 0.9999961886236896 3.8113763103511048e-06, 
71, 0000000000, 0000000000, 6.044332448399035e-07, 6.645177540726011e-07, 0.9999960128934756 3.987106524435606e-06, 
72, 0000000000, 0000000000, 5.827040619592396e-07, 6.290085369651483e-07, 0.9999962259487782 3.7740512217908895e-06, 
73, 0000000000, 0000000000, 6.19350305504598e-07, 6.707635642879731e-07, 0.9999959754186143 4.0245813857278386e-06, 
74, 0000000000, 0000000000, 6.17100468997389e-07, 6.74241753079908e-07, 0.9999959545494815 4.0454505184794485e-06, 
75, 0000000000, 0000000000, 5.946333437173106e-07, 6.557274610940957e-07, 0.9999960656352335 3.934364766564575e-06, 
76, 0000000000, 0000000000, 6.176971966508987e-07, 6.664288694976037e-07, 0.999996001426783 3.998573216985622e-06, 
77, 0000000000, 0000000000, 5.969658940592199e-07, 6.569368870163173e-07, 0.9999960583786779 3.941621322097905e-06, 
78, 0000000000, 0000000000, 6.118874351596512e-07, 6.81985747176093e-07, 0.999995908085517 4.091914483056559e-06, 
79, 0000000000, 0000000000, 5.953523769556056e-07, 6.496099883558629e-07, 0.9999961023400699 3.897659930135178e-06, 
80, 0000000000, 0000000000, 6.083284983837739e-07, 6.581767761472257e-07, 0.9999960509393432 3.949060656883354e-06, 
81, 0000000000, 0000000000, 6.003060987920367e-07, 6.442345667826629e-07, 0.9999961345925993 3.865407400695978e-06, 
82, 0000000000, 0000000000, 5.931874783401422e-07, 6.244582717824266e-07, 0.9999962532503693 3.7467496306945597e-06, 
83, 0000000000, 0000000000, 5.92700859993649e-07, 6.267845046028471e-07, 0.9999962392929724 3.760707027617082e-06, 
84, 0000000000, 0000000000, 6.241791853555222e-07, 6.794854962801785e-07, 0.9999959230870225 4.076912977681072e-06, 
85, 1111111111, 1111111111, 1.0, 1.0, 0.0 0.0 0.0 0.0 0.0 0.0 1.0, 
86, 0000000000, 0000000000, 6.229738600641597e-07, 6.966399591817682e-07, 0.999995820160245 4.17983975509061e-06, 
87, 0000000000, 0000000000, 6.010534288732251e-07, 6.591239782243066e-07, 0.9999960452561306 3.95474386934584e-06, 
88, 0000000000, 0000000000, 6.0108672583165e-07, 6.601318935430627e-07, 0.9999960392086388 3.960791361258376e-06, 
89, 0000000000, 0000000000, 5.942896548481409e-07, 6.512097882056222e-07, 0.9999960927412708 3.907258729233733e-06, 
90, 0000000000, 0000000000, 5.911961939923015e-07, 6.491747760232344e-07, 0.9999961049513437 3.895048656139406e-06, 
91, 0000000000, 0000000000, 6.014389631168783e-07, 6.668554139569297e-07, 0.9999959988675163 4.001132483741578e-06, 
92, 0000000000, 0000000000, 6.019071240893736e-07, 6.504782397054562e-07, 0.9999960971305617 3.902869438232737e-06, 
93, 0000000000, 0000000000, 5.903474228873272e-07, 6.511745486328457e-07, 0.9999960929527083 3.9070472917970755e-06, 
94, 0000000000, 0000000000, 6.182077282514767e-07, 6.750304855514013e-07, 0.9999959498170866 4.050182913308408e-06, 
95, 0000000000, 0000000000, 6.102367529103135e-07, 6.759224432439723e-07, 0.9999959444653406 4.055534659463834e-06, 
96, 0000000000, 0000000000, 5.908158044575441e-07, 6.507855838232271e-07, 0.999996095286497 3.904713502939363e-06, 
97, 0000000000, 0000000000, 6.058482998452818e-07, 6.590021701609529e-07, 0.999996045986979 3.9540130209657175e-06, 
98, 0000000000, 0000000000, 6.041117573332892e-07, 6.577155481379003e-07, 0.9999960537067112 3.946293288827402e-06, 
99, 0000000000, 0000000000, 5.934702889371525e-07, 6.54552553089498e-07, 0.9999960726846814 3.927315318536989e-06, 
100, 0000000000, 0000000000, 5.94110067856254e-07, 6.385711684068367e-07, 0.9999961685729897 3.831427010441021e-06, 
run, initial grid state, final grid state, mean grid cell occupancy, mean binding site occupancy, fraction of time with N TFs bound, warning
1, 0000000000, 0000000000, 6.055577025799015e-07, 6.697081218592983e-07, 0.9999959817512689 4.01824873115579e-06, 
2, 0000000000, 0000000000, 6.152144087571872e-07, 6.827937104109865e-07, 0.9999959032377375 4.09676226246592e-06, 
3, 0000000000, 0000000000, 6.024002981987848e-07, 6.474615622386667e-07, 0.9999961152306266 3.884769373432001e-06, 
4, 0000000000, 0000000000, 5.949378867332953e-07, 6.67908966015665e-07, 0.9999959925462039 4.00745379609399e-06, 
5, 0000000000, 0000000000, 6.177257260282114e-07, 6.699865177914865e-07, 0.9999959800808932 4.019919106748919e-06, 
6, 0000000000, 0000000000, 6.043046049163123e-07, 6.728686557165605e-07, 0.9999959627880656 4.037211934299363e-06, 
7, 0000000000, 0000000000, 6.107910615223948e-07, 6.610883847543126e-07, 0.9999960334696915 3.966530308525876e-06, 
8, 0000000000, 0000000000, 5.895073844654183e-07, 6.428593437786634e-07, 0.9999961428439373 3.857156062671981e-06, 
9, 0000000000, 0000000000, 5.938740218004178e-07, 6.567294001773263e-07, 0.9999960596235989 3.940376401063958e-06, 
10, 0000000000, 0000000000, 6.053316724640262e-07, 6.614142577412136e-07, 0.9999960315144536 3.968485546447281e-06, 
11, 0000000000, 0000000000, 6.05704357659691e-07, 6.654707592576861e-07, 0.9999960071754445 3.992824555546117e-06, 
12, 0000000000, 0000000000, 5.952758205496717e-07, 6.504366620448473e-07, 0.9999960973800278 3.9026199722690835e-06, 
13, 0000000000, 0000000000, 5.978949899125977e-07, 6.523978499796181e-07, 0.9999960856129001 3.914387099877709e-06, 
14, 0000000000, 0000000000, 6.096753725487186e-07, 6.822107775441194e-07, 0.9999959067353348 4.093264665264716e-06, 
15, 0000000000, 0000000000, 5.989353613163402e-07, 6.362843547883328e-07, 0.9999961822938712 3.817706128729998e-06, 
16, 0000000000, 0000000000, 6.109267843486159e-07, 6.806469911504821e-07, 0.999995916118053 4.083881946902893e-06, 
17, 0000000000, 0000000000, 6.150069089614857e-07, 6.930759133067672e-07, 0.9999958415445201 4.158455479840603e-06, 
18, 0000000000, 0000000000, 6.094010743622417e-07, 6.717559025418934e-07, 0.9999959694645848 4.0305354152513604e-06, 
19, 0000000000, 0000000000, 5.894310294983497e-07, 6.421897396603358e-07, 0.999996146861562 3.853138437962015e-06, 
20, 0000000000, 0000000000, 5.877683388862227e-07, 6.456711016884553e-07, 0.9999961259733898 3.874026610130732e-06, 
21, 0000000000, 0000000000, 5.98249891459587e-07, 6.702841763185636e-07, 0.999995978294942 4.021705057911382e-06, 
22, 0000000000, 0000000000, 5.877832717413881e-07, 6.242120204019517e-07, 0.9999962547278776 3.745272122411711e-06, 
23, 0000000000, 0000000000, 6.164542920231775e-07, 6.734175201055005e-07, 0.9999959594948794 4.0405051206330034e-06, 
24, 0000000000, 0000000000, 6.070276250320452e-07, 6.73128740193751e-07, 0.9999959612275588 4.0387724411625055e-06, 
25, 0000000000, 0000000000, 6.004493125039401e-07, 6.738332389122371e-07, 0.9999959570005665 4.042999433473423e-06, 
26, 0000000000, 0000000000, 6.063200486308058e-07, 6.50161637874881e-07, 0.9999960990301727 3.9009698272492855e-06, 
27, 0000000000, 0000000000, 6.186202964135501e-07, 6.687010730535534e-07, 0.9999959877935616 4.01220643832132e-06, 
28, 0000000000, 0000000000, 0.004557844370166375, 0.006350526237601131, 0.9898771921684819 3.8843230935661645e-06 0.001023338466708575 0.004656820844100401 0.0006063140845743814 0.003337823379749542 0.0004946267332916032, 
29, 0000000000, 0000000000, 6.006332848263083e-07, 6.508682253596274e-07, 0.9999960947906478 3.905209352157765e-06, 
30, 0000000000, 0000000000, 5.916579487281519e-07, 6.625307971549714e-07, 0.9999960248152171 3.975184782929829e-06, 
31, 1111111111, 1111111111, 1.0, 1.0, 0.0 0.0 0.0 0.0 0.0 0.0 1.0, 
32, 0000000000, 0000000000, 5.958207075548956e-07, 6.466793923939407e-07, 0.9999961199236457 3.880076354363645e-06, 
33, 0000000000, 0000000000, 6.090680154356079e-07, 6.538661816729035e-07, 0.99999607680291 3.923197090037421e-06, 
34, 0000000000, 0000000000, 5.937818961302539e-07, 6.443833552796341e-07, 0.9999961336998683 3.8663001316778045e-06, 
35, 0000000000, 0000000000, 6.181891213895633e-07, 6.893899415803347e-07, 0.9999958636603505 4.136339649482009e-06, 
36, 0000000000, 0000000000, 5.977407243978344e-07, 6.50292770363213e-07, 0.9999960982433778 3.901756622179278e-06, 
37, 0000000000, 0000000000, 6.018802096463816e-07, 6.620972322562287e-07, 0.9999960274166065 3.972583393537372e-06, 
38, 0000000000, 0000000000, 6.17757089744577e-07, 6.739480673871186e-07, 0.9999959563115957 4.0436884043227126e-06, 
39, 0000000000, 0000000000, 5.986093594978703e-07, 6.446618527429011e-07, 0.9999961320288835 3.867971116457407e-06, 
40, 0000000000, 0000000000, 5.735216181486584e-07, 6.312042144163916e-07, 0.9999962127747135 3.7872252864983493e-06, 
41, 0000000000, 0000000000, 6.008367935020253e-07, 6.650613433753124e-07, 0.9999960096319398 3.990368060251875e-06, 
