run, initial grid state, final grid state, mean grid cell occupancy, mean binding site occupancy, fraction of time with N TFs bound, warning
1, 000000, 000000, 2.8389258914444865e-05, 2.8389258914444865e-05, 0.9998296644465133 0.0001703355534866692, 
2, 000000, 000000, 3.0029833507905433e-05, 3.0029833507905433e-05, 0.9998198656034457 0.0001800897920612411 4.4604493095761246e-08, 
3, 000000, 000000, 2.8942427884303356e-05, 2.8942427884303356e-05, 0.9998263454326942 0.00017365456730582016, 
4, 000000, 000000, 2.856876567802373e-05, 2.856876567802373e-05, 0.999828587405932 0.00017141259406814238, 
5, 000000, 000000, 2.8207198650457655e-05, 2.8207198650457655e-05, 0.99983078243294 0.00016919194221725977 2.5624842743078865e-08, 
6, 000000, 000000, 3.023612971033912e-05, 3.023612971033912e-05, 0.9998186007399664 0.00018138174180510916 1.7518228462764194e-08, 
7, 111111, 000000, 0.2497758801065598, 0.2497758801065598, 0.7197361436604156 0.00012416967052016937 0.002541016997561568 0.013161281786101878 0.02987848901741432 0.07290211766216587 0.16165678120582053, 
8, 000000, 000000, 2.789231138799039e-05, 2.789231138799039e-05, 0.9998326461316721 0.00016735386832794237, 
9, 000000, 000000, 3.0004839667824294e-05, 3.0004839667824294e-05, 0.9998199709619929 0.00018002903800694577, 
10, 000000, 000000, 2.9262904540475445e-05, 2.9262904540475445e-05, 0.999824422572757 0.00017557742724285264, 
11, 000000, 000000, 2.9678751213606145e-05, 2.9678751213606145e-05, 0.9998219274927184 0.00017807250728163687, 
12, 000000, 000000, 2.9594754100689396e-05, 2.9594754100689396e-05, 0.9998224314753958 0.00017756852460413638, 
13, 000000, 000000, 2.8958622790607855e-05, 2.8958622790607855e-05, 0.9998262482632563 0.00017375173674364714, 
14, 000000, 000000, 2.802695736698133e-05, 2.802695736698133e-05, 0.9998318692323088 0.0001680997911804298 3.0976510729108533e-08, 
15, 000000, 000000, 2.7383664836931068e-05, 2.7383664836931068e-05, 0.9998357272604655 0.00016424349004728585 2.9249487150283083e-08, 
16, 000000, 000000, 2.9222503919813784e-05, 2.9222503919813784e-05, 0.9998246649764811 0.0001753350235188827, 
17, 000000, 000000, 2.81470140156954e-05, 2.81470140156954e-05, 0.9998311188942075 0.00016888012749075889 9.783017067682173e-10, 
18, 000000, 000000, 0.0006255288691172649, 0.0006255288691172649, 0.998039593425819 0.0001678307601865887 0.001792384987465881 1.9082652841295514e-07, 
19, 000000, 000000, 2.8541999426805966e-05, 2.8541999426805966e-05, 0.9998287968910888 0.00017115422126140023 4.8887649717785055e-08, 
20, 000000, 000000, 2.89980251988716e-05, 2.89980251988716e-05, 0.9998260118488068 0.00017398815119322965, 
21, 000000, 000000, 2.8371067717196085e-05, 2.8371067717196085e-05, 0.9998297735936967 0.0001702264063031765, 
22, 000000, 000000, 2.6460632571958028e-05, 2.6460632571958028e-05, 0.9998412362045682 0.0001587637954317482, 
23, 000000, 000000, 0.0018740526716622132, 0.0018740526716622132, 0.9947901602429868 0.00017705791909810518 0.004031228591048717 0.0010014120586878913 1.4118817851656957e-07, 
24, 000000, 000000, 2.8319831135136112e-05, 2.8319831135136112e-05, 0.9998300810131892 0.00016991898681081668, 
25, 000000, 000000, 2.8759062732198888e-05, 2.8759062732198888e-05, 0.9998274456236068 0.0001725543763931933, 
26, 000000, 000000, 2.9347472851021215e-05, 2.9347472851021215e-05, 0.9998239151628938 0.00017608483710612727, 
27, 000000, 000000, 2.7312533821230142e-05, 2.7312533821230142e-05, 0.9998361247970726 0.00016387520292738088, 
28, 000000, 000000, 2.7548686782869115e-05, 2.7548686782869115e-05, 0.9998347712516125 0.00016516537607760677 6.33723098039627e-08, 
29, 000000, 000000, 2.899283464717467e-05, 2.899283464717467e-05, 0.999826042992117 0.00017395700788304803, 
30, 000000, 000000, 2.7887094011606946e-05, 2.7887094011606946e-05, 0.9998327024347334 0.0001672725664633642 2.4998803138732907e-08, 
31, 000000, 000000, 2.666390146030638e-05, 2.666390146030638e-05, 0.9998400165912382 0.0001599834087618383, 
32, 000000, 000000, 2.7943404304584945e-05, 2.7943404304584945e-05, 0.9998323395741725 0.00016766042582750968, 
33, 111111, 011111, 0.9174360566754232, 0.9174360566754232, 0.0 0.0 0.004821203294446922 0.016421739853134467 0.08737978097877655 0.25207406525271775 0.6393032106209243, 
34, 000000, 000000, 2.8529855648056363e-05, 2.8529855648056363e-05, 0.9998288208661117 0.00017117913388833817, 
35, 011100, 000000, 0.01730193848026285, 0.01730193848026285, 0.9795000347407139 0.00016936851029267976 0.00023888336548427382 0.0021513137799149306 0.004355178162526066 0.002221486995941926 0.011363734445126198, 
36, 000000, 000000, 0.2693490168088353, 0.2693490168088353, 0.7065591213237161 0.00012062211933070216 0.004518772722544273 0.0022792210721341768 0.019864535480645297 0.07930623554016779 0.18735149174146165, 
37, 000000, 000000, 2.8537893522662874e-05, 2.8537893522662874e-05, 0.999828772638864 0.00017122736113597725, 
38, 000000, 000000, 2.741858618788036e-05, 2.741858618788036e-05, 0.9998354884828727 0.00016451151712728218, 
39, 000000, 000000, 2.8931269499228507e-05, 2.8931269499228507e-05, 0.9998264123830046 0.00017358761699537103, 
40, 000000, 000000, 2.9412434993949083e-05, 2.9412434993949083e-05, 0.9998235253900364 0.00017647460996369452, 
41, 000000, 000000, 2.9555388001284206e-05, 2.9555388001284206e-05, 0.9998226676719923 0.00017733232800770527, 
42, 000000, 000000, 3.0455658248386112e-05, 3.0455658248386112e-05, 0.9998173367134591 0.00018259262359174888 7.066294928391773e-08, 
43, 000000, 000000, 2.9189290070655244e-05, 2.9189290070655244e-05, 0.999824864259576 0.00017513574042393149, 
44, 000000, 000000, 2.8062618501224358e-05, 2.8062618501224358e-05, 0.9998316242889926 0.00016837571100734617, 
45, 000000, 000000, 2.848419863931872e-05, 2.848419863931872e-05, 0.999829094808164 0.00017090519183591234, 
46, 000000, 000000, 2.8910412735390444e-05, 2.8910412735390444e-05, 0.9998265548510717 0.0001734278214442172 1.732748406273978e-08, 
47, 000000, 000000, 2.8570884421835148e-05, 2.8570884421835148e-05, 0.999828574693469 0.00017142530653101092, 
48, 000000, 000000, 2.8913802137913342e-05, 2.8913802137913342e-05, 0.9998265171871724 0.00017348281282748005, 
49, 000000, 000000, 2.9239310529297977e-05, 2.9239310529297977e-05, 0.9998245953087549 0.0001753735193145259 3.117193063100179e-08, 
50, 000000, 000000, 2.9355625723813603e-05, 2.9355625723813603e-05, 0.9998239574017768 0.00017595144210352993 9.115611967586335e-08, 
51, 000000, 000000, 0.003203113898251396, 0.003203113898251396, 0.9915760893338941 0.0001685373791485222 0.005716071792803083 0.002539203551864305 9.794229019255864e-08, 
52, 000000, 000000, 2.8299286793787694e-05, 2.8299286793787694e-05, 0.9998302042792374 0.00016979572076272618, 
53, 000000, 000000, 2.8556162451815857e-05, 2.8556162451815857e-05, 0.9998286630252892 0.00017133697471089515, 
54, 111111, 000000, 0.5517687954516073, 0.5517687954516073, 0.3888324896025237 6.779552242120106e-05 0.001968921678290197 0.011239188761936624 0.06846484465146208 0.17753036976121303 0.3518963900221531, 
55, 000000, 000000, 2.7220377433971433e-05, 2.7220377433971433e-05, 0.9998366777353962 0.00016332226460382863, 
56, 000000, 000000, 2.7364132203688234e-05, 2.7364132203688234e-05, 0.9998358152067778 0.0001641847932221294, 
57, 111111, 000000, 0.3143382899623681, 0.3143382899623681, 0.6530418374836856 0.00010964504644286064 0.0007761468800752077 0.009446153535185887 0.03223289879598991 0.09926216437362509 0.20513115388499542, 
58, 000000, 000000, 3.024835696969145e-05, 3.024835696969145e-05, 0.9998185098581819 0.0001814901418181487, 
59, 000000, 000000, 2.9270370048440796e-05, 2.9270370048440796e-05, 0.9998243777797093 0.0001756222202906448, 
60, 000000, 000000, 2.8267741079678003e-05, 2.8267741079678003e-05, 0.999830393553522 0.00016960644647806802, 
61, 000000, 000000, 2.803657784434865e-05, 2.803657784434865e-05, 0.9998317948713229 0.0001681907902881274 1.4338388982273282e-08, 
62, 000000, 000000, 2.7879981434745517e-05, 2.7879981434745517e-05, 0.9998327206858818 0.00016727873962801452 5.744902292887369e-10, 
63, 000000, 000000, 2.6721800177483803e-05, 2.6721800177483803e-05, 0.9998396691989352 0.00016033080106490284, 
64, 000000, 001111, 0.18957321233277544, 0.18957321233277544, 0.7958964667888502 0.00013410541708604024 0.0019794435543203353 0.0029953439627093356 0.012260244821697188 0.04508710243601299 0.14164729301932402, 
65, 000000, 000000, 3.0379396876568334e-05, 3.0379396876568334e-05, 0.9998177236187406 0.00018227638125941, 
66, 000000, 000000, 2.7980126492700645e-05, 2.7980126492700645e-05, 0.9998321192410439 0.0001678807589562039, 
67, 000000, 000000, 0.0016468801533007563, 0.0016468801533007563, 0.9956339411410011 0.00016909614199816668 0.002878703373195557 0.001318259343805086, 
68, 000000, 000000, 2.8209113929950154e-05, 2.8209113929950154e-05, 0.999830751306368 0.00016924270368415462 5.989947773161388e-09, 
69, 011111, 000000, 0.6526556935467585, 0.6526556935467585, 0.2696200242696394 4.3870330661024364e-05 0.005690290916396439 0.017085727506035243 0.07242427791474555 0.24725943943512546 0.3878763696273969, 
70, 000000, 000000, 2.7284342120524867e-05, 2.7284342120524867e-05, 0.9998362939472768 0.0001637060527231492, 
71, 000000, 000000, 2.9224779443154513e-05, 2.9224779443154513e-05, 0.9998246513233411 0.00017534867665892708, 
72, 000000, 111111, 0.9047826468278518, 0.9047826468278518, 0.012088771019516487 2.0642172589891454e-06 0.005205938646111827 0.0270414622187301 0.07307259212122698 0.2506678463464041 0.6319213254307514, 
73, 000000, 000000, 2.7953389549479156e-05, 2.7953389549479156e-05, 0.9998322796627033 0.00016772033729687495, 
74, 000000, 000000, 2.7118369986862362e-05, 2.7118369986862362e-05, 0.9998373133765457 0.00016266302698750125 2.359646683647519e-08, 
75, 000000, 000000, 2.8764063975069716e-05, 2.8764063975069716e-05, 0.9998274181807608 0.0001725792546280026 2.56461120787121e-09, 
76, 000000, 000000, 2.757942123904082e-05, 2.757942123904082e-05, 0.9998345234725659 0.00016547652743424492, 
77, 000000, 000000, 2.937709314179525e-05, 2.937709314179525e-05, 0.9998237374411492 0.00017626255885077151, 
78, 000000, 000000, 2.9036808314818146e-05, 2.9036808314818146e-05, 0.9998257791501111 0.0001742208498889089, 
79, 000000, 000000, 2.9288462921749614e-05, 2.9288462921749614e-05, 0.9998242868623248 0.00017569549781983588 1.7639855330898647e-08, 
80, 000000, 000000, 2.7733243403131774e-05, 2.7733243403131774e-05, 0.9998336158360512 0.00016636886747862476 1.5296470082941507e-08, 
81, 000000, 000000, 2.9342816589825037e-05, 2.9342816589825037e-05, 0.9998239431004611 0.00017605689953895023, 
82, 000000, 111110, 0.6242300780087977, 0.6242300780087977, 0.31179057751123945 5.280999216991573e-05 0.009107926129286629 0.017805992262030668 0.05355124001214384 0.186659855591401 0.42103159850172844, 
83, 000000, 000000, 2.7602133204159245e-05, 2.7602133204159245e-05, 0.999834387200775 0.0001656127992249555, 
84, 000000, 000000, 2.8720164984946436e-05, 2.8720164984946436e-05, 0.9998276790100903 0.00017232098990967862, 
85, 000000, 000000, 2.7727966779830126e-05, 2.7727966779830126e-05, 0.999833632199321 0.00016636780067898077, 
86, 000000, 000000, 2.854096356423183e-05, 2.854096356423183e-05, 0.9998287542186145 0.000171245781385391, 
87, 000000, 111110, 0.1442099658310764, 0.1442099658310764, 0.8420814757212912 0.0001452672394279335 0.001983998163513683 0.0013983159931570007 0.012145671191891033 0.04510273147134667 0.09714254021937244, 
88, 000000, 000000, 2.799835732999901e-05, 2.799835732999901e-05, 0.99983200985602 0.00016799014397999407, 
89, 000000, 000000, 2.817675676196058e-05, 2.817675676196058e-05, 0.9998309394594282 0.00016906054057176347, 
90, 000000, 000000, 2.826349171497973e-05, 2.826349171497973e-05, 0.99983041904971 0.0001695809502898784, 
91, 000000, 000000, 2.7881098025171486e-05, 2.7881098025171486e-05, 0.9998327134118489 0.00016728658815102893, 
92, 000000, 000000, 2.8957391167269587e-05, 2.8957391167269587e-05, 0.9998262556529963 0.00017374434700361753, 
93, 000000, 000000, 2.7271398735403887e-05, 2.7271398735403887e-05, 0.9998363716075875 0.00016362839241242333, 
94, 000000, 111111, 0.5211721745863003, 0.5211721745863003, 0.42983313242246474 7.434384326515402e-05 0.005848139053633723 0.004978027626698528 0.0437584504759919 0.16775289868447052 0.3477550078934754, 
95, 000000, 000000, 2.895279577297992e-05, 2.895279577297992e-05, 0.999826283225362 0.00017371677463787956, 
96, 000000, 111111, 0.3443726917249945, 0.3443726917249945, 0.6384694718444776 0.00011348754829184146 0.0006178228932262602 0.0001243247128166471 0.016208039897281215 0.06711923533579121 0.2773476177681153, 
97, 000000, 000000, 0.03326563096311908, 0.03326563096311908, 0.9577872923920892 0.00016720700623095266 0.003601031705287751 0.004302856603503681 0.006396187548075289 0.012741353109783443 0.015004071635029769, 
98, 000000, 000000, 2.9636682013484115e-05, 2.9636682013484115e-05, 0.9998222568009577 0.00017766630600363236 7.689303863616215e-08, 
99, 000000, 000000, 2.867902213643364e-05, 2.867902213643364e-05, 0.9998279258671814 0.00017207413281860185, 
100, 111111, 000000, 0.2065570704099731, 0.2065570704099731, 0.7688498342831486 0.00013165945608289468 0.0019430661974013809 0.005191441564910088 0.03155081642673958 0.06045205222304032 0.13188112984867714, 
run, initial grid state, final grid state, mean grid cell occupancy, mean binding site occupancy, fraction of time with N TFs bound, warning
1, 000000, 000000, 2.8394457325557818e-05, 2.8394457325557818e-05, 0.9998296356973301 0.00017036186138653158 2.4412834076654343e-09, 
2, 000000, 000000, 2.7669510381410673e-05, 2.7669510381410673e-05, 0.9998339829377115 0.00016601706228846404, 
3, 000000, 000000, 2.7221198518164322e-05, 2.7221198518164322e-05, 0.999836672808891 0.00016332719110898595, 
4, 000000, 000000, 2.985735234291221e-05, 2.985735234291221e-05, 0.9998208558859426 0.00017914411405747327, 
5, 000000, 000000, 0.23423835455017386, 0.23423835455017386, 0.7362247805994911 0.00012425082288590087 0.008105665243584541 0.0068141334538330345 0.020754112563444657 0.0822266485248535 0.14575040879190715, 
6, 000000, 000000, 2.9003589110919806e-05, 2.9003589110919806e-05, 0.9998259784653345 0.00017402153466551884, 
7, 000000, 000000, 2.90417292109018e-05, 2.90417292109018e-05, 0.9998257496247346 0.0001742503752654108, 
8, 000000, 000000, 2.8289456725172957e-05, 2.8289456725172957e-05, 0.9998303119053508 0.00016963944894719918 4.864570191928318e-08, 
9, 000000, 000000, 2.8734259184908978e-05, 2.8734259184908978e-05, 0.9998275944448906 0.00017240555510945386, 
10, 000000, 000000, 2.7677293806138875e-05, 2.7677293806138875e-05, 0.999833968157156 0.0001659999228513037 3.191999276479085e-08, 
11, 000000, 000000, 2.8443905771087466e-05, 2.8443905771087466e-05, 0.9998293365653735 0.0001706634346265248, 
12, 000000, 000000, 2.743150574112748e-05, 2.743150574112748e-05, 0.9998354109655533 0.00016458903444676486, 
13, 000000, 000000, 2.8300012261763108e-05, 2.8300012261763108e-05, 0.9998301999264294 0.00016980007357057865, 
14, 000000, 000000, 2.7881984692978066e-05, 2.7881984692978066e-05, 0.9998327080918421 0.0001672919081578684, 
15, 000000, 000000, 2.812900523828043e-05, 2.812900523828043e-05, 0.9998312259685703 0.00016877403142968257, 
16, 111110, 000000, 0.47859835070475054, 0.47859835070475054, 0.4785854460632294 8.232122546650114e-05 3.35568845410574e-05 0.013244311104059485 0.03977920175413526 0.1370600489061746 0.3312151140623937, 
17, 000000, 000000, 2.8743671406641956e-05, 2.8743671406641956e-05, 0.9998275501823533 0.00017243760685376966 1.2210793041047595e-08, 
18, 000000, 111111, 0.11916987594962805, 0.11916987594962805, 0.869470083502236 0.0001480929987705579 0.00018595323513553253 0.003444900190971011 0.012423999896000907 0.03149326498950606 0.08283370518737997, 
19, 000000, 000000, 2.8632510054192454e-05, 2.8632510054192454e-05, 0.9998282468652077 0.00017171120925940555 4.19255328746069e-08, 
20, 000000, 000000, 2.848797220990222e-05, 2.848797220990222e-05, 0.9998291580710701 0.00017075602460057507 8.590432941913603e-08, 
21, 000000, 000000, 2.8491863330279376e-05, 2.8491863330279376e-05, 0.9998290488200183 0.00017095117998167626, 
22, 111111, 000000, 0.4091241287829498, 0.4091241287829498, 0.5547678492170142 9.252913557807604e-05 0.0023009936966645714 0.00806166319945358 0.03654724642082287 0.10970202909566067 0.2885276892348061, 
23, 000000, 000000, 2.9740304451727328e-05, 2.9740304451727328e-05, 0.9998215635513192 0.00017843107065121692 5.378029573531377e-09, 
24, 000000, 000000, 2.7802994061714402e-05, 2.7802994061714402e-05, 0.9998331820356298 0.00016681796437028644, 
25, 011111, 000000, 0.4128555788335248, 0.4128555788335248, 0.5388709472861801 9.473801564335822e-05 0.0016363966944020702 0.011218584765708875 0.05852919107526205 0.1319074299782949 0.2577427121845086, 
26, 000000, 000000, 2.7978925381264735e-05, 2.7978925381264735e-05, 0.9998321680782917 0.00016779029112900856 4.1630579289935876e-08, 
27, 000000, 111111, 0.1044145696170334, 0.1044145696170334, 0.8869255435480037 0.0001495468575061452 0.0030321620983740256 0.0015902092963133538 0.007436624772128717 0.01943906089555252 0.08142685253212144, 
28, 000000, 000000, 2.8437893390165627e-05, 2.8437893390165627e-05, 0.9998293726396589 0.00017062736034099377, 
29, 000000, 000000, 2.6852718241792074e-05, 2.6852718241792074e-05, 0.9998388836905492 0.00016111630945075245, 
30, 000000, 000000, 2.9035069020829852e-05, 2.9035069020829852e-05, 0.9998258013845057 0.00017418681686347083 1.1798630754152932e-08, 
31, 111110, 111111, 0.9107035355527586, 0.9107035355527586, 0.0 0.0 0.003946669750619637 0.019366865043529916 0.09847435966614407 0.26494279321809217 0.6132693123216142, 
32, 000000, 000000, 2.9207679279616788e-05, 2.9207679279616788e-05, 0.9998247539243224 0.00017524607567770073, 
33, 000000, 000000, 3.003589318661389e-05, 3.003589318661389e-05, 0.9998197846408803 0.00018021535911968335, 
34, 011110, 000000, 0.1248648363972432, 0.1248648363972432, 0.8607962330897796 0.00014480397259822913 0.001081980452831359 0.004669463210170425 0.013016558471865692 0.04094013482930389 0.0793508259734508, 
35, 000000, 000000, 2.8957633271299922e-05, 2.8957633271299922e-05, 0.9998262542003721 0.00017374579962779955, 
36, 000000, 000000, 2.948064740298751e-05, 2.948064740298751e-05, 0.9998231347046067 0.00017684670636861048 1.858902465729486e-08, 
37, 000000, 000000, 2.9740454321622393e-05, 2.9740454321622393e-05, 0.9998215572740703 0.00017844272592973438, 
38, 000000, 000000, 2.8413094916464598e-05, 2.8413094916464598e-05, 0.9998295214305012 0.0001704785694987876, 
39, 000000, 000000, 2.9203871220524154e-05, 2.9203871220524154e-05, 0.9998247767726768 0.00017522322732314494, 
40, 000000, 000000, 2.8778225081578265e-05, 2.8778225081578265e-05, 0.9998273449546735 0.00017264074016347465 1.4305162997472853e-08, 
41, 000000, 000000, 2.9161390744325816e-05, 2.9161390744325816e-05, 0.9998250608626085 0.00017490993031689763 2.9207074528648736e-08, 
42, 000000, 000000, 2.8616505076639355e-05, 2.8616505076639355e-05, 0.9998283009695401 0.00017169903045983613, 
43, 000000, 000000, 2.7911527541403947e-05, 2.7911527541403947e-05, 0.9998325308347515 0.00016746916524842367, 
44, 000000, 000000, 2.834658463527282e-05, 2.834658463527282e-05, 0.9998299795840836 0.00016996132402124836 5.909189519428071e-08, 
45, 000000, 000000, 2.8420432978131913e-05, 2.8420432978131913e-05, 0.9998294774021312 0.0001705225978687915, 
46, 000000, 000000, 0.2462420609582756, 0.2462420609582756, 0.7298663653187395 0.0001255541668720749 0.00203424168966299 0.004354477332153319 0.02639066866855008 0.06873993541133704 0.16848875741268501, 
47, 000000, 000000, 2.8594984074969188e-05, 2.8594984074969188e-05, 0.9998284300955501 0.00017156990444981514, 
48, 000000, 000000, 2.7644510406385002e-05, 2.7644510406385002e-05, 0.9998341329375616 0.00016586706243831002, 
49, 000000, 000000, 2.8308077534977212e-05, 2.8308077534977212e-05, 0.9998301515347902 0.00016984846520986328, 
50, 000000, 000000, 2.8709101930678994e-05, 2.8709101930678994e-05, 0.999827745388416 0.000172254611584074, 
51, 000000, 000000, 2.8921372712609643e-05, 2.8921372712609643e-05, 0.9998264717637244 0.00017352823627565786, 
52, 000000, 000000, 2.8746756689039622e-05, 2.8746756689039622e-05, 0.9998275194598658 0.00017248054013423774, 
53, 000000, 000000, 2.846350105102969e-05, 2.846350105102969e-05, 0.9998292189936939 0.00017078100630617816, 
54, 000000, 000000, 2.839568418860085e-05, 2.839568418860085e-05, 0.9998296258948683 0.0001703741051316051, 
55, 000000, 000000, 2.7650392753858022e-05, 2.7650392753858022e-05, 0.9998340976434769 0.00016590235652314813, 
56, 000000, 000000, 2.9622963898954203e-05, 2.9622963898954203e-05, 0.9998223070388202 0.00017764813896574454 4.482221399034772e-08, 
57, 000000, 000000, 2.8193707415342274e-05, 2.8193707415342274e-05, 0.999830837755508 0.00016916224449205366, 
58, 000000, 000000, 2.965985251564704e-05, 2.965985251564704e-05, 0.9998220408849061 0.00017795911509388225, 
59, 000000, 000000, 2.8570847245909456e-05, 2.8570847245909456e-05, 0.9998285749165245 0.00017142508347545678, 
60, 000000, 000000, 2.796654906651495e-05, 2.796654906651495e-05, 0.999832200705601 0.0001677992943990897, 
61, 000000, 000000, 2.9019759536194682e-05, 2.9019759536194682e-05, 0.9998258814427828 0.0001741185572171681, 
62, 000000, 000000, 2.7669432609120217e-05, 2.7669432609120217e-05, 0.9998339921736549 0.0001659990570354528 8.769309634254092e-09, 
63, 000000, 000000, 2.839673312675205e-05, 2.839673312675205e-05, 0.9998296196012396 0.00017038039876051227, 
64, 000000, 000000, 0.7157689365874423, 0.7157689365874423, 0.2155339159616102 4.028395192904974e-05 0.007667637219438158 0.018134518567990324 0.06240547336690062 0.20209641363051442 0.49412175730161717, 
65, 000000, 111111, 0.6278313325906352, 0.6278313325906352, 0.30609777956666034 5.853383292334253e-05 0.006045218937126 0.02670537071981691 0.062249561356607044 0.16733654727044092 0.4315069883164254, 
66, 000000, 111111, 0.7853126407341616, 0.7853126407341616, 0.1516375745890415 2.3273206325551864e-05 0.0015757377995802957 0.019946978288897188 0.053886511866104936 0.20426543223193042 0.5686644920181201, 
67, 000000, 000000, 2.9148486280791777e-05, 2.9148486280791777e-05, 0.9998251482438736 0.00017481259456793728 3.9161558406693594e-08, 
68, 000000, 000000, 0.16831874606853084, 0.16831874606853084, 0.80624840180122 0.00014026117350764006 0.0011850477793524945 0.010804021012469188 0.0245943034072587 0.0655549459446219 0.09147301888157008, 
69, 000000, 000000, 2.8773622027940502e-05, 2.8773622027940502e-05, 0.9998273582678324 0.00017264173216764304, 
70, 000000, 000000, 2.9443362119911113e-05, 2.9443362119911113e-05, 0.9998233398272807 0.0001766601727194667, 
71, 000000, 000000, 2.8918414916514578e-05, 2.8918414916514578e-05, 0.9998264895105009 0.00017351048949908746, 
72, 000000, 000000, 0.00041091290497412546, 0.00041091290497412546, 0.9986806945199157 0.0001732089105089383 0.001146021189390591 7.538018487748645e-08, 
73, 000000, 000000, 2.8694630135588352e-05, 2.8694630135588352e-05, 0.9998278322191865 0.0001721677808135301, 
74, 000000, 000000, 2.8111576046326347e-05, 2.8111576046326347e-05, 0.9998313305437221 0.0001686694562779581, 
75, 000000, 000000, 2.7141299586524052e-05, 2.7141299586524052e-05, 0.9998371522024808 0.00016284779751914432, 
76, 000000, 000000, 2.6976839353057206e-05, 2.6976839353057206e-05, 0.9998381389638816 0.00016186103611834322, 
77, 000000, 000000, 2.838554691540561e-05, 2.838554691540561e-05, 0.9998296867185076 0.00017031328149243367, 
78, 000000, 000000, 2.8194383124037166e-05, 2.8194383124037166e-05, 0.9998308479222257 0.00016913785680452848 1.422096984727042e-08, 
79, 000000, 000000, 2.8700047496725618e-05, 2.8700047496725618e-05, 0.9998277997150196 0.00017220028498035373, 
80, 000000, 000000, 2.8617897509767156e-05, 2.8617897509767156e-05, 0.9998282926149413 0.00017170738505860295, 
81, 000000, 111111, 0.12135656815113555, 0.12135656815113555, 0.8534524964053883 0.0001528160813756546 0.007502156280079114 0.014919382839870224 0.014545502545256385 0.0465237535235389 0.06290389232449145, 
82, 000000, 000000, 2.7702833634456282e-05, 2.7702833634456282e-05, 0.9998337829981933 0.0001662170018067377, 
83, 000000, 000000, 2.8945337065643187e-05, 2.8945337065643187e-05, 0.9998263279776061 0.00017367202239385913, 
84, 000000, 000000, 2.8112409944897924e-05, 2.8112409944897924e-05, 0.9998313255403306 0.00016867445966938752, 
85, 000000, 000000, 2.7915679377411203e-05, 2.7915679377411203e-05, 0.9998325059237355 0.00016749407626446723, 
86, 000000, 000000, 2.9321487781060975e-05, 2.9321487781060975e-05, 0.9998240710733135 0.00017592892668636585, 
87, 000000, 000000, 2.7623445978869204e-05, 2.7623445978869204e-05, 0.9998342593241268 0.00016574067587321522, 
88, 000000, 000000, 2.7656881912452765e-05, 2.7656881912452765e-05, 0.9998340719762192 0.0001659147560866556 1.3267694030489239e-08, 
89, 000000, 000000, 2.877956118583397e-05, 2.877956118583397e-05, 0.999827322632885 0.00017267736711500383, 
90, 000000, 111110, 0.7100902285767119, 0.7100902285767119, 0.23727683842754957 3.957971211520738e-05 0.0011402684817770263 0.016614929408065846 0.05049222790422416 0.16020938145410146 0.5342267746121667, 
91, 000000, 000000, 2.881620738911872e-05, 2.881620738911872e-05, 0.9998271027556653 0.0001728972443347123, 
92, 111111, 000000, 0.5171795082213615, 0.5171795082213615, 0.421671062976435 7.286589109670547e-05 0.004080797996311746 0.02050493808833919 0.07811730982022817 0.1324596174670165 0.34309340776057273, 
93, 000000, 000000, 2.9878189451305125e-05, 2.9878189451305125e-05, 0.9998207467649747 0.0001792373333426229 1.5901682603926885e-08, 
94, 000000, 000000, 2.8544256989007775e-05, 2.8544256989007775e-05, 0.9998287344580661 0.00017126554193404666, 
95, 000000, 000000, 0.20837546589087513, 0.20837546589087513, 0.7612634729422258 0.00013875810390817316 0.006033373721684018 0.012043497585733958 0.027171065568779136 0.0668664577003572 0.1264833743773117, 
96, 000000, 000000, 2.7977979992795345e-05, 2.7977979992795345e-05, 0.9998321321200432 0.00016786787995677206, 
97, 000000, 000000, 2.7908383928383935e-05, 2.7908383928383935e-05, 0.9998325496964297 0.00016745030357030364, 
98, 000000, 000000, 2.9168545133172577e-05, 2.9168545133172577e-05, 0.9998249887292009 0.00017501127079903544, 
99, 000000, 000000, 2.917326778474863e-05, 2.917326778474863e-05, 0.9998249603932915 0.00017503960670849178, 
100, 000000, 000000, 2.920336114876749e-05, 2.920336114876749e-05, 0.9998247798331074 0.00017522016689260493, 
run, initial grid state, final grid state, mean grid cell occupancy, mean binding site occupancy, fraction of time with N TFs bound, warning
1, 000000, 000000, 2.8824176180064854e-05, 2.8824176180064854e-05, 0.9998270842709404 0.0001728864010389373 2.9328020725931435e-08, 
2, 000000, 000000, 2.9268059241633888e-05, 2.9268059241633888e-05, 0.9998243916445502 0.00017560835544980333, 
3, 111110, 000000, 0.6576356220897958, 0.6576356220897958, 0.2777062670394183 4.6903046262150714e-05 0.007949250286111873 0.024973041197999507 0.05450246814512796 0.171993088964703 0.4628289813203772, 
4, 000000, 000000, 3.070152996686573e-05, 3.070152996686573e-05, 0.9998157908201989 0.0001842091798011944, 
5, 000000, 000000, 2.8866292963293508e-05, 2.8866292963293508e-05, 0.9998268509896401 0.00017310026294004737 4.8747419856843486e-08, 
6, 111111, 111110, 0.914138889278509, 0.914138889278509, 0.0 0.0 0.0008856418868758563 0.01820869653963442 0.10505116662800998 0.24689567390651934 0.6289588210389604, 
7, 000000, 111110, 0.4849866109322798, 0.4849866109322798, 0.47099626640811654 7.903682406624927e-05 0.0016430012247445468 0.02037028088712238 0.0458460775985569 0.10433254907983189 0.35673278797756147, 
8, 000000, 000000, 2.8326617980584745e-05, 2.8326617980584745e-05, 0.9998301767353264 0.00016968682146392838 1.3644320979004813e-07, 
9, 000000, 000000, 2.752432595284523e-05, 2.752432595284523e-05, 0.9998348540442829 0.0001651459557170714, 
10, 000000, 000000, 2.751194122555059e-05, 2.751194122555059e-05, 0.9998349283526468 0.00016507164735330356, 
11, 000000, 000000, 2.912330777039791e-05, 2.912330777039791e-05, 0.9998252601533776 0.00017473984662238747, 
12, 000000, 000000, 2.8127875906567234e-05, 2.8127875906567234e-05, 0.9998312327445605 0.0001687672554394034, 
13, 111111, 000000, 0.009741222024270376, 0.009741222024270376, 0.9884687693107903 0.00017621318055133556 0.0015671200105148641 0.0009443208521848686 0.00036306419816452653 3.141509193591773e-05 0.008449097355858148, 
14, 000000, 000000, 2.8700194488570197e-05, 2.8700194488570197e-05, 0.9998277988330686 0.0001722011669314212, 
15, 000000, 000000, 2.7877794608985918e-05, 2.7877794608985918e-05, 0.9998327642827656 0.00016720466681475481 3.1050419580368766e-08, 
16, 000000, 000000, 2.8027010461889104e-05, 2.8027010461889104e-05, 0.9998318379372286 0.00016816206277133462, 
17, 000000, 000000, 2.832632708399401e-05, 2.832632708399401e-05, 0.999830042037496 0.00016995796250396405, 
18, 000000, 000000, 2.8475641163018905e-05, 2.8475641163018905e-05, 0.9998291461530219 0.00017085384697811343, 
19, 111111, 000000, 0.05040930357087035, 0.05040930357087035, 0.9434135095019166 0.00016638294515094584 2.2919195159162792e-05 0.0015159513959385027 0.006760837854153425 0.01807000016076492 0.030050398946916492, 
20, 000000, 000000, 2.753234664004657e-05, 2.753234664004657e-05, 0.9998348059201597 0.00016519407984027943, 
21, 000000, 000000, 2.847004071532408e-05, 2.847004071532408e-05, 0.9998291797557081 0.0001708202442919445, 
22, 000000, 000000, 2.8319984896503374e-05, 2.8319984896503374e-05, 0.9998300920786044 0.00016989593341247588 1.1987983272189184e-08, 
23, 000000, 000000, 2.736701288005563e-05, 2.736701288005563e-05, 0.9998357979227197 0.00016420207728033378, 
24, 000000, 000000, 2.9442838640485125e-05, 2.9442838640485125e-05, 0.999823342968157 0.00017665703184291075, 
25, 000000, 000000, 0.0030879523138169222, 0.0030879523138169222, 0.9923417316970155 0.0001679070130590666 0.004111284381646286 0.00337906952656726 7.38171202795846e-09, 
26, 000000, 000000, 2.830279557575493e-05, 2.830279557575493e-05, 0.9998302140204037 0.00016975518573801829 3.079385825565883e-08, 
27, 000000, 000000, 2.7664817312800204e-05, 2.7664817312800204e-05, 0.9998340110961231 0.00016598890387680126, 
28, 000000, 000000, 2.7873983463723316e-05, 2.7873983463723316e-05, 0.9998327560992176 0.0001672439007823399, 
29, 000000, 000000, 2.8508325506406408e-05, 2.8508325506406408e-05, 0.9998289951905966 0.00017095966576828985 4.5143635074297584e-08, 
30, 000000, 000000, 2.8672878091187604e-05, 2.8672878091187604e-05, 0.9998279627314528 0.0001720372685471256, 
31, 000000, 000000, 2.8953933915039807e-05, 2.8953933915039807e-05, 0.9998262763965097 0.00017372360349023888, 
32, 000000, 000000, 0.10516498113011429, 0.10516498113011429, 0.8803306883197494 0.00015101956006332077 0.003702727835440862 0.004082493695114681 0.016641524393153074 0.025929444287087575 0.06916210190939108, 
33, 000000, 000000, 2.9725252144566552e-05, 2.9725252144566552e-05, 0.9998216989835134 0.0001782505201058328 5.04963807832627e-08, 
34, 000000, 000000, 2.862987391404111e-05, 2.862987391404111e-05, 0.9998282207565158 0.00017177924348424668, 
35, 000000, 000000, 2.752379744809461e-05, 2.752379744809461e-05, 0.9998348572153115 0.00016514278468856766, 
36, 000000, 000000, 2.917938640095098e-05, 2.917938640095098e-05, 0.9998249236815941 0.00017507631840570588, 
37, 000000, 000000, 2.793351207109562e-05, 2.793351207109562e-05, 0.9998323989275735 0.00016760107242657374, 
38, 000000, 000000, 2.8413211407409384e-05, 2.8413211407409384e-05, 0.9998295207315555 0.00017047926844445633, 
39, 000000, 000000, 2.8894794024885317e-05, 2.8894794024885317e-05, 0.9998266362626751 0.00017335871050059028 5.026824360802059e-09, 
40, 000000, 000000, 2.911332679494162e-05, 2.911332679494162e-05, 0.9998253200392304 0.0001746799607696497, 
41, 000000, 000000, 2.7786803737331218e-05, 2.7786803737331218e-05, 0.999833279177576 0.00016672082242398731, 
42, 000000, 000000, 2.7647436770640673e-05, 2.7647436770640673e-05, 0.9998341153793762 0.00016588462062384405, 
43, 000000, 000000, 2.9722191742654538e-05, 2.9722191742654538e-05, 0.9998216668495441 0.00017833315045592723, 
44, 000000, 000000, 2.8089064140771492e-05, 2.8089064140771492e-05, 0.9998314656151553 0.00016853438484462895, 
45, 000000, 000000, 2.859173219935898e-05, 2.859173219935898e-05, 0.999828475348438 0.0001714989099278702 2.574163414183117e-08, 
46, 000000, 000000, 2.9248628410342692e-05, 2.9248628410342692e-05, 0.999824508229538 0.00017549177046205616, 
47, 000000, 000000, 2.8133303106905477e-05, 2.8133303106905477e-05, 0.9998312001813585 0.00016879981864143288, 
48, 000000, 000000, 2.7416341081878222e-05, 2.7416341081878222e-05, 0.9998355019535088 0.00016449804649126934, 
49, 000000, 111111, 0.021885345730919423, 0.021885345730919423, 0.9736243536974136 0.0001656292948590609 0.0005168268346390269 0.002512866966685681 0.003929226766847315 0.008649295183398383 0.010601801256156874, 
50, 000000, 000000, 2.93705993830541e-05, 2.93705993830541e-05, 0.9998237764037017 0.0001762235962983246, 
51, 000000, 000000, 2.8535380884533576e-05, 2.8535380884533576e-05, 0.9998287877146927 0.00017121228530720146, 
52, 000000, 000000, 2.85605546567791e-05, 2.85605546567791e-05, 0.9998286366720593 0.00017136332794067462, 
53, 000000, 000000, 2.9279580195870316e-05, 2.9279580195870316e-05, 0.9998243225188248 0.0001756774811752219, 
54, 000000, 000000, 2.918015105918314e-05, 2.918015105918314e-05, 0.999824919093645 0.0001750809063550988, 
55, 000000, 000000, 2.8870690246220525e-05, 2.8870690246220525e-05, 0.9998267758585228 0.00017322414147732316, 
56, 000000, 000000, 2.7576107582523224e-05, 2.7576107582523224e-05, 0.9998345433545048 0.00016545664549513935, 
57, 000000, 000000, 2.74305221069523e-05, 2.74305221069523e-05, 0.9998354168673582 0.00016458313264171382, 
58, 000000, 000000, 2.7576684780712198e-05, 2.7576684780712198e-05, 0.9998345398913158 0.0001654601086842732, 
59, 000000, 000000, 2.9708370538573146e-05, 2.9708370538573146e-05, 0.9998217497767685 0.0001782502232314389, 
60, 011111, 000000, 0.7926142017986613, 0.7926142017986613, 0.13725003575176964 2.4375681084678283e-05 0.00043956922275543205 0.012661414596206339 0.07098766390880892 0.23897484779473252 0.5396620930446424, 
61, 000000, 000000, 2.83939686702318e-05, 2.83939686702318e-05, 0.9998296361879787 0.0001703638120213908, 
62, 000000, 000000, 2.917749713363745e-05, 2.917749713363745e-05, 0.9998249350171983 0.0001750649828018247, 
63, 000000, 000000, 2.928637336293511e-05, 2.928637336293511e-05, 0.9998242817598224 0.00017571824017761066, 
64, 000000, 111111, 0.5208896712589229, 0.5208896712589229, 0.3986468298819949 6.670161901395983e-05 0.00832141824162012 0.033176091653267424 0.086194152279498 0.17724523257414357 0.296349573750462, 
65, 000000, 000000, 2.913407734218807e-05, 2.913407734218807e-05, 0.9998252524573487 0.000174690621249548 5.6921401790210175e-08, 
66, 011111, 111111, 0.9284923566384101, 0.9284923566384101, 0.0 0.0 0.003433824117512419 0.01040576164676422 0.06299325940422171 0.25810675995075383 0.6650603948807479, 
67, 000000, 000000, 2.8845596045755567e-05, 2.8845596045755567e-05, 0.9998269370472431 0.00017305232923928263 1.0623517625388644e-08, 
68, 000000, 111111, 0.30948225566074333, 0.30948225566074333, 0.6444265420514182 0.00010589014946498544 0.004473267321153652 0.017257932849428198 0.04767605259517737 0.11099878995645204 0.17506152507690553, 
69, 000000, 000000, 2.8624863494967602e-05, 2.8624863494967602e-05, 0.9998282508190303 0.0001717491809698056, 
70, 000000, 000000, 2.6621267745803947e-05, 2.6621267745803947e-05, 0.999840392709939 0.00015948697364739984 1.2031641371193386e-07, 
71, 000000, 111110, 0.0835403366993424, 0.0835403366993424, 0.9064863418630646 0.00016128110737600296 0.0013204531015910419 0.006071918880769411 0.007985823691574164 0.019564306656857103 0.058409874698767655, 
72, 000000, 000000, 2.8424713714232196e-05, 2.8424713714232196e-05, 0.9998294517177145 0.0001705482822853932, 
73, 000000, 000000, 3.0872911942789294e-05, 3.0872911942789294e-05, 0.9998147625283433 0.0001852374716567358, 
74, 000000, 000000, 2.8668217283925462e-05, 2.8668217283925462e-05, 0.9998279906962965 0.00017200930370355277, 
75, 000000, 000000, 2.866068310543803e-05, 2.866068310543803e-05, 0.9998280359013675 0.00017196409863262817, 
76, 011111, 000000, 0.1326439075685449, 0.1326439075685449, 0.8509395490983832 0.00014626192780511717 0.0038385390543455872 0.006115394774479816 0.011121554737109338 0.04182450034436505 0.08601420006351182, 
77, 000000, 000000, 2.8548564380056688e-05, 2.8548564380056688e-05, 0.9998287086137196 0.00017129138628034014, 
78, 000000, 000000, 2.7600726375849013e-05, 2.7600726375849013e-05, 0.9998343956417448 0.0001656043582550941, 
79, 000000, 000000, 2.8329609549511996e-05, 2.8329609549511996e-05, 0.9998300223427029 0.00016997765729707197, 
80, 000000, 000000, 2.9551810144922554e-05, 2.9551810144922554e-05, 0.9998226894203667 0.00017731029839719188 2.812361717224121e-10, 
81, 000000, 111111, 0.2644822408148518, 0.2644822408148518, 0.7127550520485753 0.00012416064865840065 0.0009078607214366821 0.007126212018528892 0.023796681432644635 0.06335199776952323 0.19193803536063295, 
82, 000000, 000000, 2.9519768927692436e-05, 2.9519768927692436e-05, 0.9998228813864339 0.00017711861356615465, 
83, 000000, 000000, 2.7251223260267435e-05, 2.7251223260267435e-05, 0.9998364926604384 0.0001635073395616046, 
84, 000000, 000000, 2.8459432284052172e-05, 2.8459432284052172e-05, 0.9998292434062956 0.00017075659370431302, 
85, 000000, 000000, 2.7538305769525022e-05, 2.7538305769525022e-05, 0.9998347701653829 0.00016522983461715013, 
86, 000000, 000000, 2.834681856472773e-05, 2.834681856472773e-05, 0.9998299407955733 0.00017003749746512554 2.1706961620421635e-08, 
87, 000000, 000000, 2.849803794037798e-05, 2.849803794037798e-05, 0.9998290117723577 0.00017098822764226787, 
88, 000000, 000000, 2.9419434937988177e-05, 2.9419434937988177e-05, 0.9998234833903721 0.00017651660962792907, 
89, 000000, 011111, 0.48129866708149427, 0.48129866708149427, 0.48390993936267374 8.173417105719956e-05 0.0013838733760888802 0.006171001015521855 0.04019437178206665 0.10390245036465127 0.3643566299279404, 
90, 000000, 000000, 2.822357863589134e-05, 2.822357863589134e-05, 0.9998306585281845 0.00016934147181534804, 
91, 000000, 000000, 2.8343188552033795e-05, 2.8343188552033795e-05, 0.9998299989365714 0.0001699429955450154 5.80678835936955e-08, 
92, 000000, 000000, 2.8962340866039013e-05, 2.8962340866039013e-05, 0.9998262259548037 0.0001737740451962341, 
93, 000000, 000000, 2.8681604086581676e-05, 2.8681604086581676e-05, 0.9998279103754806 0.00017208962451949005, 
94, 000000, 000000, 2.8284591656609314e-05, 2.8284591656609314e-05, 0.9998303146069281 0.00016966323620411973 2.2156867768083298e-08, 
95, 000000, 000000, 2.8616789399165127e-05, 2.8616789399165127e-05, 0.9998282992636051 0.00017170073639499077, 
96, 111111, 111111, 0.9146205234533159, 0.9146205234533159, 0.0 0.0 0.004394467749539627 0.028684245301504104 0.0732091484491211 0.2622279554791923 0.6314841830206429, 
97, 000000, 000000, 2.79102136226112e-05, 2.79102136226112e-05, 0.9998325387182644 0.0001674612817356672, 
98, 000000, 000000, 2.8531439059684014e-05, 2.8531439059684014e-05, 0.9998288113656418 0.0001711886343581041, 
99, 000000, 000000, 2.786779814187465e-05, 2.786779814187465e-05, 0.9998327932111488 0.0001672067888512479, 
100, 000000, 000000, 2.8469587016043685e-05, 2.8469587016043685e-05, 0.9998291824779038 0.00017081752209626214, 
run, initial grid state, final grid state, mean grid cell occupancy, mean binding site occupancy, fraction of time with N TFs bound, warning
1, 000000, 000000, 2.916350393242845e-05, 2.916350393242845e-05, 0.9998250189764053 0.00017498102359457066, 
