run, initial grid state, final grid state, mean grid cell occupancy, mean binding site occupancy, fraction of time with N TFs bound, warning
1, 0000000000, 0000000000, 4.56540511650592e-05, 7.605819855867248e-05, 0.9995436508086479 0.0004563491913520349, 
2, 0000000000, 0000000000, 4.403161700661187e-05, 7.335212305375876e-05, 0.9995598872616774 0.0004401127383225526, 
3, 0000000000, 0000000000, 4.878608318938497e-05, 8.127918274849222e-05, 0.999512324903509 0.00048767509649095343, 
4, 0000000000, 0000000000, 4.498903463485954e-05, 7.495072587361048e-05, 0.9995502956447583 0.0004497043552416629, 
5, 0000000000, 0000000000, 4.970630793772464e-05, 8.281250230213308e-05, 0.9995034143087698 0.0004962963686474914 2.893225826535906e-07, 
6, 0000000000, 0000000000, 4.5922703159973836e-05, 7.650850368001571e-05, 0.9995409489779199 0.0004590510220800943, 
7, 0000000000, 0000000000, 4.651912485891833e-05, 7.749958417596528e-05, 0.9995350024949442 0.00046499750505579166, 
8, 0000000000, 0000000000, 5.108923033235461e-05, 8.511458929523071e-05, 0.9994893124642286 0.0005106875357713842, 
9, 0000000000, 0000000000, 4.7044591550554206e-05, 7.837179642114671e-05, 0.9995297692214731 0.00047023077852688025, 
10, 0000000000, 0000000000, 4.044781377068907e-05, 6.737885197652074e-05, 0.9995957268881408 0.00040427311185912447, 
11, 0000000000, 0000000000, 5.049033374703459e-05, 8.411662705003778e-05, 0.9994953002376998 0.0005046997623002267, 
12, 0000000000, 0000000000, 4.5170741049115046e-05, 7.525150128080906e-05, 0.9995485940923737 0.0004513028075676978 1.0310005857830955e-07, 
13, 0000000000, 0000000000, 4.9407840312238294e-05, 8.231402736711751e-05, 0.9995061158357973 0.000493884164202705, 
14, 0000000000, 0000000000, 5.217993930110194e-05, 8.693242641915773e-05, 0.9994784054414851 0.0005215945585149464, 
15, 0000000000, 0000000000, 5.083487283642441e-05, 8.469476449542641e-05, 0.9994918314130273 0.0005081685869725585, 
16, 0000000000, 0000000000, 4.75113592630593e-05, 7.915259758907003e-05, 0.9995250844144656 0.00047491558553442023, 
17, 0000000000, 0000000000, 4.61207233311236e-05, 7.683723993631781e-05, 0.999538976560382 0.00046102343961790693, 
18, 0000000000, 0000000000, 4.343416726895967e-05, 7.236642685376069e-05, 0.9995658014388775 0.0004341985611225642, 
19, 0000000000, 0000000000, 4.4180720062636626e-05, 7.360306932842904e-05, 0.9995583815840294 0.0004416184159705743, 
20, 0000000000, 0000000000, 4.860377776575823e-05, 8.097062770752529e-05, 0.9995141762337548 0.0004858237662451518, 
21, 0000000000, 0000000000, 4.629329631805003e-05, 7.712478204520166e-05, 0.9995372513077289 0.00046274869227121, 
22, 0000000000, 0000000000, 4.919246598939772e-05, 8.195682237082233e-05, 0.9995082590657751 0.000491740934224934, 
23, 0000000000, 0000000000, 5.1339997524098985e-05, 8.548473719116889e-05, 0.999487091576853 0.0005129084231470135, 
24, 0000000000, 0000000000, 4.3553818088997026e-05, 7.255275834733101e-05, 0.999564683449916 0.0004353165500839861, 
25, 0000000000, 0000000000, 4.8373002043889295e-05, 8.05949037128283e-05, 0.9995164305777231 0.00048356942227696995, 
26, 0000000000, 0000000000, 5.070168660299345e-05, 8.447559087412176e-05, 0.9994931464547553 0.0005068535452447306, 
27, 0000000000, 0000000000, 4.711270501179662e-05, 7.848736136588278e-05, 0.9995290758318047 0.00047092416819529667, 
28, 0000000000, 0000000000, 4.740912891810065e-05, 7.899033310561942e-05, 0.9995260580013662 0.00047394199863371654, 
29, 0000000000, 0000000000, 5.059796625602022e-05, 8.430305940666197e-05, 0.9994941816435601 0.0005058183564399718, 
30, 0000000000, 0000000000, 4.2983625622814694e-05, 7.160932306753854e-05, 0.9995719037024698 0.0004265366566550518 1.559640875089736e-06, 
31, 0000000000, 0000000000, 4.4617841833799186e-05, 7.433501983253668e-05, 0.9995539898810049 0.00044601011899522014, 
32, 0000000000, 0000000000, 4.643447209019693e-05, 7.735707131583572e-05, 0.9995358575721051 0.0004641424278950144, 
33, 0000000000, 0000000000, 4.5232500851648915e-05, 7.535667394066415e-05, 0.999547859956356 0.00045214004364398493, 
34, 0000000000, 0000000000, 4.297716350079345e-05, 7.159386805913106e-05, 0.9995704367916453 0.00042956320835478643, 
35, 0000000000, 0000000000, 4.6810222583151794e-05, 7.798415929896087e-05, 0.9995320950442063 0.00046790495579376526, 
36, 0000000000, 0000000000, 5.053622898820071e-05, 8.419747206044192e-05, 0.9994948151676373 0.0005051848323626516, 
37, 0000000000, 0000000000, 4.798906468804659e-05, 7.995169202455674e-05, 0.9995202898478527 0.0004797101521473404, 
38, 0000000000, 0000000000, 5.460183971428915e-05, 9.097642342440752e-05, 0.9994541414594535 0.0005458585405464453, 
39, 0000000000, 0000000000, 4.357945085405513e-05, 7.260054556128346e-05, 0.9995643967266323 0.0004356032733677008, 
40, 0000000000, 0000000000, 5.647455005046686e-05, 9.409685487204121e-05, 0.9994354188707677 0.0005645811292322473, 
41, 0000000000, 0000000000, 4.5971982836963166e-05, 7.659002372042125e-05, 0.9995404598576774 0.00045954014232252766, 
42, 0000000000, 0000000000, 5.0572525795160215e-05, 8.425459939412993e-05, 0.9994944724036353 0.0005055275963647796, 
43, 0000000000, 0000000000, 4.971667312418716e-05, 8.282845468552372e-05, 0.9995030292718868 0.0004969707281131423, 
44, 0000000000, 0000000000, 4.5982365328909276e-05, 7.660520296649013e-05, 0.9995403687822011 0.0004596312177989407, 
45, 0000000000, 0000000000, 4.9080417525782514e-05, 8.176609156035632e-05, 0.9995094034506379 0.000490596549362138, 
46, 0000000000, 0000000000, 4.573782556636064e-05, 7.619471625417372e-05, 0.9995428317024749 0.00045716829752504246, 
47, 0000000000, 0000000000, 3.909472174438891e-05, 6.512682891475982e-05, 0.9996092390265114 0.00039076097348855895, 
48, 0000000000, 0000000000, 4.86065378744443e-05, 8.097853947516537e-05, 0.999514128763149 0.00048587123685099224, 
49, 0000000000, 0000000000, 5.342552774200477e-05, 8.901294242748777e-05, 0.9994659223454351 0.0005340776545649266, 
50, 0000000000, 0000000000, 3.879896002056862e-05, 6.463468435646278e-05, 0.9996121918938612 0.00038780810613877665, 
51, 0000000000, 0000000000, 5.240975343502445e-05, 8.732066377099743e-05, 0.999476076017374 0.0005239239826259845, 
52, 0000000000, 0000000000, 4.763402846486592e-05, 7.935490504027951e-05, 0.9995238705697583 0.000476129430241677, 
53, 0000000000, 0000000000, 4.793197115991632e-05, 7.985603767084377e-05, 0.9995208637739749 0.00047913622602506267, 
54, 0000000000, 0000000000, 5.494751911350919e-05, 9.154869735869653e-05, 0.9994507078158479 0.0005492921841521791, 
55, 0000000000, 0000000000, 4.311404943090003e-05, 7.182415624558672e-05, 0.9995690550625264 0.0004309449374735204, 
56, 0000000000, 0000000000, 0.0007100191437191076, 0.0011833328949621537, 0.996232993391616 0.0004340158469950477 0.0033329907613889372, 
57, 0000000000, 0000000000, 4.8686066754904706e-05, 8.1115143369731e-05, 0.9995133091397815 0.0004866908602183862, 
58, 0000000000, 0000000000, 5.615660935312487e-05, 9.356341196964005e-05, 0.9994386195281822 0.0005613804718178403, 
59, 0000000000, 0000000000, 4.987975406883834e-05, 8.310210561883367e-05, 0.9995013873662869 0.0004986126337130022, 
60, 0000000000, 0000000000, 4.9188694232153654e-05, 8.19511098593605e-05, 0.9995082933408439 0.000491706659156163, 
61, 0000000000, 0000000000, 4.802978279072317e-05, 8.002093259023271e-05, 0.9995198744044587 0.00048012559554139634, 
62, 0000000000, 0000000000, 4.778747280009428e-05, 7.961674607682499e-05, 0.999522299523539 0.00047770047646094997, 
63, 0000000000, 0000000000, 4.620624482603575e-05, 7.69795350691472e-05, 0.9995391784276698 0.00045976593424549233 1.0556380846954526e-06, 
64, 0000000000, 0000000000, 4.8554686784020844e-05, 8.089409692877016e-05, 0.9995146354184274 0.00048536458157262096, 
65, 0000000000, 0000000000, 4.7239473337390814e-05, 7.869612267592101e-05, 0.9995278232639444 0.00047217673605552603, 
66, 0000000000, 0000000000, 4.862300244609635e-05, 8.100707319054154e-05, 0.9995139575608568 0.0004860424391432493, 
67, 0000000000, 0000000000, 5.066941587150246e-05, 8.441791028203084e-05, 0.9994934925383078 0.0005065074616921851, 
68, 0000000000, 0000000000, 4.26881987067763e-05, 7.111704107952738e-05, 0.9995732977535228 0.00042670224647716436, 
69, 0000000000, 0000000000, 4.379580454222436e-05, 7.296312897204767e-05, 0.9995622212261678 0.00043777877383228606, 
70, 0000000000, 0000000000, 4.0384578710639805e-05, 6.727661058819727e-05, 0.9995963403364708 0.0004036596635291836, 
71, 0000000000, 0000000000, 4.3369509925433826e-05, 7.225136167787516e-05, 0.9995664918299327 0.000433508170067251, 
72, 0000000000, 0000000000, 0.00012293122652683774, 0.0002048539738354136, 0.9991173233388333 0.0005362294793210153 0.0003464471818457331, 
73, 0000000000, 0000000000, 4.441439040262409e-05, 7.399463035967557e-05, 0.999556032217842 0.0004439677821580535, 
74, 0000000000, 0000000000, 4.940190560958736e-05, 8.230600685512627e-05, 0.9995061639588692 0.0004938360411307576, 
75, 0000000000, 0000000000, 4.563381603573289e-05, 7.540707204567858e-05, 0.999547557567726 0.0004524424322740715, 
76, 0000000000, 0000000000, 0.0006833972675616824, 0.0011389699522372724, 0.9963466703547299 0.00047283957711655644 0.00318049006815354, 
77, 0000000000, 0000000000, 4.712717290426249e-05, 7.851605035549501e-05, 0.9995289036978671 0.0004710963021329701, 
78, 0000000000, 0000000000, 4.62672666906606e-05, 7.708068632158424e-05, 0.9995375158820705 0.00046248411792950545, 
79, 0000000000, 0000000000, 4.629082285620715e-05, 7.71224709992081e-05, 0.9995372651740048 0.00046273482599524867, 
80, 0000000000, 0000000000, 4.538350327157174e-05, 7.560304127588404e-05, 0.9995463817523447 0.00045361824765530434, 
81, 0000000000, 0000000000, 4.784844994669575e-05, 7.971696437204882e-05, 0.9995216982137678 0.0004783017862322929, 
82, 0000000000, 0000000000, 4.905250437371446e-05, 8.172421386433423e-05, 0.999509654716814 0.0004903452831860055, 
83, 0000000000, 0000000000, 5.0591315136872446e-05, 8.428509301737571e-05, 0.9994942894418957 0.0005057105581042543, 
84, 0000000000, 0000000000, 4.6064732192387095e-05, 7.674496573368818e-05, 0.9995395302055978 0.0004604697944021291, 
85, 0000000000, 0000000000, 5.019947785436573e-05, 8.363276556580933e-05, 0.9994982034066051 0.0005017965933948559, 
86, 0000000000, 0000000000, 4.948886071155761e-05, 8.244224469439686e-05, 0.9995053465318335 0.0004946534681663812, 
87, 0000000000, 0000000000, 3.7606964072322555e-05, 6.264862446485056e-05, 0.9996241082532109 0.0003758917467891034, 
88, 0000000000, 0000000000, 3.8914216431003904e-05, 6.482978640127629e-05, 0.9996110212815924 0.00038897871840765785, 
89, 0000000000, 0000000000, 5.635899593130632e-05, 9.389565392729677e-05, 0.9994366260764361 0.0005633739235637806, 
90, 0000000000, 0000000000, 5.072241297478706e-05, 8.450527698638669e-05, 0.9994929683380818 0.0005070316619183202, 
91, 0000000000, 0000000000, 5.285130277107097e-05, 8.805445150463309e-05, 0.9994716732909723 0.0005283267090277986, 
92, 0000000000, 0000000000, 4.029652045001391e-05, 6.712728152075042e-05, 0.9995972363108755 0.00040276368912450257, 
93, 0000000000, 0000000000, 5.0522583283712855e-05, 8.417357342438214e-05, 0.9994949585594537 0.0005050414405462929, 
94, 0000000000, 0000000000, 5.1505680207331266e-05, 8.58143341091863e-05, 0.9994857314635237 0.0005136510682976083 6.174681787547611e-07, 
95, 0000000000, 0000000000, 4.909179026492937e-05, 8.178176963584969e-05, 0.999509309382185 0.0004906906178150981, 
96, 0000000000, 0000000000, 4.490717366845068e-05, 7.481137823797864e-05, 0.9995511317305721 0.0004488682694278719, 
97, 0000000000, 0000000000, 4.0197933588050564e-05, 6.696923601187836e-05, 0.9995981845839288 0.00040181541607127035, 
98, 0000000000, 0000000000, 4.14318208217192e-05, 6.902574592094166e-05, 0.9995858455244745 0.0004141544755256499, 
99, 0000000000, 0000000000, 4.925790852662378e-05, 8.207116163131533e-05, 0.9995075730302122 0.0004924269697878919, 
100, 0000000000, 0000000000, 4.6053609591766315e-05, 7.672451994921761e-05, 0.9995396528803048 0.0004603471196953057, 
run, initial grid state, final grid state, mean grid cell occupancy, mean binding site occupancy, fraction of time with N TFs bound, warning
1, 0000000000, 0000000000, 5.658806798994757e-05, 9.42825448759027e-05, 0.9994343047307446 0.0005656952692554162, 
2, 0000000000, 0000000000, 4.775486901103031e-05, 7.95529954954176e-05, 0.9995226820270275 0.0004773179729725056, 
3, 0000000000, 0000000000, 5.383855829426048e-05, 8.970152821738924e-05, 0.9994617908306956 0.0005382091693043353, 
4, 0000000000, 0000000000, 4.947052109115881e-05, 8.242179554994195e-05, 0.9995054692267004 0.0004945307732996517, 
5, 0000000000, 0000000000, 4.631265652597192e-05, 7.715483972390953e-05, 0.9995370709616566 0.0004629290383434572, 
6, 0000000000, 0000000000, 3.854530087556122e-05, 6.42140943077372e-05, 0.9996147154341536 0.00038528456584642327, 
7, 0000000000, 0000000000, 4.5787737871908004e-05, 7.627876493646679e-05, 0.9995606768754285 0.00042097365952421817 1.8349465047291346e-05, 
8, 0000000000, 0000000000, 4.638211802240153e-05, 7.727111347526441e-05, 0.9995363733191485 0.0004636266808515864, 
9, 0000000000, 0000000000, 5.292244998067056e-05, 8.817543463329901e-05, 0.9994709473922003 0.0005290526077997941, 
10, 0000000000, 0000000000, 4.9460542221088915e-05, 8.240019899657922e-05, 0.9995055988060205 0.0004944011939794753, 
11, 0000000000, 0000000000, 4.3951984366313376e-05, 7.322548242033354e-05, 0.999560647105478 0.0004393528945220013, 
12, 0000000000, 0000000000, 4.1848339890360563e-05, 6.971700788756064e-05, 0.9995816979526746 0.0004183020473253638, 
13, 0000000000, 0000000000, 4.5187107138527386e-05, 7.528340962333116e-05, 0.9995482995422601 0.00045170045773998695, 
14, 0000000000, 0000000000, 4.405949272264611e-05, 7.340003997047032e-05, 0.9995602996628355 0.0004390004345060104 6.99902658405758e-07, 
15, 0000000000, 0000000000, 4.8057359098623644e-05, 8.006452966071e-05, 0.9995196128220357 0.00048038717796425995, 
16, 0000000000, 0000000000, 5.2629198215377604e-05, 8.768119286941044e-05, 0.9994739128427834 0.0005260871572164628, 
17, 0000000000, 0000000000, 4.340029769135062e-05, 7.230318147539588e-05, 0.9995661809111476 0.00043381908885237533, 
18, 0000000000, 0000000000, 4.339659632495902e-05, 7.230041146584185e-05, 0.999566197531205 0.00043380246879505123, 
19, 0000000000, 0000000000, 4.269816543394838e-05, 7.113550387491532e-05, 0.9995731869767506 0.0004268130232494919, 
20, 0000000000, 0000000000, 5.208350152359051e-05, 8.677709214684892e-05, 0.9994793374471189 0.0005206625528810935, 
21, 0000000000, 0000000000, 4.811326864479196e-05, 8.015429691730066e-05, 0.9995190742184963 0.000480925781503804, 
22, 0000000000, 0000000000, 5.063413855523095e-05, 8.435211336904952e-05, 0.9994938873197857 0.0005061126802142973, 
23, 0000000000, 0000000000, 4.3637508129149525e-05, 7.270048892149147e-05, 0.9995637970664711 0.0004362029335289489, 
24, 0000000000, 0000000000, 3.862868793052763e-05, 6.434681666868471e-05, 0.9996139190999879 0.0003860809000121083, 
25, 0000000000, 0000000000, 4.452476076217705e-05, 7.417794870199243e-05, 0.9995563540462248 0.00044222421533837513 1.4217384367897396e-06, 
26, 0000000000, 0000000000, 0.0006513686690519451, 0.001085581422789885, 0.9968740307028168 0.00039346022899453567 0.0020774988968212263 0.0006550101713674408, 
27, 0000000000, 0000000000, 4.961051167112437e-05, 8.26522429155851e-05, 0.9995040865425066 0.0004959134574935106, 
28, 0000000000, 0000000000, 5.3508127824022475e-05, 8.914953901715427e-05, 0.999465102765897 0.0005348972341029256, 
29, 0000000000, 0000000000, 4.796491054616292e-05, 7.99123510344574e-05, 0.9995205258937933 0.0004794741062067445, 
30, 0000000000, 0000000000, 4.6685965147010494e-05, 7.777250768855951e-05, 0.9995333649538686 0.00046663504613135716, 
31, 0000000000, 0000000000, 4.548807002613928e-05, 7.578346968621022e-05, 0.9995452991818826 0.0004547008181172613, 
32, 0000000000, 0000000000, 5.137085491902457e-05, 8.558124387373209e-05, 0.9994865125367576 0.0005134874632423924, 
33, 0000000000, 0000000000, 4.103418756505395e-05, 6.835480996304457e-05, 0.9995898711402217 0.0004101288597782674, 
34, 0000000000, 0000000000, 4.7165199389035054e-05, 7.857303120961723e-05, 0.9995285618127423 0.00047143818725770334, 
35, 0000000000, 0000000000, 0.0006868650675187518, 0.0011447428306419307, 0.996321218122023 0.0004918301919858723 0.003184228266107468 2.723419883591788e-06, 
36, 0000000000, 0000000000, 4.735009926410916e-05, 7.888779866808407e-05, 0.9995266732079916 0.00047332679200850445, 
37, 0000000000, 0000000000, 4.5338323470635895e-05, 7.552974134324743e-05, 0.9995468215519404 0.0004531784480594845, 
38, 0000000000, 0000000000, 4.243917393261327e-05, 7.069879761617763e-05, 0.999575807214303 0.0004241927856970658, 
39, 0000000000, 0000000000, 4.971501732890186e-05, 8.282459946212347e-05, 0.9995030524032271 0.0004969475967727409, 
40, 0000000000, 0000000000, 0.0006748806502122507, 0.001124771465625142, 0.9964227007245702 0.00040596975710871025 0.003171329518321071, 
41, 0000000000, 0000000000, 4.425199538310311e-05, 7.193182545915067e-05, 0.9995684090472451 0.0004315909527549041, 
42, 0000000000, 0000000000, 4.440838257189655e-05, 7.397630233460323e-05, 0.9995561421859924 0.00044385781400761937, 
43, 0000000000, 0000000000, 4.299295480226797e-05, 7.162135477843e-05, 0.9995702718713294 0.00042972812867058004, 
44, 0000000000, 0000000000, 4.810948064861098e-05, 8.014848218567476e-05, 0.9995191091068859 0.0004808908931140486, 
45, 0000000000, 0000000000, 4.690826038581003e-05, 7.814706758894133e-05, 0.9995311175944663 0.000468882405533648, 
46, 0000000000, 0000000000, 4.405889522119451e-05, 7.339961145257104e-05, 0.9995596023312846 0.0004403976687154262, 
47, 0000000000, 0000000000, 3.830972096603537e-05, 6.381876892646654e-05, 0.9996170873864413 0.0003829126135587993, 
48, 0000000000, 0000000000, 9.437059105330224e-05, 0.00015725589521375864, 0.9992904408907142 0.00047558284728901456 0.00023397626199676873, 
49, 0000000000, 0000000000, 4.924931480593178e-05, 8.205084424066883e-05, 0.9995076949345559 0.000492305065444013, 
50, 0000000000, 0000000000, 4.9692723290120605e-05, 8.278690799417971e-05, 0.9995032785520349 0.0004967214479650782, 
51, 0000000000, 0000000000, 4.6283709492236104e-05, 7.710797793153391e-05, 0.9995373521324108 0.0004626478675892035, 
52, 0000000000, 0000000000, 4.5859784221372475e-05, 7.640238136275544e-05, 0.9995415857118234 0.0004584142881765327, 
53, 0000000000, 0000000000, 4.0922228406883195e-05, 6.817711121150616e-05, 0.999590937332731 0.00040906266726903703, 
54, 0000000000, 0000000000, 5.056936693215195e-05, 8.425257464955962e-05, 0.9994944845521027 0.0005055154478973578, 
55, 0000000000, 0000000000, 4.852371827153621e-05, 8.084065334466861e-05, 0.9995158131544759 0.0004833297709800604 8.570745439756483e-07, 
56, 0000000000, 0000000000, 4.4876003738841236e-05, 7.475815775200848e-05, 0.9995514510534879 0.000448548946512051, 
57, 0000000000, 0000000000, 4.443050991083299e-05, 7.402435857281998e-05, 0.9995558538485632 0.00044414615143691983, 
58, 0000000000, 0000000000, 4.014170660372313e-05, 6.687347146847905e-05, 0.9995987591711892 0.00040124082881087434, 
59, 0000000000, 0000000000, 4.257304074614459e-05, 7.092401283890834e-05, 0.9995744559229666 0.0004255440770334502, 
60, 0000000000, 0000000000, 5.3059784816097745e-05, 8.840095271161834e-05, 0.9994695942837303 0.0005304057162697101, 
61, 0000000000, 0000000000, 5.50137060081843e-05, 9.165346238672059e-05, 0.9994500792256797 0.0005499207743203235, 
62, 0000000000, 0000000000, 4.1911283663582856e-05, 6.981939001298819e-05, 0.999581083659922 0.00041891634007792917, 
63, 0000000000, 0000000000, 4.755220873232133e-05, 7.922109796301837e-05, 0.9995246734122218 0.00047532658777811035, 
64, 0000000000, 0000000000, 5.5397839320311696e-05, 9.22965679223238e-05, 0.9994462205924661 0.0005537794075339429, 
65, 0000000000, 0000000000, 4.661953322861928e-05, 7.766876193298437e-05, 0.9995339874284022 0.0004660125715979063, 
66, 0000000000, 0000000000, 5.676236593130364e-05, 9.456963776305472e-05, 0.9994325821734216 0.0005674178265783283, 
67, 0000000000, 0000000000, 4.791258885736104e-05, 7.982200811974593e-05, 0.9995210679512815 0.00047893204871847565, 
68, 0000000000, 0000000000, 4.297168366989945e-05, 7.158827367873933e-05, 0.9995704703579276 0.00042952964207243607, 
69, 0000000000, 0000000000, 4.6877082170252846e-05, 7.809713532384514e-05, 0.9995314171880568 0.0004685828119430708, 
70, 0000000000, 0000000000, 5.072834946780641e-05, 8.451319691713605e-05, 0.9994929208184973 0.0005070791815028163, 
71, 0000000000, 0000000000, 4.09463964296874e-05, 6.821611572214016e-05, 0.9995907033056672 0.000409296694332841, 
72, 0000000000, 0000000000, 4.8768608185673845e-05, 8.12454715688034e-05, 0.9995125271705871 0.0004874728294128204, 
73, 0000000000, 0000000000, 3.956029523713887e-05, 6.590009774913834e-05, 0.9996045994135052 0.00039540058649483, 
74, 0000000000, 0000000000, 5.0304385968933726e-05, 8.381265055590508e-05, 0.9994971240966646 0.0005028759033354305, 
75, 0000000000, 0000000000, 4.787155882490143e-05, 7.975745419157372e-05, 0.9995214552748506 0.00047854472514944236, 
76, 0000000000, 0000000000, 4.716539139769913e-05, 7.857721282492996e-05, 0.9995285367230505 0.00047146327694957984, 
77, 0000000000, 0000000000, 5.134994016046546e-05, 8.554585587115942e-05, 0.9994867248647731 0.0005132751352269566, 
78, 0000000000, 0000000000, 4.854291895750462e-05, 8.087408271523754e-05, 0.9995147555037085 0.0004852444962914252, 
79, 0000000000, 0000000000, 4.97307268500467e-05, 8.28498586358197e-05, 0.9995029008481852 0.0004970991518149183, 
80, 0000000000, 0000000000, 4.997639544364785e-05, 8.326029408695941e-05, 0.9995004382354783 0.0004995617645217565, 
81, 0000000000, 0000000000, 4.3509403948559125e-05, 7.248483584431198e-05, 0.9995650909849342 0.0004349090150658719, 
82, 0000000000, 0000000000, 4.204699142531883e-05, 7.004434984568886e-05, 0.9995797339009259 0.0004202660990741332, 
83, 0000000000, 0000000000, 0.000441808383908169, 0.0007363180339744059, 0.9975528465537922 0.0004763986885693456 0.001970754757638545, 
84, 0000000000, 0000000000, 4.573007354429821e-05, 7.618190754599632e-05, 0.999542908554724 0.0004570914452759779, 
85, 0000000000, 0000000000, 4.435803386230811e-05, 7.389677035710714e-05, 0.9995566193778573 0.00044338062214264285, 
86, 0000000000, 0000000000, 4.7556819049502676e-05, 7.923293527261412e-05, 0.9995246023883643 0.0004753976116356847, 
87, 0000000000, 0000000000, 4.3475646679835325e-05, 7.242922949684806e-05, 0.999565424623019 0.0004345753769810884, 
88, 0000000000, 0000000000, 5.016356650165828e-05, 8.357190724160797e-05, 0.9994985685565505 0.0005014314434496478, 
89, 0000000000, 0000000000, 4.5964895720800736e-05, 7.658087156666056e-05, 0.9995408140487236 0.00045888667315275184 2.9927812360581897e-07, 
90, 0000000000, 0000000000, 4.758470793571643e-05, 7.927875306106046e-05, 0.9995243274816336 0.00047567251836636276, 
91, 0000000000, 0000000000, 4.699554058661872e-05, 7.829673466960783e-05, 0.9995302195919824 0.00046978040801764706, 
92, 0000000000, 0000000000, 5.036992596876865e-05, 8.392327891581558e-05, 0.9994964603265052 0.0005035396734948934, 
93, 0000000000, 0000000000, 5.321364390315674e-05, 8.865773753805866e-05, 0.9994680535747716 0.0005319464252283521, 
94, 0000000000, 0000000000, 4.821268720045787e-05, 8.03226147681091e-05, 0.9995180643113913 0.0004819356886086546, 
95, 0000000000, 0000000000, 4.5112843232328266e-05, 7.515659273475133e-05, 0.9995490604435915 0.00045093955640850805, 
96, 0000000000, 0000000000, 4.4289261599962635e-05, 7.378565445459166e-05, 0.9995572860732724 0.00044271392672754997, 
97, 0000000000, 0000000000, 4.560181383655677e-05, 7.596986478865523e-05, 0.9995441808112681 0.0004558191887319314, 
98, 0000000000, 0000000000, 4.900588398974151e-05, 8.164089673072383e-05, 0.9995101546196157 0.000489845380384343, 
99, 0000000000, 0000000000, 4.865989805046518e-05, 8.107043497184903e-05, 0.999513577390169 0.00048642260983109423, 
100, 0000000000, 0000000000, 5.378212883681919e-05, 8.960588672961728e-05, 0.9994623646796224 0.0005376353203777037, 
run, initial grid state, final grid state, mean grid cell occupancy, mean binding site occupancy, fraction of time with N TFs bound, warning
1, 0000000000, 0000000000, 0.0003646788970011358, 0.0006077672534865595, 0.997943620496698 0.00046615548568474725 0.0015902240176173049, 
2, 0000000000, 0000000000, 4.40957595068382e-05, 7.345768049758063e-05, 0.9995592539170146 0.0004407460829854838, 
3, 0000000000, 0000000000, 4.620880545578461e-05, 7.698241722537395e-05, 0.9995381054966478 0.00046189450335224375, 
4, 0000000000, 0000000000, 4.5367741921384634e-05, 7.557854455031128e-05, 0.9995465287326982 0.0004534712673018677, 
5, 0000000000, 0000000000, 5.026232857681939e-05, 8.373541281704457e-05, 0.9994975875230978 0.0005024124769022674, 
6, 0000000000, 0000000000, 5.206638473783841e-05, 8.674826413571538e-05, 0.9994795104151858 0.0005204895848142923, 
7, 0000000000, 0000000000, 0.00099431086793795, 0.0016571547923858135, 0.9947846254168277 0.0004878204120297268 0.004727554171142578, 
8, 0000000000, 0000000000, 4.653421538212336e-05, 7.752946098798278e-05, 0.9995348232340721 0.0004651767659278967, 
9, 0000000000, 0000000000, 4.8823207261487944e-05, 8.133941949124436e-05, 0.9995119634830526 0.0004880365169474662, 
10, 0000000000, 0000000000, 4.6883530385394754e-05, 7.810508313355493e-05, 0.9995324534750303 0.00046646255113806217 1.0839738316337267e-06, 
11, 0000000000, 0000000000, 0.000494626330097972, 0.0008243477232170982, 0.9972987436645319 0.0004564263316336859 0.0022448300038344516, 
12, 0000000000, 0000000000, 4.004646389230975e-05, 6.67131484562483e-05, 0.9995997211092624 0.0004002788907374898, 
13, 0000000000, 0000000000, 5.044245346955763e-05, 8.404073605934363e-05, 0.9994957555836439 0.0005042444163560619, 
14, 0000000000, 0000000000, 5.317304034772941e-05, 8.858355778460521e-05, 0.9994684986532923 0.0005315013467076313, 
15, 0000000000, 0000000000, 5.105281828036505e-05, 8.505848704713691e-05, 0.9994896490777172 0.0005103509222828215, 
16, 0000000000, 0000000000, 4.806350981512257e-05, 8.007761175165218e-05, 0.9995195343294901 0.00048046567050991307, 
17, 0000000000, 0000000000, 4.436994594523448e-05, 7.391847384052706e-05, 0.9995564891569568 0.0004435108430431623, 
18, 0000000000, 0000000000, 4.8819790204351004e-05, 8.133669633777034e-05, 0.9995119798219734 0.0004880201780266221, 
19, 0000000000, 0000000000, 5.0457436198012194e-05, 8.406336823639916e-05, 0.9994956197905817 0.0005043802094183951, 
20, 0000000000, 0000000000, 4.1077188003254254e-05, 6.842656106598231e-05, 0.9995894406336041 0.00041055936639589383, 
21, 0000000000, 0000000000, 3.820054912370068e-05, 6.363338819254063e-05, 0.9996181996708449 0.0003818003291552438, 
22, 0000000000, 0000000000, 4.777916713244285e-05, 7.960071868821126e-05, 0.9995223956878707 0.00047760431212926765, 
23, 0000000000, 0000000000, 3.873366398652629e-05, 6.452351734954514e-05, 0.9996128588959028 0.0003871411040972708, 
24, 0000000000, 0000000000, 4.865899037690873e-05, 8.107217855159813e-05, 0.9995137158357177 0.00048613525725509966 1.4890702724456786e-07, 
25, 0000000000, 0000000000, 4.585440055955665e-05, 7.638825118312855e-05, 0.9995416704929012 0.00045832950709877134, 
26, 0000000000, 0000000000, 4.799158216675087e-05, 7.995689559456389e-05, 0.9995202586264327 0.00047974137356738335, 
27, 0000000000, 0000000000, 5.207915869554353e-05, 8.67661786974421e-05, 0.9994794029278153 0.0005205970721846526, 
28, 0000000000, 0000000000, 4.640298361638907e-05, 7.73056040783386e-05, 0.99953616637553 0.00046383362447003165, 
29, 0000000000, 0000000000, 4.375578276834894e-05, 7.289194188491352e-05, 0.9995626483486906 0.0004373516513094811, 
30, 0000000000, 0000000000, 4.6301937148493494e-05, 7.713713241906541e-05, 0.9995371772054856 0.0004628227945143924, 
31, 0000000000, 0000000000, 5.1546479030272444e-05, 8.58817422903142e-05, 0.9994847095462581 0.0005152904537418853, 
32, 0000000000, 0000000000, 4.815841419292509e-05, 8.02361141324901e-05, 0.999518583315205 0.00048141668479494056, 
33, 0000000000, 0000000000, 5.543293910740047e-05, 9.236083945241889e-05, 0.9994458349632854 0.0005541650367145133, 
34, 0000000000, 0000000000, 5.141960864533492e-05, 8.566766747235171e-05, 0.9994859939951659 0.0005140060048341103, 
35, 0000000000, 0000000000, 4.720246654245718e-05, 7.863789736236932e-05, 0.9995281726158258 0.00047182738417421595, 
36, 0000000000, 0000000000, 4.5036852823119734e-05, 7.489172332982014e-05, 0.9995506496600212 0.0004493503399789209, 
37, 0000000000, 0000000000, 5.0771238395811717e-05, 8.458324195938715e-05, 0.9994925005482437 0.000507499451756323, 
38, 0000000000, 0000000000, 4.166564113191673e-05, 6.941276005891924e-05, 0.9995835234396464 0.0004164765603535154, 
39, 0000000000, 0000000000, 4.684955333507669e-05, 7.804963274037354e-05, 0.9995317022035577 0.0004682977964422413, 
40, 0000000000, 0000000000, 5.556447042535418e-05, 9.257707772289438e-05, 0.9994445375336627 0.0005554624663373663, 
41, 0000000000, 0000000000, 4.2156408255968624e-05, 7.022759671768705e-05, 0.9995786344196939 0.0004213655803061223, 
42, 0000000000, 0000000000, 5.109815448629184e-05, 8.513280315323356e-05, 0.9994892031810807 0.0005107968189194014, 
43, 0000000000, 0000000000, 4.995889625857801e-05, 8.323444221070338e-05, 0.9995005933467358 0.0004994066532642203, 
44, 0000000000, 0000000000, 4.406730005748645e-05, 7.341592955448013e-05, 0.9995595044226732 0.0004404955773268808, 
45, 0000000000, 0000000000, 4.051762007843323e-05, 6.750054466230502e-05, 0.9995949967320261 0.0004050032679738301, 
46, 0000000000, 0000000000, 4.221021721296089e-05, 7.031431006527546e-05, 0.9995781141396083 0.0004218858603916527, 
47, 0000000000, 0000000000, 5.353408098030908e-05, 8.919298125742049e-05, 0.9994648421124555 0.000535157887544523, 
48, 0000000000, 0000000000, 5.0677905370505254e-05, 8.442645830703765e-05, 0.9994934412501578 0.0005065587498422259, 
49, 0000000000, 0000000000, 4.7878915457726516e-05, 7.976585554681241e-05, 0.9995224069251958 0.0004765910163275469 1.002058476663771e-06, 
50, 0000000000, 0000000000, 4.601655026203691e-05, 7.666200615127725e-05, 0.9995400279630924 0.0004599720369076635, 
51, 0000000000, 0000000000, 4.958859590305849e-05, 8.260788046243585e-05, 0.9995043527172255 0.0004956472827746151, 
52, 0000000000, 0000000000, 4.8533796104121235e-05, 8.086080776912587e-05, 0.9995148351533852 0.0004851648466147553, 
53, 0000000000, 0000000000, 4.379360830320932e-05, 7.296643107353398e-05, 0.9995622014135588 0.0004377985864412039, 
54, 0000000000, 0000000000, 4.5138370281648334e-05, 7.519497660922697e-05, 0.9995488301403447 0.00045116985965536194, 
55, 0000000000, 0000000000, 4.7389394642341805e-05, 7.895072360568405e-05, 0.9995262956583659 0.0004737043416341043, 
56, 0000000000, 0000000000, 4.8879494769150825e-05, 8.143642060812531e-05, 0.9995113814763513 0.000488618523648752, 
57, 0000000000, 0000000000, 4.693152878800107e-05, 7.818599398693197e-05, 0.9995308840360785 0.0004691159639215919, 
58, 0000000000, 0000000000, 4.8410229085701274e-05, 8.065231263251039e-05, 0.9995183415455 0.0004794030332049574 2.255421295052483e-06, 
59, 0000000000, 0000000000, 5.325785680072419e-05, 8.872419505862847e-05, 0.9994676548296483 0.0005323451703517708, 
60, 0000000000, 0000000000, 4.686557042700618e-05, 7.807713809379124e-05, 0.9995315371714373 0.00046846282856274744, 
61, 0000000000, 0000000000, 5.2891669428878554e-05, 8.812287964540532e-05, 0.9994712627221275 0.0005287372778724319, 
62, 0000000000, 0000000000, 5.67633495597207e-05, 9.457480709476928e-05, 0.9994325511574313 0.0005674488425686157, 
63, 0000000000, 0000000000, 0.001112380032774365, 0.0018539385361020227, 0.9948629116424047 0.0004184566899613459 0.0034507204762507615 0.001267911191383089, 
64, 0000000000, 0000000000, 4.0183384853910924e-05, 6.69439902349353e-05, 0.9995983360585904 0.00040166394140961174, 
65, 0000000000, 0000000000, 4.9851265621126495e-05, 8.305430399788396e-05, 0.9995016741760127 0.0004983258239873037, 
66, 0000000000, 0000000000, 4.601720697726363e-05, 7.666285886386843e-05, 0.9995400228468168 0.00045997715318321067, 
67, 0000000000, 0000000000, 4.520453516694903e-05, 7.531161855603426e-05, 0.9995481302886637 0.00045186971133620563, 
68, 0000000000, 0000000000, 5.2719437842221756e-05, 8.783438583703222e-05, 0.9994729936849777 0.0005270063150221933, 
69, 0000000000, 0000000000, 4.9743059207308464e-05, 8.287447129036411e-05, 0.9995027531722578 0.0004972468277421847, 
70, 0000000000, 0000000000, 4.3950816108025564e-05, 7.322045751371613e-05, 0.9995611980239794 0.00043828120695889344 5.207690617016383e-07, 
71, 0000000000, 0000000000, 5.194322317327761e-05, 8.654249239365417e-05, 0.999480745045638 0.000519254954361925, 
72, 0000000000, 0000000000, 5.4141026707904784e-05, 9.020198444253983e-05, 0.9994587880933448 0.0005412119066552389, 
73, 0000000000, 0000000000, 4.1858062532155626e-05, 6.972960363464027e-05, 0.9995816223781921 0.00041837762180784165, 
74, 0000000000, 0000000000, 4.9081403157741234e-05, 8.177225778397533e-05, 0.9995093664532961 0.0004906335467038521, 
75, 0000000000, 0000000000, 5.5240699786026814e-05, 9.203194956390907e-05, 0.9994478083026166 0.0005521916973834545, 
76, 0000000000, 0000000000, 4.7458236359387905e-05, 7.906790103442479e-05, 0.9995255925937934 0.0004744074062065487, 
77, 0000000000, 0000000000, 4.690408098844776e-05, 7.814356721491774e-05, 0.9995311385967105 0.00046886140328950644, 
78, 0000000000, 0000000000, 4.899166613336648e-05, 8.162536901938972e-05, 0.9995104589852737 0.0004893298153362081 2.111993900651023e-07, 
79, 0000000000, 0000000000, 5.1588900270983434e-05, 8.594371691865602e-05, 0.999484337698488 0.000515662301511936, 
80, 0000000000, 0000000000, 4.568489957262134e-05, 7.610950377685893e-05, 0.9995433429773388 0.00045665702266115357, 
81, 0000000000, 0000000000, 4.2098000310865655e-05, 7.01289285198827e-05, 0.9995792264288806 0.0004207735711192962, 
82, 0000000000, 0000000000, 4.484494101267138e-05, 7.470888165910844e-05, 0.9995523399219184 0.00044706686620864385 5.932118730034147e-07, 
83, 0000000000, 0000000000, 5.008145799933165e-05, 8.343782197562252e-05, 0.9995013779201836 0.0004966172277793297 2.004852037202744e-06, 
84, 0000000000, 0000000000, 4.003913596551617e-05, 6.669674438337573e-05, 0.9995998195336997 0.00040018046630025436, 
85, 0000000000, 0000000000, 3.991491886333048e-05, 6.649104996729198e-05, 0.9996010537001963 0.0003989462998037519, 
86, 0000000000, 0000000000, 3.9918687218056495e-05, 6.650480140914156e-05, 0.9996009711915451 0.0003990288084548494, 
87, 0000000000, 0000000000, 5.034538000910119e-05, 8.388016466410316e-05, 0.9994967190120153 0.000503280987984619, 
88, 0000000000, 0000000000, 4.526405081863462e-05, 7.54141580782869e-05, 0.9995475150515303 0.00045248494846972145, 
89, 0000000000, 0000000000, 4.486850069947687e-05, 7.475062540128973e-05, 0.9995514962475922 0.00044850375240773843, 
90, 0000000000, 0000000000, 4.783476641983206e-05, 7.969219019662167e-05, 0.9995218468588203 0.00047815314117973, 
91, 0000000000, 0000000000, 4.154597328351952e-05, 6.921089516646966e-05, 0.9995891737285244 0.0004063871719523652 4.439099523226419e-06, 
92, 0000000000, 0000000000, 4.059407120289769e-05, 6.763122328871905e-05, 0.9995942126602677 0.0004057873397323143, 
93, 0000000000, 0000000000, 4.970780783209054e-05, 8.280959957509655e-05, 0.9995031424025493 0.0004968575974505793, 
94, 0000000000, 0000000000, 4.923920391736179e-05, 8.203578968508137e-05, 0.9995083357155131 0.0004911138308630812 5.504536237035479e-07, 
95, 0000000000, 0000000000, 4.7479135429821956e-05, 7.910220806387157e-05, 0.9995253867516167 0.00047461324838322943, 
96, 0000000000, 0000000000, 4.362902449099456e-05, 7.26850300665027e-05, 0.999563889819601 0.0004361101803990162, 
97, 0000000000, 0000000000, 0.0011539768958886954, 0.0019232611658379698, 0.9949893467246769 0.00047913787540151465 0.002534117080138389 0.0019973983197831753, 
98, 0000000000, 0000000000, 0.0005975958230038992, 0.0009959677654148968, 0.9967889299694932 0.0004463334685243027 0.0027647365619825393, 
99, 0000000000, 0000000000, 4.322433312189929e-05, 7.201331782765656e-05, 0.9995679200930341 0.00043207990696593934, 
100, 0000000000, 0000000000, 4.4975944723304945e-05, 7.492545808310501e-05, 0.9995504472515014 0.0004495527484986301, 
run, initial grid state, final grid state, mean grid cell occupancy, mean binding site occupancy, fraction of time with N TFs bound, warning
1, 0000000000, 0000000000, 4.391260285474694e-05, 7.315060914635712e-05, 0.9995610963451219 0.0004389036548781428, 
2, 0000000000, 0000000000, 4.05414373225377e-05, 6.75383733855316e-05, 0.9995947697596868 0.0004052302403131896, 
3, 0000000000, 0000000000, 4.7832890326768384e-05, 7.9687877209264e-05, 0.9995218727367445 0.00047812726325558406, 
4, 0000000000, 0000000000, 4.781360428527463e-05, 7.965516279725393e-05, 0.9995220690232165 0.00047793097678352364, 
5, 0000000000, 0000000000, 5.3097304532281564e-05, 8.846139546337196e-05, 0.9994692316272199 0.0005307683727802317, 
6, 0000000000, 0000000000, 4.128518678103616e-05, 6.87734399837486e-05, 0.9995873593600975 0.0004126406399024916, 
7, 0000000000, 0000000000, 4.634018804701559e-05, 7.720055197734887e-05, 0.9995367966881359 0.00046320331186409323, 
8, 0000000000, 0000000000, 5.138095299862537e-05, 8.560093130684529e-05, 0.9994863944121589 0.0005136055878410717, 
9, 0000000000, 0000000000, 4.6077563915986674e-05, 7.67645005542192e-05, 0.9995394129966747 0.0004605870033253152, 
10, 0000000000, 0000000000, 4.683980039125148e-05, 7.803245878805124e-05, 0.9995318052472716 0.0004681947527283075, 
11, 0000000000, 0000000000, 4.581596225174993e-05, 7.633153551234023e-05, 0.999542010786926 0.0004579892130740414, 
12, 0000000000, 0000000000, 4.458568740111514e-05, 7.428230529390533e-05, 0.9995543061682366 0.000445693831763432, 
13, 0000000000, 0000000000, 4.6363343697701176e-05, 7.724363004746032e-05, 0.9995365382197152 0.00046346178028476196, 
14, 0000000000, 0000000000, 5.0847028188716806e-05, 8.47122997985325e-05, 0.9994917262012087 0.000508273798791195, 
15, 0000000000, 0000000000, 5.224595944733136e-05, 8.704763973125389e-05, 0.9994777141616125 0.0005222858383875233, 
16, 0000000000, 0000000000, 4.9546309341905406e-05, 8.253950624263171e-05, 0.9995047629625442 0.0004952370374557902, 
17, 0000000000, 0000000000, 4.824361053588926e-05, 8.037862291411815e-05, 0.9995177282625153 0.0004822717374847089, 
18, 0000000000, 0000000000, 5.1517677538884746e-05, 8.582918842421007e-05, 0.9994850248694547 0.0005149751305452603, 
19, 0000000000, 0000000000, 4.4038991144630955e-05, 7.336504949612778e-05, 0.9995598097030232 0.0004401902969767667, 
20, 0000000000, 0000000000, 4.719148861944693e-05, 7.861761883871266e-05, 0.9995282942869678 0.000471705713032276, 
21, 0000000000, 0000000000, 5.765963118459516e-05, 9.606770659700373e-05, 0.9994243264735272 0.0005749408133636263 7.327131091980706e-07, 
22, 0000000000, 0000000000, 4.6096915420523876e-05, 7.679773598234884e-05, 0.9995392135841058 0.000460786415894093, 
23, 0000000000, 0000000000, 4.723294343693625e-05, 7.868417152141264e-05, 0.9995278949708715 0.00047210502912847584, 
24, 0000000000, 0000000000, 4.995049246791336e-05, 8.321927441689234e-05, 0.9995006843534986 0.000499315646501354, 
25, 0000000000, 0000000000, 0.00016845224305632488, 0.0002807213716989252, 0.9989447895413216 0.0004260926871633915 0.0006291177715150798, 
26, 0000000000, 0000000000, 4.45514783851879e-05, 7.422096466266734e-05, 0.9995565564969684 0.00044156121808720794 1.8822849443980623e-06, 
27, 0000000000, 0000000000, 5.045896793457388e-05, 8.406180576483031e-05, 0.999495629165411 0.0005043708345889819, 
28, 0000000000, 0000000000, 5.041118113234943e-05, 8.398389923198004e-05, 0.9994960966046081 0.0005039033953918803, 
