run, initial grid state, final grid state, mean grid cell occupancy, mean binding site occupancy, fraction of time with N TFs bound, warning
1, 000000, 000000, 7.164756694587616e-06, 7.164756694587616e-06, 0.9999570114598325 4.2988540167525695e-05, 
2, 000000, 000000, 6.455109743031835e-06, 6.455109743031835e-06, 0.9999612693415418 3.873065845819101e-05, 
3, 000000, 000000, 6.7358009434160606e-06, 6.7358009434160606e-06, 0.9999595851943395 4.0414805660496375e-05, 
4, 000000, 000000, 6.851452220214939e-06, 6.851452220214939e-06, 0.9999588912866787 4.110871332128964e-05, 
5, 000000, 000000, 6.944122871907117e-06, 6.944122871907117e-06, 0.9999583352627686 4.16647372314427e-05, 
6, 000000, 000000, 6.340513996952748e-06, 6.340513996952748e-06, 0.9999619569160183 3.8043083981716494e-05, 
7, 000000, 000000, 7.282577406502927e-06, 7.282577406502927e-06, 0.999956304535561 4.369546443901756e-05, 
8, 000000, 000000, 6.508470440806432e-06, 6.508470440806432e-06, 0.9999609491773551 3.905082264483859e-05, 
9, 000000, 000000, 6.2450730778993095e-06, 6.2450730778993095e-06, 0.9999625295615325 3.747043846739586e-05, 
10, 000000, 000000, 6.615373716633008e-06, 6.615373716633008e-06, 0.9999603077577002 3.969224229979805e-05, 
11, 000000, 000000, 7.016167569504458e-06, 7.016167569504458e-06, 0.9999579029945829 4.209700541702675e-05, 
12, 000000, 000000, 6.212170883680763e-06, 6.212170883680763e-06, 0.9999627269746979 3.727302530208458e-05, 
13, 000000, 000000, 6.709472700237449e-06, 6.709472700237449e-06, 0.9999597431637985 4.0256836201424695e-05, 
14, 000000, 000000, 6.732119303938814e-06, 6.732119303938814e-06, 0.9999596072841763 4.039271582363289e-05, 
15, 000000, 000000, 6.740732619401689e-06, 6.740732619401689e-06, 0.9999595556042836 4.0444395716410135e-05, 
16, 000000, 000000, 7.141296710802022e-06, 7.141296710802022e-06, 0.9999571522197352 4.284778026481214e-05, 
17, 000000, 000000, 6.610623572971112e-06, 6.610623572971112e-06, 0.9999603483115166 3.963963552918304e-05 1.2052954321815852e-08, 
18, 000000, 000000, 6.56545317431021e-06, 6.56545317431021e-06, 0.9999606072809542 3.939271904586126e-05, 
19, 000000, 000000, 6.371176295716329e-06, 6.371176295716329e-06, 0.9999617729422257 3.822705777429798e-05, 
20, 000000, 011111, 0.1747429178294802, 0.1747429178294802, 0.7906696234178081 3.139759899145147e-05 0.0030363737624973337 0.010103672695088613 0.04437183864743221 0.07616757409119276 0.07561951978698946, 
21, 000000, 000000, 6.847807162142693e-06, 6.847807162142693e-06, 0.9999589131570271 4.108684297285616e-05, 
22, 000000, 000000, 6.653567077170239e-06, 6.653567077170239e-06, 0.9999600785975369 3.992140246302144e-05, 
23, 000000, 000000, 7.10801075075154e-06, 7.10801075075154e-06, 0.9999573519354954 4.264806450450924e-05, 
24, 000000, 000000, 7.15939366440491e-06, 7.15939366440491e-06, 0.9999570436380135 4.295636198642946e-05, 
25, 000000, 000000, 6.853229604181574e-06, 6.853229604181574e-06, 0.999958880622375 4.1119377625089446e-05, 
26, 000000, 000000, 6.800398472429932e-06, 6.800398472429932e-06, 0.9999591976091654 4.080239083457959e-05, 
27, 000000, 000000, 6.8939457190160755e-06, 6.8939457190160755e-06, 0.9999586363256859 4.136367431409645e-05, 
28, 000000, 000000, 6.834313355104393e-06, 6.834313355104393e-06, 0.9999589991170764 4.0995885716660134e-05 4.997206983112153e-09, 
29, 000000, 000000, 6.886358875310342e-06, 6.886358875310342e-06, 0.9999586818467482 4.131815325186205e-05, 
30, 000000, 000000, 6.813562337756968e-06, 6.813562337756968e-06, 0.9999591186259734 4.088137402654182e-05, 
31, 000000, 000000, 6.950099288183947e-06, 6.950099288183947e-06, 0.9999582994042708 4.1700595729103686e-05, 
32, 000000, 000000, 6.6244025165555146e-06, 6.6244025165555146e-06, 0.9999602535849007 3.9746415099333096e-05, 
33, 000000, 000000, 7.366369208678628e-06, 7.366369208678628e-06, 0.999955801784748 4.419821525207177e-05, 
34, 000000, 000000, 7.1877349221526955e-06, 7.1877349221526955e-06, 0.9999568735904669 4.312640953291617e-05, 
35, 000000, 000000, 6.761940748517199e-06, 6.761940748517199e-06, 0.9999594283555089 4.0571644491103194e-05, 
36, 000000, 000000, 6.682089545445161e-06, 6.682089545445161e-06, 0.9999599074627273 4.009253727267097e-05, 
37, 000000, 000000, 6.623897622715397e-06, 6.623897622715397e-06, 0.9999602566142637 3.9743385736292384e-05, 
38, 000000, 000000, 6.641370381829845e-06, 6.641370381829845e-06, 0.999960151777709 3.9848222290979076e-05, 
39, 000000, 000000, 6.609587948299234e-06, 6.609587948299234e-06, 0.9999603424723101 3.965752768979541e-05, 
40, 000000, 000000, 7.0836824113718545e-06, 7.0836824113718545e-06, 0.9999574979055317 4.250209446823113e-05, 
41, 000000, 000000, 6.690847289952373e-06, 6.690847289952373e-06, 0.9999598549162603 4.0145083739714235e-05, 
42, 000000, 000000, 6.8574752719965315e-06, 6.8574752719965315e-06, 0.999958855148368 4.114485163197919e-05, 
43, 000000, 000000, 6.650757450510877e-06, 6.650757450510877e-06, 0.999960095455297 3.990454470306526e-05, 
44, 000000, 000000, 6.944002400966949e-06, 6.944002400966949e-06, 0.9999583359855941 4.16640144058017e-05, 
45, 000000, 000000, 7.037712849161174e-06, 7.037712849161174e-06, 0.9999577737229051 4.222627709496705e-05, 
46, 000000, 000000, 7.033194905703688e-06, 7.033194905703688e-06, 0.9999578008305657 4.219916943422213e-05, 
47, 000000, 000000, 7.0643431512077905e-06, 7.0643431512077905e-06, 0.9999576139410927 4.2386058907246747e-05, 
48, 000000, 000000, 6.750404426985593e-06, 6.750404426985593e-06, 0.999959497573438 4.050242656191356e-05, 
49, 000000, 000000, 7.365495056035587e-06, 7.365495056035587e-06, 0.9999558070296638 4.4192970336213526e-05, 
50, 000000, 000000, 6.571955059457427e-06, 6.571955059457427e-06, 0.9999605682696432 3.943173035674456e-05, 
51, 000000, 000000, 6.8464994533032565e-06, 6.8464994533032565e-06, 0.9999589210032802 4.1078996719819535e-05, 
52, 000000, 000000, 6.796722976177457e-06, 6.796722976177457e-06, 0.999959219662143 4.078033785706474e-05, 
53, 000000, 000000, 7.190940740772467e-06, 7.190940740772467e-06, 0.9999568543555554 4.3145644444634804e-05, 
54, 000000, 000000, 7.178543804462652e-06, 7.178543804462652e-06, 0.9999569287371732 4.3071262826775915e-05, 
55, 000000, 000000, 6.713572014655602e-06, 6.713572014655602e-06, 0.9999597185679121 4.028143208793361e-05, 
56, 000000, 000000, 6.900945775434521e-06, 6.900945775434521e-06, 0.9999585943253474 4.140567465260713e-05, 
57, 000000, 000000, 6.5100427629918386e-06, 6.5100427629918386e-06, 0.999960939743422 3.906025657795103e-05, 
58, 000000, 000000, 6.515515433485672e-06, 6.515515433485672e-06, 0.9999609069073991 3.909309260091403e-05, 
59, 000000, 000000, 6.28550664087932e-06, 6.28550664087932e-06, 0.9999622869601548 3.771303984527592e-05, 
60, 000000, 000000, 7.061825536885334e-06, 7.061825536885334e-06, 0.9999576290467787 4.237095322131201e-05, 
61, 000000, 000000, 6.532857589318623e-06, 6.532857589318623e-06, 0.9999608028544642 3.9197145535911736e-05, 
62, 000000, 000000, 6.615728961992943e-06, 6.615728961992943e-06, 0.9999603056262281 3.969437377195766e-05, 
63, 000000, 000000, 6.8106464728851135e-06, 6.8106464728851135e-06, 0.9999591361211626 4.086387883731068e-05, 
64, 000000, 000000, 6.895176906565028e-06, 6.895176906565028e-06, 0.9999586289385606 4.137106143939017e-05, 
65, 000000, 000000, 6.801512461425338e-06, 6.801512461425338e-06, 0.9999591909252314 4.080907476855203e-05, 
66, 000000, 000000, 6.7434116854744075e-06, 6.7434116854744075e-06, 0.999959539529887 4.046047011284645e-05, 
67, 000000, 000000, 6.585021381623532e-06, 6.585021381623532e-06, 0.9999604898717103 3.9510128289741195e-05, 
68, 000000, 000000, 7.01792658471809e-06, 7.01792658471809e-06, 0.9999578924404917 4.210755950830854e-05, 
69, 000000, 000000, 6.532074609273038e-06, 6.532074609273038e-06, 0.9999608075523444 3.919244765563823e-05, 
70, 000000, 000000, 6.6748632680505335e-06, 6.6748632680505335e-06, 0.9999599508203917 4.004917960830321e-05, 
71, 000000, 000000, 6.663716603757281e-06, 6.663716603757281e-06, 0.9999600177003775 3.998229962254369e-05, 
72, 000000, 000000, 6.788404813562038e-06, 6.788404813562038e-06, 0.9999592695711187 4.0730428881372234e-05, 
73, 000000, 000000, 6.899919035013058e-06, 6.899919035013058e-06, 0.99995860048579 4.139951421007835e-05, 
74, 000000, 000000, 6.972129750026277e-06, 6.972129750026277e-06, 0.9999581672214999 4.183277850015766e-05, 
75, 000000, 000000, 6.323702145165667e-06, 6.323702145165667e-06, 0.999962057787129 3.7942212870994e-05, 
76, 000000, 000000, 6.73244388747486e-06, 6.73244388747486e-06, 0.999959605336675 4.039466332484916e-05, 
77, 000000, 000000, 6.367070218705061e-06, 6.367070218705061e-06, 0.9999617975786877 3.820242131223037e-05, 
78, 000000, 000000, 6.6174135868813245e-06, 6.6174135868813245e-06, 0.9999602955184786 3.970448152128795e-05, 
79, 000000, 000000, 6.4932669395263045e-06, 6.4932669395263045e-06, 0.9999610403983629 3.895960163715783e-05, 
80, 000000, 000000, 6.705353892072165e-06, 6.705353892072165e-06, 0.9999597678766476 4.0232123352432995e-05, 
81, 000000, 000000, 6.7112089207615796e-06, 6.7112089207615796e-06, 0.9999597327464754 4.026725352456948e-05, 
82, 000000, 000000, 6.671713008732129e-06, 6.671713008732129e-06, 0.9999599697219477 4.003027805239278e-05, 
83, 000000, 000000, 6.960643235539415e-06, 6.960643235539415e-06, 0.9999582361405868 4.176385941323649e-05, 
84, 000000, 000000, 6.527536299154568e-06, 6.527536299154568e-06, 0.9999608347822051 3.9165217794927406e-05, 
85, 000000, 000000, 6.811890435966529e-06, 6.811890435966529e-06, 0.9999591286573842 4.087134261579918e-05, 
86, 000000, 000000, 6.676286769981518e-06, 6.676286769981518e-06, 0.99995994227938 4.0057720619889105e-05, 
87, 000000, 000000, 7.299417494610542e-06, 7.299417494610542e-06, 0.9999562034950323 4.379650496766326e-05, 
88, 000000, 000000, 6.610685997455922e-06, 6.610685997455922e-06, 0.9999603358840153 3.966411598473554e-05, 
89, 000000, 000000, 7.055565174232968e-06, 7.055565174232968e-06, 0.9999576666089546 4.233339104539781e-05, 
90, 111111, 000000, 0.09751037878442335, 0.09751037878442335, 0.896612381489834 3.6611068016574495e-05 0.000476857216603245 0.000250224006288974 0.0021776166406151437 0.02806704884786318 0.07237926073077894, 
91, 000000, 000000, 6.805783221549153e-06, 6.805783221549153e-06, 0.9999591653006706 4.0834699329294915e-05, 
92, 000000, 000000, 6.980348622724459e-06, 6.980348622724459e-06, 0.9999581179082636 4.188209173634675e-05, 
93, 000000, 000000, 6.802192862724564e-06, 6.802192862724564e-06, 0.9999591868428236 4.081315717634739e-05, 
94, 000000, 000000, 0.05632900798180374, 0.05632900798180374, 0.9273879083192861 4.004405744811263e-05 0.007520736182814665 0.014058847891021001 0.005289707861564953 0.014659377778768879 0.031043377909096306, 
95, 000000, 000000, 6.392001912302876e-06, 6.392001912302876e-06, 0.9999616479885262 3.835201147381726e-05, 
96, 000000, 000000, 6.608457303085919e-06, 6.608457303085919e-06, 0.9999603492561815 3.965074381851551e-05, 
97, 000000, 000000, 6.703360434097074e-06, 6.703360434097074e-06, 0.9999597798373955 4.0220162604582445e-05, 
98, 000000, 000000, 6.8055220163885845e-06, 6.8055220163885845e-06, 0.9999591668679018 4.0833132098331514e-05, 
99, 000000, 000000, 6.538301195652959e-06, 6.538301195652959e-06, 0.999960770192826 3.922980717391776e-05, 
100, 000000, 000000, 6.707564300090473e-06, 6.707564300090473e-06, 0.9999597546141996 4.024538580054284e-05, 
run, initial grid state, final grid state, mean grid cell occupancy, mean binding site occupancy, fraction of time with N TFs bound, warning
1, 000000, 000000, 6.6754828935866e-06, 6.6754828935866e-06, 0.9999599471026386 4.005289736151961e-05, 
2, 000000, 000000, 6.790681424314056e-06, 6.790681424314056e-06, 0.9999592559114542 4.074408854588433e-05, 
3, 000000, 000000, 6.844721157869623e-06, 6.844721157869623e-06, 0.99995895287515 4.102592275265837e-05 2.120209727968488e-08, 
4, 000000, 000000, 7.0150170154181465e-06, 7.0150170154181465e-06, 0.9999579316209904 4.204665592667473e-05 2.1723082917077197e-08, 
5, 000000, 000000, 6.406922408857646e-06, 6.406922408857646e-06, 0.9999615584655469 3.844153445314588e-05, 
6, 000000, 000000, 6.6915022017652545e-06, 6.6915022017652545e-06, 0.9999598509867894 4.0149013210591534e-05, 
7, 000000, 000000, 6.614817649273548e-06, 6.614817649273548e-06, 0.9999603110941043 3.9688905895641294e-05, 
8, 000000, 000000, 7.189990866234946e-06, 7.189990866234946e-06, 0.9999568600548026 4.313994519740968e-05, 
9, 000000, 000000, 7.3479502562201e-06, 7.3479502562201e-06, 0.9999559122984626 4.4087701537320606e-05, 
10, 000000, 000000, 6.576739778002494e-06, 6.576739778002494e-06, 0.9999605395613319 3.946043866801496e-05, 
11, 000000, 000000, 7.101349762883294e-06, 7.101349762883294e-06, 0.9999573919014226 4.260809857729977e-05, 
12, 000000, 000000, 6.822756703044878e-06, 6.822756703044878e-06, 0.9999590634597818 4.093654021826927e-05, 
13, 000000, 000000, 7.046024745704405e-06, 7.046024745704405e-06, 0.9999577238515258 4.227614847422644e-05, 
14, 000000, 000000, 6.684795914296472e-06, 6.684795914296472e-06, 0.9999598912245143 4.010877548577883e-05, 
15, 000000, 000000, 6.547619964402493e-06, 6.547619964402493e-06, 0.9999607142802136 3.928571978641496e-05, 
16, 000000, 000000, 6.3609599498622686e-06, 6.3609599498622686e-06, 0.9999618342403007 3.816575969917361e-05, 
17, 000000, 000000, 6.434735676886666e-06, 6.434735676886666e-06, 0.9999613915859387 3.860841406132e-05, 
18, 000000, 000000, 7.040041453108461e-06, 7.040041453108461e-06, 0.9999577597512814 4.2240248718650766e-05, 
19, 000000, 000000, 6.441570374808094e-06, 6.441570374808094e-06, 0.9999613505777513 3.864942224884857e-05, 
20, 000000, 000000, 6.98546144227475e-06, 6.98546144227475e-06, 0.9999580872313464 4.1912768653648504e-05, 
21, 000000, 000000, 6.642739956169846e-06, 6.642739956169846e-06, 0.999960143560263 3.9856439737019075e-05, 
22, 000000, 000000, 7.308724715112687e-06, 7.308724715112687e-06, 0.9999561476517093 4.3852348290676125e-05, 
23, 000000, 000000, 6.809950800600927e-06, 6.809950800600927e-06, 0.9999591402951964 4.0859704803605557e-05, 
24, 000000, 000000, 6.280133398235756e-06, 6.280133398235756e-06, 0.9999623191996106 3.768080038941454e-05, 
25, 000000, 000000, 6.929740138024049e-06, 6.929740138024049e-06, 0.9999584215591718 4.15784408281443e-05, 
26, 000000, 000000, 6.763226564542079e-06, 6.763226564542079e-06, 0.9999594206406127 4.057935938725247e-05, 
27, 000000, 000000, 6.9132030929579374e-06, 6.9132030929579374e-06, 0.9999585207814422 4.147921855774763e-05, 
28, 000000, 000000, 7.000030486952893e-06, 7.000030486952893e-06, 0.9999579998170782 4.200018292171736e-05, 
29, 000000, 000000, 6.627460040888584e-06, 6.627460040888584e-06, 0.9999602352397547 3.9764760245331506e-05, 
30, 000000, 000000, 6.729993683694564e-06, 6.729993683694564e-06, 0.9999596200378977 4.037996210216738e-05, 
31, 000000, 000000, 6.743452123709406e-06, 6.743452123709406e-06, 0.9999595392872578 4.046071274225644e-05, 
32, 000000, 000000, 7.137167105311726e-06, 7.137167105311726e-06, 0.9999571769973682 4.282300263187036e-05, 
33, 000000, 000000, 6.74199367655078e-06, 6.74199367655078e-06, 0.9999595480379406 4.045196205930468e-05, 
34, 000000, 000000, 0.04379981173189986, 0.04379981173189986, 0.9425912726835863 4.006457211206403e-05 0.004249495147685337 0.008343559361626618 0.013187423374543168 0.013049665221815604 0.018538519638630974, 
35, 000000, 000000, 6.856379940446801e-06, 6.856379940446801e-06, 0.9999588617203573 4.113827964268081e-05, 
36, 000000, 000000, 6.997534342428782e-06, 6.997534342428782e-06, 0.9999580147939454 4.19852060545727e-05, 
37, 000000, 000000, 6.660059547171482e-06, 6.660059547171482e-06, 0.999960039642717 3.996035728302889e-05, 
38, 000000, 000000, 6.8215156020082385e-06, 6.8215156020082385e-06, 0.9999590709063879 4.0929093612049435e-05, 
39, 111100, 000000, 0.0301895853028258, 0.0301895853028258, 0.9539100877521042 4.259390492695428e-05 0.004679399318012613 0.010462793916391265 0.019981278131164657 0.005120456862231496 0.005803390115168793, 
40, 000000, 000000, 6.844433402495744e-06, 6.844433402495744e-06, 0.999958933399585 4.106660041497446e-05, 
41, 000000, 000000, 6.665031937823227e-06, 6.665031937823227e-06, 0.9999600098083731 3.999019162693936e-05, 
42, 000000, 000000, 6.365874178104918e-06, 6.365874178104918e-06, 0.9999618047549315 3.819524506862951e-05, 
43, 000000, 000000, 6.438056397892766e-06, 6.438056397892766e-06, 0.9999613716616127 3.86283383873566e-05, 
44, 000000, 000000, 6.583512220104845e-06, 6.583512220104845e-06, 0.9999604989266794 3.950107332062907e-05, 
45, 000000, 000000, 6.768235882382363e-06, 6.768235882382363e-06, 0.9999593905847057 4.0609415294294176e-05, 
46, 000000, 000000, 6.82131268012121e-06, 6.82131268012121e-06, 0.9999590721239193 4.092787608072727e-05, 
47, 000000, 000000, 6.759062262283626e-06, 6.759062262283626e-06, 0.9999594456264264 4.0554373573701756e-05, 
48, 000000, 000000, 6.512561076710441e-06, 6.512561076710441e-06, 0.9999609246335397 3.907536646026265e-05, 
49, 000000, 000000, 7.364375159187206e-06, 7.364375159187206e-06, 0.9999558137490449 4.418625095512324e-05, 
50, 000000, 000000, 6.867580065053017e-06, 6.867580065053017e-06, 0.9999587945196097 4.1205480390318104e-05, 
51, 000000, 000000, 6.800387512231059e-06, 6.800387512231059e-06, 0.9999591976749266 4.080232507338636e-05, 
52, 000000, 000000, 7.0880086751202e-06, 7.0880086751202e-06, 0.9999574719479493 4.2528052050721206e-05, 
53, 000000, 000000, 6.834212384192107e-06, 6.834212384192107e-06, 0.9999589947256949 4.1005274305152646e-05, 
54, 000000, 000000, 6.721791002555223e-06, 6.721791002555223e-06, 0.9999596692539847 4.0330746015331346e-05, 
55, 000000, 000000, 7.138977779922618e-06, 7.138977779922618e-06, 0.9999571661333205 4.283386667953571e-05, 
56, 000000, 000000, 7.093924104483401e-06, 7.093924104483401e-06, 0.999957436455373 4.2563544626900415e-05, 
57, 000000, 000000, 6.877654375157739e-06, 6.877654375157739e-06, 0.9999587340737491 4.126592625094644e-05, 
58, 000000, 000000, 6.95288066638057e-06, 6.95288066638057e-06, 0.9999582827160016 4.171728399828342e-05, 
59, 000000, 000000, 6.977119996491081e-06, 6.977119996491081e-06, 0.999958137280021 4.186271997894649e-05, 
60, 000000, 000000, 6.200755918585928e-06, 6.200755918585928e-06, 0.9999627954644884 3.720453551151556e-05, 
61, 000000, 000000, 7.182710995878303e-06, 7.182710995878303e-06, 0.9999569037340247 4.309626597526982e-05, 
62, 000000, 000000, 6.4209851079292e-06, 6.4209851079292e-06, 0.9999614740893524 3.85259106475752e-05, 
63, 000000, 000000, 6.71526086792934e-06, 6.71526086792934e-06, 0.9999597084347924 4.0291565207576045e-05, 
64, 000000, 000000, 6.762605586465852e-06, 6.762605586465852e-06, 0.9999594243664812 4.057563351879511e-05, 
65, 000000, 000000, 6.6757760280346305e-06, 6.6757760280346305e-06, 0.9999599453438317 4.005465616820779e-05, 
66, 000000, 000000, 6.76998355906667e-06, 6.76998355906667e-06, 0.9999593800986456 4.061990135440002e-05, 
67, 000000, 000000, 6.3611409267714695e-06, 6.3611409267714695e-06, 0.9999618331544393 3.816684556062882e-05, 
68, 000000, 000000, 6.8265835407761185e-06, 6.8265835407761185e-06, 0.9999590404987554 4.0959501244656714e-05, 
69, 000000, 000000, 6.906617677738586e-06, 6.906617677738586e-06, 0.9999585602939336 4.143970606643152e-05, 
70, 000000, 000000, 6.940720440639027e-06, 6.940720440639027e-06, 0.9999583556773561 4.164432264383416e-05, 
71, 000000, 000000, 6.977997166146117e-06, 6.977997166146117e-06, 0.9999581320170031 4.1867982996876705e-05, 
72, 000000, 000000, 6.723482563614221e-06, 6.723482563614221e-06, 0.9999596591046183 4.034089538168533e-05, 
73, 000000, 000000, 6.598131841631302e-06, 6.598131841631302e-06, 0.9999604112089502 3.9588791049787816e-05, 
74, 000000, 000000, 6.4041970081762716e-06, 6.4041970081762716e-06, 0.999961574817951 3.842518204905763e-05, 
75, 000000, 000000, 6.896904992213812e-06, 6.896904992213812e-06, 0.9999586185700468 4.138142995328287e-05, 
76, 000000, 000000, 6.817750201940959e-06, 6.817750201940959e-06, 0.9999590934987883 4.090650121164576e-05, 
77, 000000, 000000, 6.436571022246017e-06, 6.436571022246017e-06, 0.9999613805738666 3.8619426133476105e-05, 
78, 000000, 000000, 6.932303791217253e-06, 6.932303791217253e-06, 0.9999584061772527 4.159382274730352e-05, 
79, 000000, 000000, 6.888206003717652e-06, 6.888206003717652e-06, 0.9999586707639777 4.132923602230592e-05, 
80, 000000, 000000, 6.642576141100105e-06, 6.642576141100105e-06, 0.9999601445431534 3.985545684660064e-05, 
81, 000000, 000000, 6.750706570680117e-06, 6.750706570680117e-06, 0.999959495760576 4.050423942408071e-05, 
82, 000000, 000000, 6.840011998280024e-06, 6.840011998280024e-06, 0.9999589599280103 4.104007198968015e-05, 
83, 000000, 000000, 6.718724825188477e-06, 6.718724825188477e-06, 0.9999596876510489 4.031234895113086e-05, 
84, 000000, 000000, 6.808758427078819e-06, 6.808758427078819e-06, 0.9999591474494376 4.085255056247292e-05, 
85, 000000, 000000, 6.830446071108278e-06, 6.830446071108278e-06, 0.9999590173235733 4.0982676426649666e-05, 
86, 000000, 000000, 6.611735487681006e-06, 6.611735487681006e-06, 0.9999603295870739 3.967041292608604e-05, 
87, 000000, 000000, 6.8923537415512525e-06, 6.8923537415512525e-06, 0.9999586458775507 4.135412244930752e-05, 
88, 000000, 000000, 6.574287793753051e-06, 6.574287793753051e-06, 0.9999605542732375 3.94457267625183e-05, 
89, 000000, 000000, 7.336050598758386e-06, 7.336050598758386e-06, 0.9999559836964075 4.401630359255032e-05, 
90, 000000, 000000, 6.914908250309744e-06, 6.914908250309744e-06, 0.9999585105504981 4.148944950185847e-05, 
91, 000000, 000000, 6.1275791608755434e-06, 6.1275791608755434e-06, 0.9999632345250347 3.676547496525326e-05, 
92, 000000, 000000, 6.752158534335995e-06, 6.752158534335995e-06, 0.999959487048794 4.051295120601597e-05, 
93, 000000, 000000, 6.511570928595646e-06, 6.511570928595646e-06, 0.9999609305744285 3.906942557157388e-05, 
94, 000000, 000000, 6.877580967911348e-06, 6.877580967911348e-06, 0.9999587345141926 4.126548580746809e-05, 
95, 000000, 000000, 6.280837734376287e-06, 6.280837734376287e-06, 0.9999623149735937 3.768502640625772e-05, 
96, 000000, 000000, 6.409453421065153e-06, 6.409453421065153e-06, 0.9999615432794735 3.8456720526390924e-05, 
97, 000000, 000000, 6.650452674915458e-06, 6.650452674915458e-06, 0.9999600972839505 3.9902716049492756e-05, 
98, 000000, 000000, 6.595396647384197e-06, 6.595396647384197e-06, 0.9999604276201156 3.9572379884305185e-05, 
99, 000000, 000000, 6.9088702066420355e-06, 6.9088702066420355e-06, 0.9999585467787601 4.1453221239852215e-05, 
100, 000000, 000000, 6.643644048683935e-06, 6.643644048683935e-06, 0.9999601381357078 3.9861864292103615e-05, 
run, initial grid state, final grid state, mean grid cell occupancy, mean binding site occupancy, fraction of time with N TFs bound, warning
1, 000000, 000000, 6.81711042015458e-06, 6.81711042015458e-06, 0.9999590973374791 4.0902662520927485e-05, 
2, 000000, 000000, 6.829791802463217e-06, 6.829791802463217e-06, 0.9999590212491852 4.09787508147793e-05, 
3, 000000, 000000, 6.947465896719168e-06, 6.947465896719168e-06, 0.9999583152046196 4.168479538031501e-05, 
4, 000000, 000000, 6.819963591488166e-06, 6.819963591488166e-06, 0.999959080218451 4.0919781548928994e-05, 
5, 000000, 000000, 7.221197681541088e-06, 7.221197681541088e-06, 0.9999566728139107 4.332718608924653e-05, 
6, 000000, 000000, 7.018819246725178e-06, 7.018819246725178e-06, 0.9999578870845196 4.211291548035107e-05, 
7, 000000, 000000, 6.661173825613264e-06, 6.661173825613264e-06, 0.9999600329570463 3.9967042953679586e-05, 
8, 000000, 000000, 7.0168949323578514e-06, 7.0168949323578514e-06, 0.999957898630406 4.210136959414711e-05, 
9, 000000, 000000, 6.744996761757535e-06, 6.744996761757535e-06, 0.9999595300194294 4.0469980570545214e-05, 
10, 000000, 000000, 6.782184699694422e-06, 6.782184699694422e-06, 0.9999593068918018 4.069310819816653e-05, 
11, 000000, 000000, 7.10240951285703e-06, 7.10240951285703e-06, 0.9999573855429228 4.2614457077142176e-05, 
12, 000000, 000000, 6.35109463746227e-06, 6.35109463746227e-06, 0.9999619035365872 3.808635900083729e-05 1.010441196816308e-08, 
13, 000000, 000000, 6.801667446855041e-06, 6.801667446855041e-06, 0.999959189995319 4.081000468113026e-05, 
14, 000000, 000000, 6.67739531894486e-06, 6.67739531894486e-06, 0.9999599356280864 4.006437191366916e-05, 
15, 000000, 000000, 0.0006820390560169284, 0.0006820390560169284, 0.9979335960215004 4.0625347134969605e-05 0.0020257269051272525 5.172623736517769e-08, 
16, 000000, 000000, 6.701638890665933e-06, 6.701638890665933e-06, 0.999959790166656 4.02098333439956e-05, 
17, 000000, 000000, 7.013823096974315e-06, 7.013823096974315e-06, 0.9999579170614181 4.20829385818459e-05, 
18, 000000, 000000, 6.569466323305571e-06, 6.569466323305571e-06, 0.9999605832020602 3.9416797939833427e-05, 
19, 000000, 000000, 6.464968775476897e-06, 6.464968775476897e-06, 0.9999612101873472 3.878981265286138e-05, 
20, 000000, 000000, 7.2477547908579326e-06, 7.2477547908579326e-06, 0.9999565134712547 4.34865287451476e-05, 
21, 000000, 000000, 6.691754738181433e-06, 6.691754738181433e-06, 0.9999598494715709 4.01505284290886e-05, 
22, 000000, 000000, 6.997178106183917e-06, 6.997178106183917e-06, 0.9999580169313629 4.19830686371035e-05, 
23, 000000, 000000, 7.0978773441267486e-06, 7.0978773441267486e-06, 0.9999574127359353 4.25872640647605e-05, 
24, 000000, 000000, 6.648391204810417e-06, 6.648391204810417e-06, 0.9999601096527712 3.9890347228862504e-05, 
25, 000000, 000000, 6.579799295094174e-06, 6.579799295094174e-06, 0.9999605212042294 3.947879577056504e-05, 
26, 000000, 000000, 6.728875356015124e-06, 6.728875356015124e-06, 0.999959626747864 4.037325213609074e-05, 
27, 000000, 000000, 6.919574430667986e-06, 6.919574430667986e-06, 0.999958482553416 4.151744658400792e-05, 
28, 000000, 000000, 6.674530106851912e-06, 6.674530106851912e-06, 0.999959952819359 4.004718064111147e-05, 
29, 000000, 000000, 6.553862604581101e-06, 6.553862604581101e-06, 0.9999606768243725 3.932317562748661e-05, 
30, 000000, 000000, 7.494151392323203e-06, 7.494151392323203e-06, 0.9999550350916461 4.4964908353939225e-05, 
31, 000000, 000000, 6.820324684212719e-06, 6.820324684212719e-06, 0.9999590780518948 4.092194810527631e-05, 
32, 000000, 000000, 7.024619515612628e-06, 7.024619515612628e-06, 0.9999578522829062 4.214771709367577e-05, 
33, 000000, 000000, 6.606881657118251e-06, 6.606881657118251e-06, 0.9999603587100573 3.9641289942709506e-05, 
34, 000000, 000000, 6.867948988480197e-06, 6.867948988480197e-06, 0.9999587923060691 4.120769393088118e-05, 
35, 000000, 000000, 0.008024659311634683, 0.008024659311634683, 0.9874829099339719 3.865917503846576e-05 0.0024466824177399133 0.0022348441623739968 0.004665536365632442 0.0009389537618217013 0.002192414183421589, 
36, 000000, 000000, 6.846988685887855e-06, 6.846988685887855e-06, 0.9999589180678846 4.108193211532713e-05, 
37, 000000, 000000, 6.997728299115093e-06, 6.997728299115093e-06, 0.9999580136302053 4.1986369794690563e-05, 
38, 000000, 000000, 6.339955056299646e-06, 6.339955056299646e-06, 0.9999619602696622 3.803973033779788e-05, 
39, 000000, 000000, 6.8719059435095135e-06, 6.8719059435095135e-06, 0.9999587685643391 4.123143566105708e-05, 
40, 000000, 000000, 6.364255930084535e-06, 6.364255930084535e-06, 0.9999618144644196 3.818553558050721e-05, 
41, 000000, 000000, 6.477013648288002e-06, 6.477013648288002e-06, 0.9999611379181103 3.886208188972801e-05, 
42, 000000, 000000, 6.438088165974241e-06, 6.438088165974241e-06, 0.9999613714710042 3.862852899584544e-05, 
43, 000000, 000000, 6.800404344630161e-06, 6.800404344630161e-06, 0.9999591975739323 4.0802426067780964e-05, 
44, 000000, 000000, 6.559911010360718e-06, 6.559911010360718e-06, 0.9999606405339379 3.9359466062164306e-05, 
45, 000000, 000000, 7.206847839482563e-06, 7.206847839482563e-06, 0.9999567589129631 4.3241087036895386e-05, 
46, 000000, 000000, 6.636881216168172e-06, 6.636881216168172e-06, 0.999960178712703 3.982128729700903e-05, 
47, 000000, 000000, 7.096204468646651e-06, 7.096204468646651e-06, 0.9999574227731881 4.257722681187991e-05, 
48, 000000, 000000, 6.620959930390124e-06, 6.620959930390124e-06, 0.9999602742404176 3.972575958234075e-05, 
49, 000000, 000000, 6.851828201982156e-06, 6.851828201982156e-06, 0.99995890491653 4.107919772813102e-05 1.5885741880961826e-08, 
50, 000000, 000000, 6.78602954699011e-06, 6.78602954699011e-06, 0.9999592851418946 4.071353892888807e-05 1.3191765262967062e-09, 
51, 000000, 000000, 6.762549306134884e-06, 6.762549306134884e-06, 0.9999594247041632 4.057529583680931e-05, 
52, 000000, 000000, 6.852226926759559e-06, 6.852226926759559e-06, 0.9999588866384393 4.1113361560557357e-05, 
53, 000000, 000000, 6.9012881683731915e-06, 6.9012881683731915e-06, 0.9999585922709897 4.140772901023915e-05, 
54, 000000, 000000, 6.54811358190135e-06, 6.54811358190135e-06, 0.9999607113185087 3.9288681491408106e-05, 
55, 000000, 000000, 6.7598218204309255e-06, 6.7598218204309255e-06, 0.9999594410690774 4.055893092258556e-05, 
56, 000000, 000000, 6.892772173167035e-06, 6.892772173167035e-06, 0.999958643366961 4.1356633039002215e-05, 
57, 000000, 000000, 6.3250592508262e-06, 6.3250592508262e-06, 0.9999620496444951 3.79503555049572e-05, 
58, 000000, 000000, 6.7218360553570225e-06, 6.7218360553570225e-06, 0.9999596689836678 4.033101633214214e-05, 
59, 000000, 000000, 6.426031495336432e-06, 6.426031495336432e-06, 0.999961443811028 3.855618897201859e-05, 
60, 000000, 000000, 6.5133278321756206e-06, 6.5133278321756206e-06, 0.9999609200330069 3.907996699305373e-05, 
61, 000000, 000000, 6.556932599386564e-06, 6.556932599386564e-06, 0.9999606584044036 3.934159559631939e-05, 
62, 000000, 000000, 6.3805919197220375e-06, 6.3805919197220375e-06, 0.9999617164484816 3.828355151833223e-05, 
63, 000000, 000000, 6.713741743848621e-06, 6.713741743848621e-06, 0.9999597175495369 4.0282450463091726e-05, 
64, 000000, 000000, 6.797892257003806e-06, 6.797892257003806e-06, 0.999959212646458 4.0787353542022834e-05, 
65, 000000, 000000, 6.6316206892889485e-06, 6.6316206892889485e-06, 0.9999602102758642 3.978972413573369e-05, 
66, 000000, 000000, 7.203884518594445e-06, 7.203884518594445e-06, 0.9999567766928884 4.322330711156667e-05, 
67, 000000, 000000, 6.358507060570389e-06, 6.358507060570389e-06, 0.9999618489576366 3.815104236342234e-05, 
68, 000000, 000000, 6.767470406900068e-06, 6.767470406900068e-06, 0.9999593951775586 4.060482244140041e-05, 
69, 000000, 000000, 6.666631326277319e-06, 6.666631326277319e-06, 0.9999600002120423 3.999978795766392e-05, 
70, 000000, 000000, 6.838109021081809e-06, 6.838109021081809e-06, 0.9999589713458734 4.1028654126490855e-05, 
71, 000000, 000000, 6.807504080484033e-06, 6.807504080484033e-06, 0.999959154975517 4.0845024482904195e-05, 
72, 000000, 000000, 6.6797490359472825e-06, 6.6797490359472825e-06, 0.9999599215057843 4.0078494215683695e-05, 
73, 000000, 000000, 6.877360547467038e-06, 6.877360547467038e-06, 0.9999587358367151 4.126416328480223e-05, 
74, 000000, 000000, 6.774950842652433e-06, 6.774950842652433e-06, 0.9999593502949441 4.0649705055914595e-05, 
75, 000000, 000000, 6.672522539190049e-06, 6.672522539190049e-06, 0.9999599648647649 4.00351352351403e-05, 
76, 000000, 000000, 6.680835660526986e-06, 6.680835660526986e-06, 0.9999599149860369 4.008501396316192e-05, 
77, 000000, 000000, 6.544249176318831e-06, 6.544249176318831e-06, 0.999960734504942 3.9265495057912996e-05, 
78, 000000, 000000, 6.869464609279215e-06, 6.869464609279215e-06, 0.9999587832123443 4.121678765567529e-05, 
79, 000000, 111111, 0.24897510938729334, 0.24897510938729334, 0.7136098861716081 2.9366424922623356e-05 0.0025560735901553285 0.01571122430866934 0.05427240572419086 0.058440415786966474 0.15538062799348715, 
80, 000000, 000000, 6.85341021610718e-06, 6.85341021610718e-06, 0.9999588795387033 4.112046129664309e-05, 
81, 000000, 000000, 7.095843878045994e-06, 7.095843878045994e-06, 0.9999574284803942 4.256797594358856e-05 3.543662343706403e-09, 
82, 000000, 000000, 7.124613385238177e-06, 7.124613385238177e-06, 0.9999572523196886 4.274768031142907e-05, 
83, 000000, 000000, 6.97747973958239e-06, 6.97747973958239e-06, 0.9999581351215625 4.1864878437494346e-05, 
84, 000000, 000000, 6.756879344410243e-06, 6.756879344410243e-06, 0.9999594587239335 4.0541276066461456e-05, 
85, 000000, 000000, 6.900573966490114e-06, 6.900573966490114e-06, 0.9999585965562011 4.140344379894069e-05, 
86, 000000, 000000, 6.612641845426451e-06, 6.612641845426451e-06, 0.9999603241489274 3.967585107255871e-05, 
87, 000000, 000000, 6.503355086412139e-06, 6.503355086412139e-06, 0.9999609798694816 3.9020130518472836e-05, 
88, 000000, 000000, 7.356454486356722e-06, 7.356454486356722e-06, 0.9999558612730819 4.4138726918140336e-05, 
89, 000000, 000000, 6.9206123365091135e-06, 6.9206123365091135e-06, 0.9999584763259809 4.152367401905468e-05, 
90, 000000, 000000, 6.6637542446267155e-06, 6.6637542446267155e-06, 0.9999600174745322 3.9982525467760305e-05, 
91, 000000, 000000, 7.3252578873646115e-06, 7.3252578873646115e-06, 0.9999560484526758 4.3951547324187674e-05, 
92, 000000, 000000, 6.945512772784354e-06, 6.945512772784354e-06, 0.9999583269233632 4.167307663670613e-05, 
93, 000000, 000000, 6.415179428066316e-06, 6.415179428066316e-06, 0.9999615089234317 3.84910765683979e-05, 
94, 000000, 000000, 6.9678081767975955e-06, 6.9678081767975955e-06, 0.9999581931509391 4.180684906078557e-05, 
95, 000000, 000000, 6.954837554153433e-06, 6.954837554153433e-06, 0.999958270974675 4.17290253249206e-05, 
96, 000000, 000000, 6.773066125357474e-06, 6.773066125357474e-06, 0.9999593616032479 4.063839675214485e-05, 
97, 000000, 000000, 6.789919928689113e-06, 6.789919928689113e-06, 0.9999592604804278 4.073951957213468e-05, 
98, 000000, 000000, 6.885997546685494e-06, 6.885997546685494e-06, 0.9999586840147199 4.131598528011297e-05, 
99, 000000, 000000, 6.892515136889747e-06, 6.892515136889747e-06, 0.9999586449091786 4.135509082133848e-05, 
100, 000000, 000000, 6.907421843914225e-06, 6.907421843914225e-06, 0.9999585554689365 4.1444531063485354e-05, 
run, initial grid state, final grid state, mean grid cell occupancy, mean binding site occupancy, fraction of time with N TFs bound, warning
1, 000000, 000000, 6.681226137390799e-06, 6.681226137390799e-06, 0.9999599126431757 4.0087356824344795e-05, 
2, 000000, 000000, 6.736249739978949e-06, 6.736249739978949e-06, 0.99995958250156 4.0417498439873695e-05, 
3, 000000, 000000, 6.520565565070044e-06, 6.520565565070044e-06, 0.9999608766066096 3.912339339042027e-05, 
4, 000000, 000000, 7.12274522623705e-06, 7.12274522623705e-06, 0.9999572635286426 4.27364713574223e-05, 
5, 000000, 000000, 6.724450449101858e-06, 6.724450449101858e-06, 0.9999596532973054 4.0346702694611154e-05, 
6, 000000, 000000, 6.386789682748599e-06, 6.386789682748599e-06, 0.9999616792619035 3.83207380964916e-05, 
7, 000000, 000000, 6.821140437745877e-06, 6.821140437745877e-06, 0.9999590731573735 4.092684262647526e-05, 
8, 000000, 000000, 7.251120142223431e-06, 7.251120142223431e-06, 0.9999564932791466 4.350672085334059e-05, 
9, 000000, 000000, 6.770356206478002e-06, 6.770356206478002e-06, 0.9999593778627611 4.062213723886802e-05, 
10, 000000, 000000, 6.905978866929376e-06, 6.905978866929376e-06, 0.9999585641267984 4.143587320157626e-05, 
11, 000000, 000000, 6.5339108654062185e-06, 6.5339108654062185e-06, 0.9999607965348075 3.920346519243731e-05, 
12, 000000, 000000, 6.555383587600514e-06, 6.555383587600514e-06, 0.9999606676984744 3.9332301525603086e-05, 
13, 000000, 000000, 6.7879369105772565e-06, 6.7879369105772565e-06, 0.9999592723785365 4.072762146346354e-05, 
14, 000000, 000000, 6.658966303184547e-06, 6.658966303184547e-06, 0.9999600462021808 3.9953797819107276e-05, 
15, 000000, 000000, 6.549117674776208e-06, 6.549117674776208e-06, 0.9999607052939514 3.929470604865726e-05, 
16, 000000, 000000, 6.954401417642521e-06, 6.954401417642521e-06, 0.9999582735914941 4.172640850585513e-05, 
17, 000000, 000000, 6.917931855965353e-06, 6.917931855965353e-06, 0.9999584924088641 4.150759113579212e-05, 
18, 000000, 000000, 6.706399149004847e-06, 6.706399149004847e-06, 0.9999597616051059 4.023839489402909e-05, 
19, 000000, 000000, 6.9466914767284855e-06, 6.9466914767284855e-06, 0.9999583198511396 4.168014886037091e-05, 
20, 000000, 000000, 6.981634212531211e-06, 6.981634212531211e-06, 0.9999581101947247 4.188980527518727e-05, 
21, 000000, 000000, 7.2500733237206134e-06, 7.2500733237206134e-06, 0.9999564995600576 4.350043994232369e-05, 
22, 000000, 000000, 7.002866365004797e-06, 7.002866365004797e-06, 0.9999579828018099 4.201719819002879e-05, 
23, 000000, 000000, 6.644481891077781e-06, 6.644481891077781e-06, 0.9999601331086535 3.986689134646668e-05, 
24, 000000, 000000, 6.72748825394323e-06, 6.72748825394323e-06, 0.9999596350704764 4.036492952365938e-05, 
25, 000000, 000000, 6.215214418045222e-06, 6.215214418045222e-06, 0.9999627087134918 3.729128650827133e-05, 
26, 000000, 000000, 7.013062628160695e-06, 7.013062628160695e-06, 0.999957921624231 4.2078375768964175e-05, 
27, 000000, 000000, 6.809206355119581e-06, 6.809206355119581e-06, 0.9999591447618692 4.085523813071749e-05, 
28, 000000, 000000, 7.224868380608759e-06, 7.224868380608759e-06, 0.9999566507897164 4.334921028365256e-05, 
29, 000000, 000000, 6.9055943476902644e-06, 6.9055943476902644e-06, 0.9999585664339138 4.143356608614159e-05, 
30, 000000, 000000, 6.932102332045526e-06, 6.932102332045526e-06, 0.9999584073860076 4.159261399227316e-05, 
31, 000000, 000000, 6.653544909247448e-06, 6.653544909247448e-06, 0.9999600787305445 3.9921269455484685e-05, 
32, 000000, 000000, 6.744276320188744e-06, 6.744276320188744e-06, 0.9999595343420788 4.046565792113247e-05, 
33, 000000, 000000, 6.050371921904132e-06, 6.050371921904132e-06, 0.9999636977684685 3.6302231531424796e-05, 
34, 000000, 000000, 6.8825193395156446e-06, 6.8825193395156446e-06, 0.9999587048839629 4.129511603709388e-05, 
35, 000000, 000000, 6.574611157587255e-06, 6.574611157587255e-06, 0.9999605523330545 3.944766694552353e-05, 
36, 000000, 000000, 6.612932181420203e-06, 6.612932181420203e-06, 0.9999603224069115 3.967759308852122e-05, 
37, 000000, 000000, 6.615240529240404e-06, 6.615240529240404e-06, 0.9999603159521934 3.9676652437699953e-05 7.395368871234711e-09, 
38, 000000, 000000, 6.859211692494036e-06, 6.859211692494036e-06, 0.999958844729845 4.115527015496422e-05, 
39, 000000, 000000, 7.04151319277323e-06, 7.04151319277323e-06, 0.9999577509208433 4.224907915663938e-05, 
40, 000000, 000000, 7.116528303809824e-06, 7.116528303809824e-06, 0.9999573008301771 4.269916982285894e-05, 
41, 000000, 000000, 6.821657198727414e-06, 6.821657198727414e-06, 0.9999590700568076 4.092994319236449e-05, 
42, 000000, 000000, 7.150168968363108e-06, 7.150168968363108e-06, 0.9999570989861898 4.290101381017865e-05, 
43, 000000, 000000, 6.700167171791655e-06, 6.700167171791655e-06, 0.9999597989969693 4.020100303074993e-05, 
44, 000000, 000000, 6.430495789532462e-06, 6.430495789532462e-06, 0.9999614170252629 3.858297473719478e-05, 
45, 000000, 000000, 6.919839726245e-06, 6.919839726245e-06, 0.9999584809616426 4.151903835747e-05, 
46, 000000, 000000, 6.444996829714315e-06, 6.444996829714315e-06, 0.9999613300190219 3.866998097828589e-05, 
47, 000000, 111111, 0.31088092645808163, 0.31088092645808163, 0.6368230666974469 2.807369135763428e-05 0.001981926689681893 0.014167649846462975 0.06704473182318517 0.12911555266555466 0.15083899858631086, 
48, 000000, 000000, 6.377456210319927e-06, 6.377456210319927e-06, 0.999961735262738 3.826473726191957e-05, 
49, 000000, 000000, 6.752836532441478e-06, 6.752836532441478e-06, 0.9999594829808053 4.051701919464887e-05, 
50, 000000, 000000, 6.766794653024065e-06, 6.766794653024065e-06, 0.9999593992320818 4.0600767918144395e-05, 
51, 000000, 000000, 6.402361729814557e-06, 6.402361729814557e-06, 0.999961585829621 3.8414170378887345e-05, 
52, 000000, 000000, 6.470561300077777e-06, 6.470561300077777e-06, 0.9999611766321996 3.882336780046667e-05, 
