run, initial grid state, final grid state, mean grid cell occupancy, mean binding site occupancy, fraction of time with N TFs bound, warning
1, 0000000000, 0000000000, 9.327779952269993e-06, 1.5255493722000278e-05, 0.999908467037668 9.153296233200167e-05, 
2, 0000000000, 0000000000, 6.50271759482007e-05, 6.112862551224171e-05, 0.9996332282469265 0.0003667717530734503, 
3, 0000000000, 0000000000, 9.355488329301603e-06, 1.5315725012089157e-05, 0.9999081056499275 9.189435007253495e-05, 
4, 0000000000, 0000000000, 8.81673804631324e-06, 1.4408781463284314e-05, 0.9999135473112203 8.645268877970588e-05, 
5, 0000000000, 0000000000, 9.127305530239547e-06, 1.4926615319948987e-05, 0.9999104605987013 8.951911067779108e-05 2.029062095142546e-08, 
6, 0000000000, 0000000000, 9.441926187434464e-06, 1.5452319846194384e-05, 0.9999072860809227 9.271391907716632e-05, 
7, 0000000000, 0000000000, 8.84966399596902e-06, 1.4480871330818697e-05, 0.999913114772015 8.688522798491219e-05, 
8, 0000000000, 0000000000, 9.724454813587525e-06, 1.5916196839452888e-05, 0.9999045154410583 9.547193684659209e-05 1.2622095062619163e-08, 
9, 0000000000, 0000000000, 8.968379675145935e-06, 1.4658109221668201e-05, 0.99991205134467 8.794865533000922e-05, 
10, 0000000000, 0000000000, 9.303421998485724e-06, 1.5213237812615678e-05, 0.9999087205731243 9.127942687569407e-05, 
11, 0000000000, 0000000000, 8.824827166799728e-06, 1.4424218715200381e-05, 0.9999134770563457 8.650057501740702e-05 2.236863689763205e-08, 
12, 0000000000, 0000000000, 9.236559114306481e-06, 1.5104724360910575e-05, 0.9999093716538345 9.062834616546345e-05, 
13, 0000000000, 0000000000, 9.597722934250537e-06, 1.5721056324216498e-05, 0.9999056736620546 9.4326337945299e-05, 
14, 0000000000, 0000000000, 8.9168161667278e-06, 1.4585479563557583e-05, 0.9999124886934979 8.750973562301712e-05 1.5708791641961959e-09, 
15, 0000000000, 0000000000, 9.085260871156422e-06, 1.487485694784083e-05, 0.9999107508583129 8.9249141687045e-05, 
16, 0000000000, 0000000000, 9.189474559790867e-06, 1.5031298377990193e-05, 0.999909843600154 9.012500942402476e-05 3.139042195819673e-08, 
17, 0000000000, 0000000000, 9.014139091269024e-06, 1.473552345528522e-05, 0.9999115868592683 8.841314073171133e-05, 
18, 0000000000, 0000000000, 9.33426924994632e-06, 1.526375577185329e-05, 0.9999084174653688 9.158253463111975e-05, 
19, 0000000000, 0000000000, 9.398240702219235e-06, 1.5380435051716737e-05, 0.9999077173896896 9.228261031030042e-05, 
20, 0000000000, 0000000000, 8.714793904267972e-06, 1.425402022518683e-05, 0.999914475878649 8.552412135112098e-05, 
21, 0000000000, 0000000000, 8.941701362045987e-06, 1.4627378904755098e-05, 0.9999122357265715 8.776427342853059e-05, 
22, 0000000000, 0000000000, 9.224574529410927e-06, 1.5068451848497226e-05, 0.9999095892889089 9.041071109098337e-05, 
23, 0000000000, 0000000000, 9.045532075069397e-06, 1.4785179428769983e-05, 0.999911363162238 8.856259895142788e-05 7.423881059601192e-08, 
24, 0000000000, 0000000000, 9.218474392962754e-06, 1.5073278313377455e-05, 0.9999095603301197 9.043966988026474e-05, 
25, 0000000000, 0000000000, 9.00211227561535e-06, 1.473157619651219e-05, 0.999911610542821 8.838945717907315e-05, 
26, 0000000000, 0000000000, 9.532123945399911e-06, 1.560050711486489e-05, 0.9999063969573109 9.360304268918936e-05, 
27, 0000000000, 0000000000, 9.115482666783454e-06, 1.4890024181540816e-05, 0.9999106598549108 8.934014508924491e-05, 
28, 0000000000, 0000000000, 9.58887416704465e-06, 1.570667107596491e-05, 0.9999057599735443 9.424002645578946e-05, 
29, 0000000000, 0000000000, 9.17925690200401e-06, 1.5003276299480984e-05, 0.9999099803422031 9.001965779688591e-05, 
30, 0000000000, 0000000000, 9.501235094429627e-06, 1.555407993184269e-05, 0.9999066755204089 9.332447959105616e-05, 
31, 0000000000, 0000000000, 9.088487970885116e-06, 1.4848662638827895e-05, 0.999910908024167 8.909197583296739e-05, 
32, 0000000000, 0000000000, 9.481250556827823e-06, 1.5516255226964836e-05, 0.9999069024686382 9.309753136178902e-05, 
33, 0000000000, 0000000000, 8.87532085077441e-06, 1.4518844006422618e-05, 0.9999128869359615 8.711306403853572e-05, 
34, 0000000000, 0000000000, 9.034254604023437e-06, 1.4778323181571495e-05, 0.9999113300609106 8.866993908942898e-05, 
35, 0000000000, 0000000000, 9.283504348225085e-06, 1.5185726550806602e-05, 0.9999088856406951 9.111435930483962e-05, 
36, 0000000000, 0000000000, 8.9458663482887e-06, 1.4624069005561476e-05, 0.9999122555859666 8.774441403336886e-05, 
37, 0000000000, 0000000000, 9.31431280699969e-06, 1.5241154240071594e-05, 0.9999085530745596 9.144692544042958e-05, 
38, 0000000000, 0000000000, 8.875652617849207e-06, 1.4511004388858557e-05, 0.9999129339736669 8.706602633315137e-05, 
39, 0000000000, 0000000000, 8.907958496407859e-06, 1.4569763011501336e-05, 0.999912581421931 8.741857806900804e-05, 
40, 0000000000, 0000000000, 9.126892055140019e-06, 1.4932787045246147e-05, 0.9999104032777284 8.959672227147688e-05, 
41, 0000000000, 0000000000, 9.466799404574143e-06, 1.5489792556545912e-05, 0.9999070763508104 9.290854304001938e-05 1.510614962804885e-08, 
42, 0000000000, 0000000000, 9.199850358483145e-06, 1.50466934063771e-05, 0.9999097198395618 9.02801604382626e-05, 
43, 0000000000, 0000000000, 0.03763093101643348, 0.06123205739666357, 0.9301100185204461 8.133392805142533e-05 0.0002758738061280371 0.0033237699621435075 0.010956075238982867 0.01855391926817619 0.03669900927607182, 
44, 0000000000, 0000000000, 0.05516690844526011, 0.09015437189096619, 0.8902640669822407 8.265785732537218e-05 0.0014297557198026064 0.013821369764650888 0.020312629105087517 0.029267687090793616 0.044821833480099264, 
45, 0000000000, 0000000000, 9.188902463530805e-06, 1.5022216490662509e-05, 0.9999098814424586 9.010381613881381e-05 1.4741402580624534e-08, 
46, 0000000000, 0000000000, 9.03631636387454e-06, 1.4782048888305617e-05, 0.9999113077066701 8.869229332983371e-05, 
47, 0000000000, 0000000000, 9.244053116951804e-06, 1.5149166878811136e-05, 0.9999091049987272 9.089500127286682e-05, 
48, 0000000000, 0000000000, 9.359421467609387e-06, 1.5332171914205146e-05, 0.9999080108114818 9.198534555098246e-05 3.842967124212355e-09, 
49, 0000000000, 0000000000, 9.035794667843047e-06, 1.4766211927724705e-05, 0.9999114027284337 8.859727156634824e-05, 
50, 0000000000, 0000000000, 9.088680646267572e-06, 1.4847050400599073e-05, 0.9999109176975964 8.908230240359445e-05, 
51, 0000000000, 1111111111, 0.4355301898266681, 0.46794539190740386, 0.5189357249182643 5.175223487366895e-05 0.0026870626338582945 0.0031536665123190195 0.016247035021566093 0.02575121775610015 0.4331735409230184, 
52, 0000000000, 0000000000, 9.203799637437432e-06, 1.5065252911056871e-05, 0.9999096084825336 9.039151746634123e-05, 
53, 0000000000, 0000000000, 9.190785526646017e-06, 1.50461890064551e-05, 0.9999097228659612 9.027713403873061e-05, 
54, 0000000000, 0000000000, 9.211572231581913e-06, 1.5071643135572716e-05, 0.9999095701411866 9.04298588134363e-05, 
55, 0000000000, 0000000000, 9.067645732730936e-06, 1.4835720214498457e-05, 0.999910985678713 8.901432128699074e-05, 
56, 0000000000, 0000000000, 9.291385578318915e-06, 1.5202353488034853e-05, 0.9999087858790717 9.121412092820912e-05, 
57, 0000000000, 0000000000, 9.040584551902493e-06, 1.4787899004641883e-05, 0.9999112979154745 8.867677502328385e-05 2.5309502283732092e-08, 
58, 0000000000, 0000000000, 8.932704010890964e-06, 1.4588108283115743e-05, 0.9999124713503014 8.752864969869445e-05, 
59, 0000000000, 0000000000, 9.253124557345857e-06, 1.5131541587490176e-05, 0.9999092278929349 9.075496460515689e-05 1.7142459892091295e-08, 
60, 0000000000, 0000000000, 8.84279203074489e-06, 1.4454562452514386e-05, 0.9999132726252848 8.672737471508632e-05, 
61, 0000000000, 0000000000, 9.266808171855983e-06, 1.5157202974656735e-05, 0.9999090567821521 9.094321784794041e-05, 
62, 0000000000, 0000000000, 8.84196827366571e-06, 1.4446941157573474e-05, 0.9999133183530545 8.668164694544086e-05, 
63, 0000000000, 0000000000, 8.717362482147645e-06, 1.4251693639866451e-05, 0.9999144898381608 8.551016183919871e-05, 
64, 0000000000, 0000000000, 0.061459077695563066, 0.10009875095812416, 0.87402208275952 7.940433989266371e-05 0.008062079046617121 0.010466883515580835 0.031240152309039884 0.02874870464338109 0.04738069338596843, 
65, 0000000000, 0000000000, 9.585070547533548e-06, 1.5680426206263667e-05, 0.9999059174427624 9.4082557237582e-05, 
66, 0000000000, 0000000000, 9.733116916207792e-06, 1.5919599010043266e-05, 0.9999044824059398 9.551759406025959e-05, 
67, 0000000000, 0000000000, 9.333297485062409e-06, 1.527011024831954e-05, 0.9999083793385101 9.162066148991724e-05, 
68, 0000000000, 0000000000, 9.298926062324204e-06, 1.5225961405760596e-05, 0.9999086442315654 9.135576843456359e-05, 
69, 0000000000, 0000000000, 9.384356252894186e-06, 1.53546121997736e-05, 0.9999078723268013 9.21276731986416e-05, 
70, 0000000000, 0000000000, 9.216022286976243e-06, 1.5067307443937121e-05, 0.9999095961553364 9.040384466362273e-05, 
71, 0000000000, 0000000000, 9.582564042772301e-06, 1.5703705112816895e-05, 0.9999057777693232 9.422223067690137e-05, 
72, 0000000000, 0000000000, 9.043192341421247e-06, 1.478364268684363e-05, 0.999911298143879 8.87018561210618e-05, 
73, 0000000000, 0000000000, 8.952064962137242e-06, 1.465023794515774e-05, 0.9999121154998193 8.786757269070477e-05 1.692749012084234e-08, 
74, 0000000000, 0000000000, 8.719262124515975e-06, 1.425203178411452e-05, 0.9999144878092953 8.551219070468713e-05, 
75, 0000000000, 0000000000, 9.062335482224134e-06, 1.4823149584598379e-05, 0.9999110611024924 8.893889750759028e-05, 
76, 0000000000, 0000000000, 8.529909215115354e-06, 1.393288351876563e-05, 0.9999164026988874 8.359730111259378e-05, 
77, 0000000000, 0000000000, 9.220665425487701e-06, 1.5084500472226251e-05, 0.9999094929971666 9.050700283335751e-05, 
78, 0000000000, 0000000000, 9.431098881775686e-06, 1.5422751974308027e-05, 0.9999074634881542 9.253651184584816e-05, 
79, 0000000000, 0000000000, 9.083110836070896e-06, 1.4870697124815055e-05, 0.9999107758172511 8.922418274889033e-05, 
80, 0000000000, 0000000000, 9.670860630905655e-06, 1.5851144355361175e-05, 0.9999048931338679 9.510686613216707e-05, 
81, 0000000000, 0000000000, 8.939239106311048e-06, 1.4610973384316564e-05, 0.999912334159694 8.766584030589939e-05, 
82, 0000000000, 0000000000, 8.841130110175847e-06, 1.4269950650363717e-05, 0.9999143802960978 8.561970390218232e-05, 
83, 0000000000, 0000000000, 8.372336148036165e-06, 1.3662557295613942e-05, 0.9999180246562263 8.197534377368366e-05, 
84, 0000000000, 0000000000, 9.316510215092188e-06, 1.5252058397457389e-05, 0.9999084876496153 9.151235038474434e-05, 
85, 0000000000, 0000000000, 9.133118752632048e-06, 1.492815822622096e-05, 0.9999104310506427 8.956894935732576e-05, 
86, 0000000000, 0000000000, 9.634713354567712e-06, 1.576824685258886e-05, 0.9999053905188845 9.460948111553316e-05, 
87, 0000000000, 0000000000, 9.040791590289455e-06, 1.4792307870253207e-05, 0.9999112461527785 8.875384722151925e-05, 
88, 0000000000, 0000000000, 9.024448777379006e-06, 1.4771701126623776e-05, 0.9999113697932404 8.863020675974265e-05, 
89, 0000000000, 0000000000, 9.43396688908209e-06, 1.544439917620929e-05, 0.9999073336049428 9.266639505725573e-05, 
90, 0000000000, 0000000000, 9.035315265602711e-06, 1.4755236261291537e-05, 0.9999114685824323 8.853141756774923e-05, 
91, 0000000000, 0000000000, 8.980159321242753e-06, 1.4678376485751533e-05, 0.9999119297410854 8.80702589145092e-05, 
92, 0000000000, 0000000000, 8.799158004743509e-06, 1.4378909114398835e-05, 0.9999137265453136 8.627345468639301e-05, 
93, 0000000000, 0000000000, 9.282594861410435e-06, 1.519594512586759e-05, 0.9999088271315538 9.11700661370422e-05 2.8023090816679452e-09, 
94, 0000000000, 0000000000, 9.628023653319737e-06, 1.5766353233832908e-05, 0.9999054128906367 9.457609932370261e-05 1.1010039647420246e-08, 
95, 0000000000, 0000000000, 9.14826028238646e-06, 1.4966120535165808e-05, 0.9999102032767889 8.979672321099485e-05, 
96, 0000000000, 0000000000, 9.059191941314838e-06, 1.4809646136480815e-05, 0.9999111421231811 8.885787681888488e-05, 
97, 0000000000, 0000000000, 9.38300264261917e-06, 1.5348870433062544e-05, 0.9999079067774015 9.209322259837528e-05, 
98, 0000000000, 0000000000, 0.00017335059529184174, 0.000288641434276427, 0.9990876722503222 9.293938764919277e-05 0.0008192558680764266 1.324939521721431e-07, 
99, 0000000000, 0000000000, 8.857442349961287e-06, 1.4475043766016438e-05, 0.999913149737404 8.685026259609863e-05, 
100, 0000000000, 0000000000, 8.888448584206922e-06, 1.4529345542932118e-05, 0.9999128864218837 8.705108297496634e-05 6.249514131318955e-08, 
run, initial grid state, final grid state, mean grid cell occupancy, mean binding site occupancy, fraction of time with N TFs bound, warning
1, 0000000000, 0000000000, 9.314911137474567e-06, 1.5241080733865426e-05, 0.9999085535155968 9.144648440319257e-05, 
2, 0000000000, 0000000000, 8.915756075105773e-06, 1.4578361542716099e-05, 0.9999125298307437 8.74701692562966e-05, 
3, 0000000000, 0000000000, 8.857486856258662e-06, 1.4478162609897035e-05, 0.9999131310243407 8.68689756593822e-05, 
4, 0000000000, 0000000000, 9.353053291555083e-06, 1.530207992117251e-05, 0.9999081875204731 9.181247952703506e-05, 
5, 0000000000, 0000000000, 8.911351461276349e-06, 1.4550137145577804e-05, 0.9999126991771266 8.730082287346683e-05, 
6, 0000000000, 0000000000, 9.869790564793201e-06, 1.616050267693955e-05, 0.9999030369839385 9.69630160616373e-05, 
7, 0000000000, 0000000000, 9.100522702106929e-06, 1.4875307208391473e-05, 0.9999107481567497 8.925184325034884e-05, 
8, 0000000000, 0000000000, 8.87855554626601e-06, 1.4496569928934736e-05, 0.9999130205804264 8.697941957360842e-05, 
9, 0000000000, 0000000000, 8.84482878587708e-06, 1.4472137485068058e-05, 0.9999131748886785 8.68173977324342e-05 7.713588987077985e-09, 
10, 0000000000, 0000000000, 8.675056672873614e-06, 1.418296620881181e-05, 0.9999149100078791 8.50821869887285e-05 7.805132071177163e-09, 
11, 0000000000, 0000000000, 8.96566130732349e-06, 1.465627280451675e-05, 0.999912062363173 8.79376368271005e-05, 
12, 0000000000, 0000000000, 9.000408665998265e-06, 1.4706241429158418e-05, 0.9999117625514251 8.823744857495052e-05, 
13, 0000000000, 0000000000, 8.592916526319217e-06, 1.404287387471156e-05, 0.9999157427567518 8.425724324826936e-05, 
14, 0000000000, 0000000000, 9.13140948559957e-06, 1.4933300504065626e-05, 0.9999104052485165 8.958969994256002e-05 5.051540916874295e-09, 
15, 0000000000, 0000000000, 9.03951146386456e-06, 1.4778454662356671e-05, 0.9999113292720258 8.867072797414002e-05, 
16, 0000000000, 0000000000, 9.192095823666496e-06, 1.5040737966024288e-05, 0.9999097706286049 9.021431499407165e-05 1.5056401037034532e-08, 
17, 0000000000, 0000000000, 8.982850377896358e-06, 1.4691025181408776e-05, 0.9999118538489116 8.814615108845267e-05, 
18, 0000000000, 0000000000, 9.021118769284903e-06, 1.4748263726596119e-05, 0.9999115104176405 8.848958235957671e-05, 
19, 0000000000, 0000000000, 9.132880388138193e-06, 1.4922620781104815e-05, 0.9999104642753134 8.953572468662889e-05, 
20, 0000000000, 0000000000, 9.48048883651505e-06, 1.5516266299286992e-05, 0.9999069024022044 9.309759779572197e-05, 
21, 0000000000, 0000000000, 9.524852686517223e-06, 1.559717552975278e-05, 0.9999064382610369 9.354042474765063e-05 2.1314215433029898e-08, 
22, 0000000000, 0000000000, 9.55097171487142e-06, 1.560515264543568e-05, 0.9999063690841274 9.36309158726141e-05, 
23, 0000000000, 0000000000, 9.346191491338025e-06, 1.529528947775325e-05, 0.9999082282631335 9.17717368665195e-05, 
24, 0000000000, 0000000000, 9.132941123092699e-06, 1.4941472960203824e-05, 0.9999103763443148 8.959847360920019e-05 2.5182076011385232e-08, 
25, 0000000000, 0000000000, 0.0032881997446631743, 0.0054229795990485006, 0.9894919187183177 9.027410680797033e-05 0.0016276435611421152 0.005968423961508103 0.0028216537804459955 8.587177810214814e-08, 
26, 0000000000, 0000000000, 0.09874540808904501, 0.16140197062383266, 0.8045862535375305 7.111284906167148e-05 0.0029150352451811513 0.018939249453071752 0.03597596576376892 0.06328526991903498 0.07422711323235102, 
27, 0000000000, 0000000000, 0.013898382814728567, 0.02280152545242273, 0.96320706481066 8.632365594986802e-05 0.006206738136191367 0.008225253195808841 0.01335202637169974 0.0073100752661626675 0.001612518563527493, 
28, 0000000000, 0000000000, 9.053675934365401e-06, 1.4812801238246867e-05, 0.9999111231925706 8.887680742948121e-05, 
29, 0000000000, 0000000000, 8.859383084280033e-06, 1.448572446710965e-05, 0.9999130856531974 8.69143468026579e-05, 
30, 0000000000, 0000000000, 0.08206530029952454, 0.13432326321457685, 0.8379713235291146 7.525533923006615e-05 0.0014657375411207335 0.019175252851933295 0.028499537232414822 0.045468419656588 0.0673444738495984, 
31, 0000000000, 0000000000, 9.193423390832664e-06, 1.5042410351046016e-05, 0.9999097455378937 9.025446210627609e-05, 
32, 0000000000, 0000000000, 8.688579404073328e-06, 1.4206662769942814e-05, 0.9999147600233803 8.523997661965689e-05, 
33, 0000000000, 0000000000, 1.2869975707542991e-05, 1.8110810221728774e-05, 0.9998913351386696 0.00010866486133037264, 
34, 0000000000, 0000000000, 9.005026090349663e-06, 1.4729974782769432e-05, 0.9999116336667845 8.835281773430835e-05 1.3515481154123941e-08, 
35, 0000000000, 0000000000, 9.509924412303905e-06, 1.557809276013075e-05, 0.999906591963552 9.334751633518785e-05 6.052011279832748e-08, 
36, 0000000000, 0000000000, 9.068907840668777e-06, 1.4826120127709858e-05, 0.9999110432792337 8.895672076625914e-05, 
37, 0000000000, 0000000000, 8.900704564082535e-06, 1.4548109589750925e-05, 0.9999127183117443 8.727471897279721e-05 6.969282854171025e-09, 
38, 0000000000, 0000000000, 9.339838265417754e-06, 1.5276076767679342e-05, 0.9999083445289437 9.165448150662072e-05 9.895497276669456e-10, 
39, 0000000000, 0000000000, 8.83948803279727e-06, 1.444693578538688e-05, 0.9999133183852877 8.668161471232128e-05, 
40, 0000000000, 0000000000, 9.136235200899254e-06, 1.4939693317489719e-05, 0.9999103794341728 8.960297174942346e-05 1.759407775742667e-08, 
41, 0000000000, 0000000000, 9.105902442097848e-06, 1.4892478294913176e-05, 0.9999106451302305 8.935486976947905e-05, 
42, 0000000000, 0000000000, 8.987634268321637e-06, 1.4687314324917706e-05, 0.9999118761140505 8.812388594950623e-05, 
43, 0000000000, 0000000000, 9.240106242647109e-06, 1.512957206515219e-05, 0.9999092437310144 9.07351055802126e-05 2.11634053502764e-08, 
44, 0000000000, 0000000000, 9.451307535547331e-06, 1.546849460321587e-05, 0.9999071890323807 9.281096761929522e-05, 
45, 0000000000, 0000000000, 9.748924373833009e-06, 1.5963784192442088e-05, 0.9999042172948454 9.578270515465254e-05, 
46, 0000000000, 0000000000, 9.25362053127784e-06, 1.5137025166386657e-05, 0.9999091778490017 9.082215099831995e-05, 
47, 0000000000, 0000000000, 9.206689017474723e-06, 1.5074981203990613e-05, 0.999909550112776 9.044988722394369e-05, 
48, 0000000000, 0000000000, 8.989073404880593e-06, 1.4698424441855313e-05, 0.9999118094533489 8.819054665113188e-05, 
49, 0000000000, 0000000000, 0.07175415870117217, 0.11696291012453196, 0.8623737113333012 8.15424070795494e-05 0.001700156887453255 0.005939347222575885 0.026105705448401 0.04674247910326069 0.05705705759792844, 
50, 0000000000, 0000000000, 9.387804860584674e-06, 1.5355593839771147e-05, 0.9999078664369614 9.213356303862689e-05, 
51, 0000000000, 0000000000, 9.473672064910665e-06, 1.550339177434653e-05, 0.9999069796493539 9.302035064607919e-05, 
52, 0000000000, 0000000000, 9.41428325063916e-06, 1.541303068769037e-05, 0.999907521815874 9.247818412614223e-05, 
53, 0000000000, 0000000000, 9.56324836807381e-06, 1.567164710637374e-05, 0.9999059701173618 9.402988263824245e-05, 
54, 0000000000, 0000000000, 9.165120372687588e-06, 1.4997200648227043e-05, 0.9999100167961107 8.998320388936226e-05, 
55, 0000000000, 0000000000, 9.252888368482784e-06, 1.514271689580524e-05, 0.9999091436986253 9.085630137483145e-05, 
56, 0000000000, 0000000000, 8.810763014955694e-06, 1.4420262415073525e-05, 0.9999134784255096 8.652157449044115e-05, 
57, 0000000000, 0000000000, 9.723597195554369e-06, 1.5905344388902217e-05, 0.9999045679336666 9.543206633341331e-05, 
58, 0000000000, 0000000000, 9.218055856151312e-06, 1.5070037086223017e-05, 0.9999095797774827 9.042022251733811e-05, 
59, 0000000000, 0000000000, 9.094472195834476e-06, 1.4850348896455333e-05, 0.9999108984617627 8.91009830958227e-05 5.551414546512421e-10, 
60, 0000000000, 0000000000, 9.000626983322269e-06, 1.4716594244409496e-05, 0.9999117004345335 8.829956546645699e-05, 
61, 0000000000, 0000000000, 8.982675152876495e-06, 1.4697168802538272e-05, 0.9999118169871847 8.818301281522964e-05, 
62, 0000000000, 0000000000, 9.156093401464169e-06, 1.4981478297323586e-05, 0.999910111130216 8.988886978394152e-05, 
63, 0000000000, 0000000000, 9.20269768113321e-06, 1.5075107547992144e-05, 0.9999095493547121 9.045064528795288e-05, 
64, 0000111000, 0000000000, 0.09396754681566208, 0.15368822399967383, 0.8186056022012211 7.600734898995784e-05 0.0018582642348137213 0.013304601038264781 0.028781859339137558 0.06094642731735598 0.07642723852021685, 
65, 0000000000, 0000000000, 8.948854586842075e-06, 1.4640947262983008e-05, 0.999912154316422 8.784568357789805e-05, 
66, 0000000000, 0000000000, 9.311139706656032e-06, 1.5227609340503942e-05, 0.999908634343957 9.136565604302366e-05, 
67, 0000000000, 0000000000, 9.188097117227618e-06, 1.5024398655460326e-05, 0.9999098969487528 9.005971056157267e-05 4.3340685594649534e-08, 
68, 0000000000, 0000000000, 9.238326513617593e-06, 1.5112743140730715e-05, 0.9999093235411557 9.06764588443843e-05, 
69, 0000000000, 0000000000, 9.115978184727844e-06, 1.4896502829479048e-05, 0.9999106209830231 8.937901697687429e-05, 
70, 0000000000, 0000000000, 8.817997325961974e-06, 1.4411612118995461e-05, 0.9999135832647362 8.636379781360903e-05 5.2937450181870227e-08, 
71, 0000000000, 0000000000, 9.183742406949281e-06, 1.5017517568661466e-05, 0.999909894894588 9.010510541196879e-05, 
72, 0000000000, 0000000000, 8.913845499490964e-06, 1.455900229937357e-05, 0.9999126459862037 8.735401379624143e-05, 
73, 0000000000, 0000000000, 9.373157479173231e-06, 1.534213751668269e-05, 0.9999079471749 9.205282510009615e-05, 
74, 0000000000, 0000000000, 8.895141307611393e-06, 1.4536757670275584e-05, 0.9999127794539783 8.72205460216535e-05, 
75, 0000000000, 0000000000, 9.019950402531966e-06, 1.475633116203385e-05, 0.9999114936430826 8.847472686243791e-05 3.163005488259451e-08, 
76, 0000000000, 0000000000, 8.942872539811789e-06, 1.4618602273447165e-05, 0.9999122883863594 8.771161364068299e-05, 
77, 0000000000, 0000000000, 9.731375481566653e-06, 1.5926104521615145e-05, 0.9999044433728704 9.555662712969085e-05, 
78, 0000000000, 0000000000, 9.104381311835195e-06, 1.4884249675473765e-05, 0.999910711342944 8.92718160593581e-05 1.6840996742248533e-08, 
79, 0000000000, 0000000000, 9.361955551325698e-06, 1.5306386940787834e-05, 0.9999081616783552 9.1838321644727e-05, 
80, 0000000000, 0000000000, 9.536651801587592e-06, 1.562400654358626e-05, 0.9999062577743851 9.374041196808129e-05 1.8136467181500932e-09, 
81, 0000000000, 0000000000, 8.836443396950307e-06, 1.4453747367537449e-05, 0.9999132775157947 8.672248420522469e-05, 
82, 0000000000, 0000000000, 9.179353480190459e-06, 1.5014314750297498e-05, 0.9999099141114982 9.008588850178499e-05, 
83, 0000000000, 0000000000, 9.225946892777353e-06, 1.5092515655231736e-05, 0.9999094449060685 9.055509393139043e-05, 
84, 0000000000, 0000000000, 9.457549552668628e-06, 1.548334941888842e-05, 0.9999070999034867 9.290009651333051e-05, 
85, 0000000000, 0000000000, 9.135368472341421e-06, 1.4971819117311829e-05, 0.9999101690852961 8.983091470387098e-05, 
86, 0000000000, 0000000000, 9.198829137134487e-06, 1.5062141845405805e-05, 0.9999096271489275 9.037285107243484e-05, 
87, 0000000000, 0000000000, 8.919689324415205e-06, 1.4592018850863624e-05, 0.9999124552630732 8.753736074874335e-05 7.3761782192048565e-09, 
88, 0000000000, 0000000000, 8.906439417955399e-06, 1.4559827661966658e-05, 0.9999126645070515 8.731201992499342e-05 2.3473023403258548e-08, 
89, 0000000000, 0000000000, 9.154096066756029e-06, 1.4981952792865365e-05, 0.9999101082832429 8.98917167571922e-05, 
90, 0000000000, 0000000000, 9.06433444136143e-06, 1.4797653630739747e-05, 0.9999112140782156 8.878592178443848e-05, 
91, 0000000000, 0000000000, 9.478138596304658e-06, 1.553462817528889e-05, 0.9999067922309482 9.320776905173335e-05, 
92, 0000000000, 0000000000, 0.00024321434315107286, 0.00040507173446160765, 0.9987400260592758 8.972674883475371e-05 0.0011700379177336465 2.0927415586653207e-07, 
93, 0000000000, 0000000000, 8.939594918924311e-06, 1.4609997280085899e-05, 0.9999123400163196 8.76599836805154e-05, 
94, 0000000000, 0000000000, 9.20287480788774e-06, 1.5064855013719983e-05, 0.9999096108699177 9.038913008231991e-05, 
95, 0000000000, 0000000000, 9.396390055585197e-06, 1.5368450693170636e-05, 0.999907789295841 9.221070415902381e-05, 
96, 0000000000, 0000000000, 9.19523563739989e-06, 1.5048396166926228e-05, 0.9999097096229984 9.029037700155738e-05, 
97, 0000000000, 0000000000, 8.772351968258275e-06, 1.4344966332134642e-05, 0.9999139302020071 8.606979799280785e-05, 
98, 0000000000, 0000000000, 9.153746607323287e-06, 1.4961024014616589e-05, 0.9999102412569745 8.97513419633128e-05 7.401062193371e-09, 
99, 0000000000, 0000000000, 9.134135734168672e-06, 1.493459339023195e-05, 0.9999103924396586 8.960756034139168e-05, 
100, 0000000000, 0000000000, 9.217307647692288e-06, 1.5078295207017477e-05, 0.9999095302287578 9.046977124210488e-05, 
run, initial grid state, final grid state, mean grid cell occupancy, mean binding site occupancy, fraction of time with N TFs bound, warning
1, 0000000000, 0000000000, 8.975170481596042e-06, 1.4665887487314212e-05, 0.9999120046750761 8.799532492388527e-05, 
2, 0000000000, 0000000000, 9.499655933297337e-06, 1.5558625824614406e-05, 0.9999066482450523 9.335175494768645e-05, 
3, 0000000000, 0000000000, 0.10750933199175441, 0.17616043850065702, 0.7923363826008241 6.704625559351529e-05 0.0023901867714345736 0.012228298077529497 0.038529173724847786 0.06537985334512383 0.08906905922464675, 
4, 0000000000, 0000000000, 9.564136277901341e-06, 1.5660779043683603e-05, 0.999906035325738 9.396467426210163e-05, 
5, 0000000000, 0000000000, 8.72993651776115e-06, 1.4279209592608314e-05, 0.9999143247424443 8.567525755564988e-05, 
6, 0000000000, 0000000000, 9.206487625753164e-06, 1.5066521952814324e-05, 0.9999096008682831 9.039913171688596e-05, 
7, 0000000000, 0000000000, 9.500117485469462e-06, 1.555086489920635e-05, 0.9999066948106047 9.330518939523813e-05, 
8, 0000000000, 0000000000, 0.0010206749683879174, 0.0017008436469366783, 0.9948524578372767 9.005159556988793e-05 0.0050574614154100415 2.9151743366604756e-08, 
9, 0000000000, 0000000000, 9.015958331514379e-06, 1.474113759411129e-05, 0.9999115620894216 8.842899559221895e-05 8.914986224401563e-09, 
10, 0000000000, 0000000000, 9.204687969624713e-06, 1.5063075663102299e-05, 0.9999096215460213 9.03784539786138e-05, 
11, 0000000000, 0000000000, 9.405782786344888e-06, 1.539219159137329e-05, 0.9999076468504517 9.235314954823975e-05, 
12, 0000000000, 0000000000, 9.127953862353238e-06, 1.492583100550671e-05, 0.999910445013967 8.955498603304027e-05, 
13, 0000000000, 0000000000, 0.020197981980203908, 0.03315141908016413, 0.9579959141256068 8.52286051342902e-05 0.0019798305551598752 0.004314149387481553 0.009539914740649517 0.012748257875320058 0.013336704710647945, 
14, 0000000000, 0000000000, 9.383307412127416e-06, 1.5355761364634524e-05, 0.9999078654318122 9.213456818780717e-05, 
15, 0000000000, 0000000000, 9.161538647008064e-06, 1.4975321658667073e-05, 0.9999101480700481 8.985192995200243e-05, 
16, 0000000000, 0000000000, 9.446659065419926e-06, 1.5440589118055287e-05, 0.9999073564652916 9.264353470833173e-05, 
17, 0000000000, 0000000000, 9.137476581892039e-06, 1.4944802996380426e-05, 0.9999103311820218 8.966881797828256e-05, 
18, 0000000000, 0000000000, 0.01995634410807388, 0.03303375647715764, 0.9525809907076545 8.709227385702197e-05 0.0034530465489727947 0.012036309843233912 0.008870957006121795 0.018213025784005403 0.004758577836154542, 
19, 0000000000, 0000000000, 9.483717654147091e-06, 1.5513865315587405e-05, 0.9999069168081064 9.308319189352443e-05, 
20, 0000000000, 0000000000, 9.243376384783325e-06, 1.5088234690800057e-05, 0.9999094705918552 9.052940814480035e-05, 
21, 0000000000, 0000000000, 9.468012874443317e-06, 1.5487462486999072e-05, 0.9999070752250779 9.292477492199445e-05, 
22, 0000000000, 0000000000, 9.353342479324648e-06, 1.5299695523323275e-05, 0.99990820182686 9.179817313993966e-05, 
23, 0000000000, 0000000000, 8.818709902313365e-06, 1.4411440148998449e-05, 0.999913531359106 8.646864089399071e-05, 
24, 0000000000, 0000000000, 9.077517374778885e-06, 1.4851797923826561e-05, 0.999910889212457 8.911078754295937e-05, 
25, 0000000000, 0000000000, 9.284756896169477e-06, 1.5207322479351475e-05, 0.9999087560651239 9.124393487610887e-05, 
26, 0000000000, 0000000000, 9.301595831113966e-06, 1.5226778984736475e-05, 0.9999086393260916 9.136067390841885e-05, 
27, 0000000000, 0000000000, 8.962101268297116e-06, 1.4661415120028478e-05, 0.9999120315092799 8.796849072017087e-05, 
28, 0000000000, 0000000000, 9.072180682934111e-06, 1.4831478715997411e-05, 0.9999110111277041 8.898887229598448e-05, 
29, 0000000000, 0000000000, 8.893109774832639e-06, 1.4540356363037732e-05, 0.9999127848543296 8.718815316270354e-05 2.699250776143301e-08, 
30, 1111111111, 1111111111, 1.0, 1.0, 0.0 0.0 0.0 0.0 0.0 0.0 1.0, 
31, 0000000000, 0000000000, 9.150760370282255e-06, 1.4979982123763985e-05, 0.9999101201072573 8.987989274258392e-05, 
32, 0000000000, 0000000000, 9.054830450758294e-06, 1.4809375198474401e-05, 0.9999111437488092 8.885625119084641e-05, 
33, 0000000000, 0000000000, 9.602679641173358e-06, 1.5715967225805607e-05, 0.999905704196645 9.429580335483364e-05, 
34, 0000000000, 0000000000, 9.526785858026487e-06, 1.5591675273044377e-05, 0.9999064499483618 9.355005163826626e-05, 
35, 0000000000, 0000000000, 9.193317865425311e-06, 1.5040125460920185e-05, 0.9999097592472346 9.02407527655211e-05, 
36, 0000000000, 0000000000, 9.04236798138421e-06, 1.4786515441111436e-05, 0.9999112809073534 8.871909264666862e-05, 
37, 0000000000, 0000000000, 9.259256761140163e-06, 1.5146160645183762e-05, 0.9999091273779467 9.086828023556689e-05 4.341817767847151e-09, 
38, 0000000000, 0000000000, 8.923530445037228e-06, 1.457285503894877e-05, 0.9999125628697664 8.743713023369261e-05, 
39, 0000000000, 0000000000, 9.05081809404596e-06, 1.481095663948718e-05, 0.9999111342601631 8.886573983692309e-05, 
40, 0000000000, 0000000000, 9.180414674303396e-06, 1.5018166296163618e-05, 0.9999098910022229 9.010899777698171e-05, 
41, 0000000000, 0000000000, 8.871414348350847e-06, 1.4516679255537862e-05, 0.9999128999244667 8.710007553322716e-05, 
42, 0000000000, 0000000000, 9.695500938080106e-06, 1.588392242247329e-05, 0.9999046964654652 9.530353453483975e-05, 
43, 0000000000, 0000000000, 0.09004231554775262, 0.14725237655294493, 0.8309565596881711 7.59381157200943e-05 0.003294428772877511 0.005853049001439979 0.018682679998612062 0.062264469881649465 0.0788728745415298, 
44, 0000000000, 0000000000, 8.88599284841027e-06, 1.4523472677610899e-05, 0.9999128591639344 8.71408360656654e-05, 
45, 0000000000, 0000000000, 9.294544270658315e-06, 1.520981274043947e-05, 0.9999087411235574 9.125887644263682e-05, 
46, 0000000000, 0000000000, 9.095022047312696e-06, 1.487757122343668e-05, 0.9999107345726593 8.92654273406201e-05, 
47, 0000000000, 0000000000, 8.785532143301315e-06, 1.4360992671226819e-05, 0.9999138340439726 8.616595602736093e-05, 
48, 0000000000, 0000000000, 9.13649525648648e-06, 1.4948082977060027e-05, 0.9999103115021376 8.968849786236017e-05, 
49, 0000000000, 0000000000, 9.030157773771912e-06, 1.4767970237049481e-05, 0.9999113921785777 8.860782142229691e-05, 
50, 0000000000, 0000000000, 9.221248524506972e-06, 1.508322274317913e-05, 0.9999095006635409 9.049933645907478e-05, 
51, 0000000000, 0000000000, 8.701465360037797e-06, 1.422967887910843e-05, 0.9999146219267252 8.53780732746506e-05, 
52, 0000000000, 0000000000, 8.875524675330913e-06, 1.4511195151371314e-05, 0.9999129328290918 8.706717090822789e-05, 
53, 0000000000, 0000000000, 9.042998014956307e-06, 1.4795575285770139e-05, 0.9999112265482853 8.877345171462084e-05, 
54, 0000000000, 0000000000, 9.524241949105237e-06, 1.5589253828437563e-05, 0.9999064644770295 9.353552297062539e-05, 
55, 0000000000, 0000000000, 9.247406433002198e-06, 1.5122140974935793e-05, 0.9999092671541504 9.073284584961475e-05, 
56, 0000000000, 0000000000, 9.166154941007825e-06, 1.499380104936624e-05, 0.9999100371937037 8.996280629619744e-05, 
57, 0000000000, 0000000000, 0.0001518425455406259, 0.0001275407425875173, 0.9992348851185515 0.0007649853073719803 1.2957407656170072e-07, 
58, 0000000000, 0000000000, 9.121487594131058e-06, 1.4899659606928323e-05, 0.9999106020423584 8.939795764156994e-05, 
59, 0000000000, 0000000000, 9.234775598248712e-06, 1.5117487174475524e-05, 0.9999092950769531 9.070492304685315e-05, 
60, 0000000000, 0000000000, 0.000195684285276135, 0.00032586198912960525, 0.9989790438939119 8.674027739839076e-05 0.0009342158286896205, 
61, 0000000000, 0000000000, 9.025820025145573e-06, 1.4756717652396393e-05, 0.9999114596940856 8.854030591437836e-05, 
62, 0000000000, 0000000000, 9.201557916278362e-06, 1.5050659357456792e-05, 0.9999096960438553 9.030395614474077e-05, 
63, 0000000000, 0000000000, 9.244050289997291e-06, 1.5124118539643475e-05, 0.9999092941848947 9.066691897272949e-05 3.889613256568e-08, 
64, 0000000000, 0000000000, 8.965959886914933e-06, 1.466281635473167e-05, 0.9999120231018715 8.797689812839003e-05, 
65, 0000000000, 0000000000, 0.052032930054466194, 0.08518287910428317, 0.8867389671206072 8.24292732563423e-05 0.00977409279867842 0.012267403634732336 0.03002080146405299 0.03211659125735975 0.028999714451313014, 
66, 0000000000, 0000000000, 9.244401473765479e-06, 1.5117354290602851e-05, 0.9999092958742564 9.070412574361709e-05, 
67, 0000000000, 0000000000, 9.081133263959833e-06, 1.4855550273436202e-05, 0.9999109666607833 8.893337679265107e-05 9.996242398307436e-08, 
68, 0000000000, 0000000000, 8.6743489142953e-06, 1.4163296158713469e-05, 0.9999150202230477 8.497977695228082e-05, 
69, 0000000000, 0000000000, 9.378480333875655e-06, 1.5350937918461372e-05, 0.9999078943724892 9.210562751076827e-05, 
70, 0000000000, 0000000000, 9.276843665298417e-06, 1.51687841395496e-05, 0.9999089872951626 9.10127048372976e-05, 
71, 0000000000, 0000000000, 9.413006416463263e-06, 1.541763772534391e-05, 0.999907494173648 9.250582635206347e-05, 
72, 0000000000, 0000000000, 8.75797195965939e-06, 1.43295904471647e-05, 0.999914022457317 8.59775426829882e-05, 
73, 0000000000, 0000000000, 8.598081301858412e-06, 1.4045935896184646e-05, 0.999915724384623 8.427561537710787e-05, 
74, 0000000000, 0000000000, 9.237472518725751e-06, 1.5112197973938225e-05, 0.9999093268121564 9.067318784362935e-05, 
75, 0000000000, 0000000000, 8.797572584843094e-06, 1.4385443904171141e-05, 0.9999136906971268 8.630594232149488e-05 3.3605517659868507e-09, 
76, 0000000000, 0000000000, 9.231551217795138e-06, 1.5104832530960442e-05, 0.9999094321739197 9.050665697479392e-05 6.116910548437209e-08, 
77, 0000000000, 0000000000, 9.13949920387354e-06, 1.4953254898486903e-05, 0.9999102804706091 8.971952939092141e-05, 
78, 0000000000, 0000000000, 9.462719018035004e-06, 1.548006672425831e-05, 0.9999071195996544 9.288040034554986e-05, 
79, 0000000000, 0000000000, 9.131118472241377e-06, 1.49290315728117e-05, 0.9999104258105631 8.957418943687021e-05, 
80, 0000000000, 0000000000, 9.269013684234097e-06, 1.5166312815436211e-05, 0.9999090021231073 9.099787689261727e-05, 
81, 0000000000, 0000000000, 9.132577439115961e-06, 1.4931677009783564e-05, 0.9999104099379413 8.95900620587014e-05, 
82, 0000000000, 0000000000, 0.03584770901718178, 0.058638938431361476, 0.9317857191350202 8.829711110816344e-05 0.000674387765387694 0.006287009950441008 0.00988236908105538 0.01568724997118524 0.03559496698580242, 
83, 0000000000, 0000000000, 8.997317602793668e-06, 1.471029094866364e-05, 0.999911738254308 8.826174569198185e-05, 
84, 0000000000, 0000000000, 8.841533031793858e-06, 1.4465533986870717e-05, 0.9999132155821745 8.67756317300086e-05 8.786095607848393e-09, 
85, 0000000000, 0000000000, 8.910656214650079e-06, 1.4569011257006954e-05, 0.999912585932458 8.741406754204173e-05, 
86, 0000000000, 0000000000, 9.380753284236288e-06, 1.534941219078176e-05, 0.9999079035268553 9.209647314469055e-05, 
87, 0000000000, 0000000000, 9.31557053277561e-06, 1.5253598146965228e-05, 0.9999084784111183 9.152158888179137e-05, 
88, 0000000000, 0000000000, 9.114053464778736e-06, 1.4900152366729217e-05, 0.9999105990857996 8.940091420037532e-05, 
89, 0000000000, 0000000000, 0.02852081804021831, 0.04630041226729765, 0.9406727917508672 8.457199992130303e-05 0.00317723307177186 0.009169798531618685 0.00829308643862571 0.020933415132209855 0.017669103074985457, 
90, 0000000000, 0000000000, 9.28747623393368e-06, 1.5211688576659921e-05, 0.99990872986854 9.127013145995955e-05, 
91, 0000000000, 0000000000, 9.236143666969066e-06, 1.5123808304483866e-05, 0.9999092571501731 9.07428498269032e-05, 
92, 0000000000, 0000000000, 9.183338640775113e-06, 1.5006746282800666e-05, 0.9999099667202558 9.002608179166694e-05 7.197952568531035e-09, 
93, 0000000000, 0000000000, 9.273866232289416e-06, 1.5190869857308144e-05, 0.9999088547808562 9.114521914384887e-05, 
94, 0000000000, 0000000000, 8.902600790525287e-06, 1.4549377392743701e-05, 0.9999127037356436 8.72962643564622e-05, 
95, 0000000000, 0000000000, 9.094153227136833e-06, 1.4875353967377018e-05, 0.9999107478761958 8.925212380426211e-05, 
96, 0000000000, 0000000000, 9.463805862451655e-06, 1.548462435421932e-05, 0.9999070922538748 9.290774612531592e-05, 
97, 0000000000, 0000000000, 9.308241164649783e-06, 1.5232070249616528e-05, 0.9999086075785023 9.139242149769917e-05, 
98, 0000000000, 0000000000, 8.53314638264121e-06, 1.3926138123380282e-05, 0.9999164431712597 8.355682874028169e-05, 
99, 0000000000, 0000000000, 9.231721964309046e-06, 1.5089640135400564e-05, 0.9999094621591876 9.053784081240339e-05, 
100, 0000000000, 0000000000, 9.123459172712857e-06, 1.4916206212825432e-05, 0.9999105027627231 8.94972372769526e-05, 
run, initial grid state, final grid state, mean grid cell occupancy, mean binding site occupancy, fraction of time with N TFs bound, warning
1, 0000000000, 0000000000, 8.847225868069992e-06, 1.4458842979831123e-05, 0.9999132469421209 8.675305787898675e-05, 
2, 0000000000, 0000000000, 0.009171639918741939, 0.014996246605844449, 0.9770927656064625 9.205613385820095e-05 0.0043405265110373495 0.0057844304623295 0.004850046359047208 0.002590155907634667 0.005250019019630523, 
3, 0000000000, 0000000000, 9.463095751106517e-06, 1.549416823076232e-05, 0.9999070349906154 9.296500938457392e-05, 
4, 0000000000, 0000000000, 9.014465598499986e-06, 1.474744440075523e-05, 0.9999115153335953 8.848466640453139e-05, 
5, 0000000000, 0000000000, 8.854774532203392e-06, 1.4484537679080254e-05, 0.9999130927739255 8.690722607448152e-05, 
6, 0000000000, 0000000000, 8.961673981780408e-06, 1.4649613542239295e-05, 0.9999121023187465 8.789768125343577e-05, 
7, 0000000000, 0000000000, 9.430634530809277e-06, 1.5429311408911052e-05, 0.9999074331648904 9.255780176565533e-05 9.033343905494325e-09, 
8, 0000000000, 0000000000, 9.155187602909818e-06, 1.4977090341096179e-05, 0.9999101374579534 8.986254204657709e-05, 
9, 0000000000, 0000000000, 9.00231391015534e-06, 1.4749566497528333e-05, 0.9999115026010149 8.849739898517e-05, 
10, 0000000000, 0000000000, 8.862615098296769e-06, 1.4487213668746859e-05, 0.9999130767179876 8.692328201248115e-05, 
11, 0000000000, 0000000000, 9.098101051614133e-06, 1.488888356944612e-05, 0.9999106666985833 8.933330141667671e-05, 
