run, initial grid state, final grid state, mean grid cell occupancy, mean binding site occupancy, fraction of time with N TFs bound, warning
1, 0000000000, 0000000000, 5.7672398432212386e-05, 9.602826388264135e-05, 0.9994238304167041 0.0005761695832958482, 
2, 0000000000, 0000000000, 6.38231883351004e-05, 0.00010627560241638939, 0.9993623463855017 0.0006376536144983364, 
3, 0000000000, 0000000000, 5.7791647924421285e-05, 9.622292359942014e-05, 0.9994226624584035 0.0005773375415965209, 
4, 0000000000, 0000000000, 6.062942266761754e-05, 0.00010095857931451767, 0.999394248524113 0.0006057514758871061, 
5, 0000000000, 0000000000, 6.269606128018021e-05, 0.00010440330104660827, 0.9993735801937205 0.0006264198062796496, 
6, 0000000000, 0000000000, 5.8218709716360256e-05, 9.69385642475295e-05, 0.9994183686145148 0.0005816313854851771, 
7, 0000000000, 0000000000, 6.37886347107027e-05, 0.00010621908984996753, 0.9993626854609002 0.0006373145390998052, 
8, 0000000000, 0000000000, 6.194299388362042e-05, 0.00010314292068781799, 0.9993811424758731 0.000618857524126908, 
9, 0000000000, 0000000000, 6.258853518580643e-05, 0.00010422704399464512, 0.999374637736032 0.0006253622639678709, 
10, 0000000000, 0000000000, 6.512455265536369e-05, 0.00010844338426650091, 0.999349339694401 0.0006506603055990055, 
11, 0000000000, 0000000000, 6.0021025931660024e-05, 9.994111100401152e-05, 0.9994003533339758 0.0005996466660240691, 
12, 0000000000, 0000000000, 6.003152091629954e-05, 9.995826990859632e-05, 0.9994002503805484 0.0005997496194515779, 
13, 0000000000, 0000000000, 5.941719670097718e-05, 9.89262219506427e-05, 0.9994064426682961 0.0005935573317038562, 
14, 0000000000, 0000000000, 5.779110872380457e-05, 9.622616938781189e-05, 0.9994226429836731 0.0005773570163268714, 
15, 0000000000, 0000000000, 6.091127877541895e-05, 0.00010142446514284871, 0.9993914532091429 0.0006085467908570923, 
16, 0000000000, 0000000000, 6.0995898306022024e-05, 0.00010156419562203199, 0.9993914111267577 0.0006077925727524437 7.963004898741131e-07, 
17, 0000000000, 0000000000, 6.365746355115368e-05, 0.00010600867091418066, 0.9993640669054055 0.0006358141637039638 1.1893089056015013e-07, 
18, 0000000000, 0000000000, 6.151771213855909e-05, 0.00010243683933687749, 0.9993873040318816 0.0006107709002155446 1.925067902860187e-06, 
19, 0000000000, 0000000000, 5.969979720736117e-05, 9.939983225155743e-05, 0.999403904212245 0.0005957925820005118 3.032057544163295e-07, 
20, 0000000000, 0000000000, 6.005934739103305e-05, 0.00010001288316240855, 0.9994002954399206 0.0005993318211843852 3.72738895033087e-07, 
21, 0000000000, 0000000000, 5.9782740960078156e-05, 9.954352876156287e-05, 0.9994027388274306 0.0005972611725693772, 
22, 0000000000, 0000000000, 6.384852319223235e-05, 0.00010632393757888549, 0.9993620563745266 0.0006379436254733131, 
23, 0000000000, 0000000000, 6.661838793732971e-05, 0.00011093647884887243, 0.9993343811269069 0.0006656188730932345, 
24, 0000000000, 0000000000, 5.7348703861178686e-05, 9.549122080417823e-05, 0.9994273264073117 0.0005723998605515258 2.737321367717924e-07, 
25, 0000000000, 0000000000, 6.0066932416306116e-05, 0.00010001395398995902, 0.9993999162760602 0.000600083723939754, 
26, 0000000000, 0000000000, 5.5252911573715965e-05, 9.200143671478946e-05, 0.9994479913797112 0.0005520086202887367, 
27, 0000000000, 0000000000, 6.118046935203614e-05, 0.00010187677684557277, 0.9993887393389265 0.0006112606610734365, 
28, 0000000000, 0000000000, 6.31626549765666e-05, 0.00010517414301905736, 0.9993689551418856 0.0006310448581143442, 
29, 0000000000, 0000000000, 6.560050614152857e-05, 0.00010924305405786373, 0.999345188938837 0.0006541637979788597 6.472631841614132e-07, 
30, 0000000000, 0000000000, 6.549236996114478e-05, 0.00010905574076168765, 0.9993456655554299 0.000654334444570126, 
31, 0000000000, 0000000000, 5.863756349123333e-05, 9.76419966736019e-05, 0.9994141480199583 0.0005858519800416113, 
32, 0000000000, 0000000000, 6.277698421923021e-05, 0.000104539437726069, 0.9993727633736436 0.000627236626356414, 
33, 0000000000, 0000000000, 0.0006977091626427477, 0.0011627576408779403, 0.9962321609231821 0.0005617809167359964 0.003203409551713807 2.648608368010748e-06, 
34, 0000000000, 0000000000, 6.20301932275378e-05, 0.00010329428400444551, 0.9993802342959733 0.0006197657040266731, 
35, 0000000000, 0000000000, 6.746264426981129e-05, 0.000112339287149679, 0.999325964277102 0.000674035722898074, 
36, 0000000000, 0000000000, 0.0005903120489213664, 0.000983758578264193, 0.9967655221707246 0.0005692546827027367 0.002662372652835959 2.850493736834753e-06, 
37, 0000000000, 0000000000, 6.38425084392965e-05, 0.00010631283827806401, 0.9993621835976964 0.0006377557749388406 6.06273647717067e-08, 
38, 0000000000, 0000000000, 6.160706302477426e-05, 0.00010258511817665694, 0.99938448929094 0.0006155107090599417, 
39, 0000000000, 0000000000, 6.338645001061129e-05, 0.00010555236760545706, 0.9993666857943673 0.0006333142056327423, 
40, 0000000000, 0000000000, 5.6620508798541734e-05, 9.427348135362418e-05, 0.9994343591118782 0.0005656408881217452, 
41, 0000000000, 0000000000, 6.430016557265244e-05, 0.00010706418702763881, 0.9993576148778343 0.0006423851221658329, 
42, 0000000000, 0000000000, 5.839919891378546e-05, 9.723622982362327e-05, 0.9994165826210583 0.0005834173789417397, 
43, 0000000000, 0000000000, 6.224144454796672e-05, 0.00010364856487718978, 0.9993781086107368 0.0006218913892631387, 
44, 0000000000, 0000000000, 6.249926146975069e-05, 0.0001040767923039592, 0.9993755392461762 0.0006244607538237552, 
45, 0000000000, 0000000000, 6.401249749212655e-05, 0.00010659781221519295, 0.9993604131267088 0.0006395868732911579, 
46, 0000000000, 0000000000, 5.9264110371188745e-05, 9.867385137913526e-05, 0.9994079568917251 0.0005920431082748116, 
47, 0000000000, 0000000000, 6.316814091078543e-05, 0.00010518745783250335, 0.9993689170194017 0.0006310412142016117 4.1766396704174215e-08, 
48, 0000000000, 0000000000, 5.9458229908430265e-05, 9.900583363415489e-05, 0.999405964998195 0.0005940350018049294, 
49, 0000000000, 0000000000, 6.50113998523076e-05, 0.0001082570598374842, 0.9993506367113428 0.0006491842182893927 1.79070367756344e-07, 
50, 0000000000, 0000000000, 0.0003660701252794708, 0.0006100262519915249, 0.9978672320417971 0.0006053784044567264 0.001527389553746212, 
51, 0000000000, 0000000000, 0.00019659752179861635, 0.00032757517181955607, 0.9987008997809702 0.0006339542657559812 0.0006639410946599641 1.2048586138089497e-06, 
52, 0000000000, 0000000000, 6.296087836290388e-05, 0.0001048381678422456, 0.9993712745371999 0.0006284219185466842 3.0354425339471725e-07, 
53, 0000000000, 0000000000, 5.6355371137358644e-05, 9.384023707597662e-05, 0.9994369585775441 0.0005630414224558598, 
54, 0000000000, 0000000000, 6.084369740970465e-05, 0.00010132239924217318, 0.9993925611542814 0.0006069432959841722 4.955497344334919e-07, 
55, 0000000000, 0000000000, 5.865235760135952e-05, 9.766185655220061e-05, 0.9994140288606868 0.0005859711393132038, 
56, 0000000000, 0000000000, 6.147267088490801e-05, 0.00010235186790672993, 0.9993858887925595 0.0006141112074403795, 
57, 0000000000, 0000000000, 6.268434015011319e-05, 0.00010438303417523524, 0.9993737017949487 0.0006262982050514114, 
58, 0000000000, 0000000000, 0.0005314253056755687, 0.0008856067765184734, 0.9970043425260293 0.000678782199505182 0.0023157673637909547 1.1079106745833442e-06, 
59, 0000000000, 0000000000, 6.479821744359325e-05, 0.00010790853159167604, 0.9993525488104499 0.0006474511895500563, 
60, 0000000000, 0000000000, 6.429447730102541e-05, 0.00010705742747142379, 0.9993579712625741 0.000641712910023314 3.158274026144118e-07, 
61, 0000000000, 0000000000, 0.0005604850811826068, 0.0009340517744105088, 0.9969016900050698 0.0005947563437458906 0.0025011066508359 2.44700034845443e-06, 
62, 0000000000, 0000000000, 0.00023559288476929468, 0.0003925567539161928, 0.9984995069954558 0.0006456454855913278 0.0008548475189529145, 
63, 0000000000, 0000000000, 6.838579745396803e-05, 0.0001138839133175892, 0.9993166965200945 0.0006833034799055351, 
64, 0000000000, 0000000000, 6.0874863487250595e-05, 0.0001013734132911002, 0.9993917595202534 0.0006082404797466012, 
65, 0000000000, 0000000000, 6.073791844464088e-05, 0.00010113039068030716, 0.9993932176559182 0.000606782344081843, 
66, 0000000000, 0000000000, 6.387137685178186e-05, 0.0001063594340761789, 0.999361843395543 0.0006381566044570734, 
67, 0000000000, 0000000000, 5.937582384508787e-05, 9.887064055823228e-05, 0.9994067761566506 0.0005932238433493937, 
68, 0000000000, 0000000000, 0.00042780995979397024, 0.0007129312743340583, 0.9975697061180618 0.000583229804798299 0.0018468343902133758 2.2968692643301826e-07, 
69, 0000000000, 0000000000, 6.492100329093154e-05, 0.00010810788107341705, 0.9993513527135595 0.0006486472864405024, 
70, 0000000000, 0000000000, 6.304544841153114e-05, 0.000104986180488004, 0.9993705780232562 0.0006289268705594422 4.95106184290988e-07, 
71, 0000000000, 0000000000, 0.0011408990532109674, 0.0019014021521359028, 0.9942743981010963 0.0006146187002653525 0.004539919766043838 0.0005702990499157626 7.64382678775915e-07, 
72, 0000000000, 0000000000, 0.0024175904520238223, 0.0040242098071501175, 0.9909745408849048 0.0006034319987165981 0.0017272706763459952 0.006691740268638758 3.016171393962133e-06, 
73, 0000000000, 0000000000, 6.570720174901777e-05, 0.0001094097932170238, 0.9993435412406979 0.0006564587593021428, 
74, 0000000000, 0000000000, 5.9947146520051165e-05, 9.982269833522411e-05, 0.9994010638099886 0.0005989361900113447, 
75, 0000000000, 0000000000, 6.358180468862089e-05, 0.00010587240951382113, 0.9993653378493594 0.0006340898441984053 5.723064422607421e-07, 
76, 0000000000, 0000000000, 5.877566327448759e-05, 9.786126285083755e-05, 0.9994128324228949 0.0005871675771050253, 
77, 0000000000, 0000000000, 6.136698268281141e-05, 0.00010217910359240368, 0.9993869253784455 0.0006130746215544221, 
78, 0000000000, 0000000000, 6.556851075055657e-05, 0.00010918390609503078, 0.9993448965634298 0.0006551034365701847, 
79, 0000000000, 0000000000, 5.652082095608109e-05, 9.411585161580326e-05, 0.9994353048903052 0.0005646951096948196, 
80, 0000000000, 0000000000, 0.00377462967761425, 0.00629094852326201, 0.98723771258382 0.0006190959094012413 0.003119520321541712 0.006530518263628368 0.001169764811840852 0.0013233881097677773, 
81, 0000000000, 0000000000, 6.14101136820417e-05, 0.00010225259782767983, 0.9993864844130339 0.000613515586966079, 
82, 0000000000, 0000000000, 0.001485648053589287, 0.0024759771869825786, 0.9932211459562037 0.0006320416933347485 0.0042166156228238905 0.0019301967276376484, 
83, 0000000000, 0000000000, 5.624992071312664e-05, 9.364581165748115e-05, 0.999438125130055 0.0005618748699448869, 
84, 0000000000, 0000000000, 6.571525900491253e-05, 0.0001094329997802029, 0.9993434164051362 0.0006565691910461939 1.4403817511740184e-08, 
85, 0000000000, 0000000000, 5.7477325103526164e-05, 9.567474848280866e-05, 0.9994259515091032 0.000574048490896852, 
86, 0000000000, 0000000000, 6.318634089139676e-05, 0.00010521881524254957, 0.9993691179604155 0.0006304511877136903 4.308518708036059e-07, 
87, 0000000000, 0000000000, 6.841764563995904e-05, 0.0001139388699682597, 0.9993164458326494 0.0006834751148916687 7.90524589447748e-08, 
88, 0000000000, 0000000000, 6.231384178568904e-05, 0.00010375779688764737, 0.9993774532186741 0.0006225467813258843, 
89, 0000000000, 0000000000, 5.859165690757642e-05, 9.755878411018443e-05, 0.9994146472953389 0.0005853527046611066, 
90, 0000000000, 0000000000, 6.0444713773102844e-05, 0.00010064002526974802, 0.9993972046862958 0.0006017504757898724 1.044837914307912e-06, 
91, 0000000000, 0000000000, 6.213942119288265e-05, 0.00010348034083358173, 0.9993793008548519 0.0006205162452945431 1.828998534736179e-07, 
92, 0000000000, 0000000000, 6.145679763428265e-05, 0.00010233653018857462, 0.9993859808188684 0.0006140191811314478, 
93, 0000000000, 0000000000, 6.633737526580836e-05, 0.00011047030180094294, 0.9993386178757324 0.0006599424377294684 1.4396865380945658e-06, 
94, 0000000000, 0000000000, 6.268806420045457e-05, 0.00010437639360197299, 0.9993737416383882 0.000626258361611838, 
95, 0000000000, 0000000000, 6.562720593387554e-05, 0.00010929294434823226, 0.9993442423339106 0.0006557576660893937, 
96, 0000000000, 0000000000, 6.217705089813176e-05, 0.00010352266070991129, 0.9993788640357406 0.0006211359642594678, 
97, 0000000000, 0000000000, 6.196329404460925e-05, 0.00010317891995302578, 0.9993809264802818 0.0006190735197181546, 
98, 0000000000, 0000000000, 5.691052047875005e-05, 9.476007574467555e-05, 0.9994314395455318 0.0005685604544680534, 
99, 0000000000, 0000000000, 6.429056373734913e-05, 0.00010705818750674665, 0.9993576508749595 0.0006423491250404799, 
100, 0000000000, 0000000000, 6.280413418336127e-05, 0.00010458813822511219, 0.999372495345044 0.0006274804805611743 2.4174394749459763e-08, 
run, initial grid state, final grid state, mean grid cell occupancy, mean binding site occupancy, fraction of time with N TFs bound, warning
1, 0000000000, 0000000000, 6.322058690769507e-05, 0.0001052756683308579, 0.9993683459900148 0.0006316540099851474, 
2, 0000000000, 0000000000, 6.489279643170551e-05, 0.00010806110953002357, 0.9993516333428197 0.0006483666571801414, 
3, 0000000000, 0000000000, 5.830012312687602e-05, 9.706798064090923e-05, 0.9994177500193241 0.0005820920775062142 1.5790316962060472e-07, 
4, 0000000000, 0000000000, 6.389140792711806e-05, 0.00010639224216307313, 0.9993616465470215 0.0006383534529784388, 
5, 0000000000, 0000000000, 6.12907613181795e-05, 0.0001020488798432395, 0.9993881398300083 0.0006114270609239665 4.331090677352178e-07, 
6, 0000000000, 0000000000, 6.569450232354823e-05, 0.00010939808592434911, 0.9993436114844539 0.0006563885155460946, 
7, 0000000000, 0000000000, 5.995806279718408e-05, 9.982924236291192e-05, 0.9994015073334768 0.0005980098788691261 4.827876541728064e-07, 
8, 0000000000, 0000000000, 5.4008782766883174e-05, 8.9915812604475e-05, 0.9994605051243731 0.0005394948756268501, 
9, 0000000000, 0000000000, 5.997283158684187e-05, 9.986062125265815e-05, 0.9994008362724841 0.000599163727515949, 
10, 0000000000, 0000000000, 6.29733568604727e-05, 0.00010484980550885908, 0.9993709011669469 0.0006290988330531545, 
11, 0000000000, 0000000000, 6.466050079895017e-05, 0.00010767528423610957, 0.9993539482945833 0.0006460517054166574, 
12, 0000000000, 0000000000, 5.8450591045790704e-05, 9.731807395440051e-05, 0.9994162067780393 0.0005836780001949438 1.1522176572964304e-07, 
13, 0000000000, 0000000000, 6.451871259004229e-05, 0.00010742929331993662, 0.9993558339703841 0.0006437562993123635 4.0973030362810404e-07, 
14, 0000000000, 0000000000, 6.87562410552959e-05, 0.00011449947926050139, 0.9993130031244369 0.0006869968755630083, 
15, 0000000000, 0000000000, 5.889439854151924e-05, 9.80549686540111e-05, 0.999411670188076 0.0005883298119240666, 
16, 0000000000, 0000000000, 0.0006538325806285789, 0.001089624441592326, 0.9964389159274343 0.000584421495577335 0.0029766625769883106, 
17, 0000000000, 0000000000, 6.094485259849387e-05, 0.00010136218485642949, 0.9993918268908614 0.0006081731091385771, 
18, 0000000000, 0000000000, 6.495074948664914e-05, 0.00010816417289693298, 0.9993512279415921 0.0006485590794340826 2.12978973757653e-07, 
19, 0000000000, 0000000000, 6.390639251963035e-05, 0.00010641264645906911, 0.999361860563111 0.0006378029950234582 3.364418654782431e-07, 
20, 0000000000, 0000000000, 6.514087491631482e-05, 0.00010847735961541711, 0.9993491358423076 0.0006508641576925027, 
21, 0000000000, 0000000000, 6.675942475134052e-05, 0.00011116632272390584, 0.999333124623512 0.0006667528166325583 1.2255985543841407e-07, 
22, 0000000000, 0000000000, 5.941624613365094e-05, 9.892850105349023e-05, 0.9994064289936792 0.0005935710063209415, 
23, 0000000000, 0000000000, 6.180976575110134e-05, 0.00010292703509411137, 0.9993824377894353 0.0006175622105646682, 
24, 0000000000, 0000000000, 6.416978058093728e-05, 0.00010685624030386429, 0.9993588625581767 0.0006411374418231857, 
25, 0000000000, 0000000000, 6.603068599182642e-05, 0.00010995717942514395, 0.9993402569234492 0.0006597430765508638, 
26, 0000000000, 0000000000, 5.9657097568193015e-05, 9.934145890327768e-05, 0.9994039512465803 0.0005960487534196662, 
27, 0000000000, 0000000000, 0.000895891391552546, 0.0014930528399779229, 0.9962353603756237 0.000609336343200049 0.0011169291468611216 0.002038374134315082, 
28, 0000000000, 0000000000, 6.209656643211433e-05, 0.00010340132253863024, 0.9993795920647681 0.0006204079352317816, 
29, 0000000000, 0000000000, 6.0081938170156406e-05, 0.00010004497062110677, 0.9993997301762734 0.0006002698237266407, 
30, 0000000000, 0000000000, 5.970183224429122e-05, 9.940097522116255e-05, 0.999403594148673 0.0005964058513269753, 
31, 0000000000, 0000000000, 6.32258550270112e-05, 0.00010528186621827117, 0.9993683088026903 0.000631691197309627, 
32, 0000000000, 0000000000, 6.403625317914717e-05, 0.00010662936478564567, 0.9993607332835452 0.0006387572441956485 5.094722591127668e-07, 
33, 0000000000, 0000000000, 6.474691673669283e-05, 0.00010782191736270065, 0.9993530684958237 0.0006469315041762039, 
34, 0000000000, 0000000000, 6.153808656790346e-05, 0.00010247833925914269, 0.9993853832403022 0.0006143634838406857 2.5327585708527336e-07, 
35, 0000000000, 0000000000, 6.58876168526024e-05, 0.0001097288158322536, 0.9993416596063955 0.0006583078922154911 3.2501389015288577e-08, 
36, 0000000000, 0000000000, 6.16077898315898e-05, 0.00010257935282365374, 0.9993845238830581 0.0006154761169419224, 
37, 0000000000, 0000000000, 6.173832609101324e-05, 0.00010281176030519595, 0.9993831294381688 0.0006168705618311757, 
38, 0000000000, 0000000000, 6.287089940008598e-05, 0.00010468154263392688, 0.9993720097529487 0.0006278912382987785 9.900875239145187e-08, 
39, 0000000000, 0000000000, 6.346397988112654e-05, 0.0001056723358052141, 0.9993663115741762 0.0006333428368162683 3.45589007508187e-07, 
40, 0000000000, 0000000000, 6.365972916314968e-05, 0.0001060001031308683, 0.9993639993812149 0.0006360006187852099, 
41, 0000000000, 0000000000, 5.9753367158253394e-05, 9.949177533124097e-05, 0.9994030493480125 0.0005969506519874459, 
42, 0000000000, 0000000000, 6.103455832141727e-05, 0.00010162382961740406, 0.9993902570222956 0.0006097429777044243, 
43, 0000000000, 0000000000, 6.26437012887608e-05, 0.00010431644529859315, 0.9993756769598995 0.000622747408409266 1.5756316911464644e-06, 
44, 0000000000, 0000000000, 6.17784021034575e-05, 0.00010187597771932791, 0.999388744133684 0.0006112558663159674, 
45, 0000000000, 0000000000, 6.137443165142282e-05, 0.00010220059804584478, 0.9993867964117249 0.0006132035882750687, 
46, 0000000000, 0000000000, 5.9025090345234615e-05, 9.828387585074145e-05, 0.9994102967448956 0.0005897032551044486, 
47, 0000000000, 0000000000, 6.227784016292943e-05, 0.00010369773331425194, 0.9993778136001145 0.0006221863998855118, 
48, 0000000000, 0000000000, 6.319827264356593e-05, 0.00010523444658140807, 0.9993688872287821 0.0006308188629473671 2.939082705406915e-07, 
49, 0000000000, 0000000000, 6.381040581336029e-05, 0.00010625500967937783, 0.9993624699419237 0.000637530058076267, 
50, 0000000000, 0000000000, 6.047045256811175e-05, 0.00010068893763563028, 0.9993958663741862 0.0006041336258137817, 
51, 0000000000, 0000000000, 5.5892026303091676e-05, 9.30558093876478e-05, 0.999441665143674 0.0005583348563258868, 
52, 0000000000, 0000000000, 5.966532156620214e-05, 9.934644968691919e-05, 0.9994039213018785 0.0005960786981215152, 
53, 0000000000, 0000000000, 6.396614540155616e-05, 0.00010651345842380508, 0.9993612662389993 0.0006383867714584523 3.469895421890985e-07, 
54, 0000000000, 0000000000, 0.015788765800264316, 0.026313132728700124, 0.959586092830941 0.0006012011112712939 0.0044314730401169965 0.008689247644469624 0.012290629733690078 0.013223746524540128 0.0011776091149709336, 
55, 0000000000, 0000000000, 6.00311471499128e-05, 9.99573458503073e-05, 0.9994002559248981 0.0005997440751018437, 
56, 0000000000, 0000000000, 0.00018398139963824543, 0.00030654743002503924, 0.998771798003046 0.0006172265903650753 0.0006108682299813202 1.0717660750661576e-07, 
57, 0000000000, 0000000000, 5.997404734710518e-05, 9.987297924636437e-05, 0.9994007749242532 0.0005992122760155408 1.279973132269723e-08, 
58, 0000000000, 0000000000, 0.00019263533889345833, 0.0003209709122186301, 0.9987307787079894 0.0006126171107092747 0.0006566041813012531, 
59, 0000000000, 0000000000, 0.014423914255340337, 0.02403742046017149, 0.9557283258003406 0.0006133604823282345 0.010874024596270833 0.015063625530495018 0.011931081458152474 0.005789582132412819, 
60, 0000000000, 0000000000, 6.372831600766705e-05, 0.00010612176297551641, 0.9993632694221468 0.0006367305778530984, 
61, 0000000000, 0000000000, 5.543794859105691e-05, 9.230641799979487e-05, 0.9994461614920012 0.0005538385079987692, 
62, 0000000000, 0000000000, 0.0005682867103370709, 0.0009470510239344821, 0.996858690693926 0.0006018753034138605 0.0025378711677873983 1.562834872745332e-06, 
63, 0000000000, 0000000000, 6.271084387770942e-05, 0.00010442612823302413, 0.9993734432306018 0.0006265567693981448, 
64, 0000000000, 0000000000, 6.291187605382139e-05, 0.00010476037346815178, 0.9993714377591911 0.0006285622408089107, 
65, 0000000000, 0000000000, 6.352572441678982e-05, 0.00010577333901256979, 0.9993653599659246 0.0006346400340754188, 
66, 0000000000, 0000000000, 6.428245502044911e-05, 0.00010704618201976442, 0.9993592106501727 0.0006393016075357763 1.4877422914050873e-06, 
67, 0000000000, 0000000000, 6.39159703788926e-05, 0.0001064324388995007, 0.999361405366603 0.0006385946333970043, 
68, 0000000000, 0000000000, 6.221663447994971e-05, 0.00010360103541306506, 0.9993792008528292 0.0006199920818633377 8.070653075263613e-07, 
69, 0000000000, 0000000000, 0.0002335643455623295, 0.0003891853356527316, 0.9985112935148771 0.000642300956329266 0.0008464055287935619, 
70, 0000000000, 0000000000, 5.797346267911364e-05, 9.65303238060124e-05, 0.999420818057164 0.0005791819428360745, 
71, 0000000000, 0000000000, 0.0005737294495150965, 0.0009561300760426305, 0.9968292939032393 0.0006070230172682614 0.0025612917994900825 2.391280002452078e-06, 
72, 0000000000, 0000000000, 6.125564240830874e-05, 0.00010199383417487811, 0.9993880369949508 0.0006119630050492687, 
73, 0000000000, 0000000000, 6.448347390921124e-05, 0.00010738360056597686, 0.9993562207024382 0.0006432569917277286 5.223058340663001e-07, 
74, 0000000000, 0000000000, 6.712031528037147e-05, 0.00011177930567425437, 0.9993306264216556 0.0006680713226431918 1.3022557011672428e-06, 
75, 0000000000, 0000000000, 5.924714006280556e-05, 9.865325138933947e-05, 0.999408080491664 0.0005919195083360369, 
76, 0000000000, 0000000000, 6.147821213024459e-05, 0.00010237893544844505, 0.9993857263873094 0.0006142736126906704, 
77, 0000000000, 0000000000, 6.0884651337255854e-05, 0.00010139109146298041, 0.9993916534512222 0.0006083465487778826, 
78, 0000000000, 0000000000, 5.624905784531299e-05, 9.364973967721122e-05, 0.9994381015619368 0.0005618984380632674, 
79, 0000000000, 0000000000, 6.615107904760632e-05, 0.00011015412352501731, 0.9993390752588499 0.0006609247411501039, 
80, 0000000000, 0000000000, 5.743486128886748e-05, 9.562287639074706e-05, 0.9994262627416555 0.0005737372583444824, 
81, 0000000000, 0000000000, 5.873483631177325e-05, 9.78000251338674e-05, 0.9994131998491969 0.0005868001508032044, 
82, 0000000000, 0000000000, 5.9089710102112944e-05, 9.839170940264374e-05, 0.9994098293277124 0.0005899910881592562 1.795841283031872e-07, 
83, 0000000000, 0000000000, 6.654071143794347e-05, 0.00011080098461855511, 0.9993352934914229 0.0006646071094429217 9.939913420450119e-08, 
84, 0000000000, 0000000000, 5.746904079371864e-05, 9.568454939151931e-05, 0.9994258927036509 0.000574107296349116, 
85, 0000000000, 0000000000, 5.6197978817511856e-05, 9.35672668062996e-05, 0.9994387231213095 0.0005611501565430952 1.2672214735121953e-07, 
86, 0000000000, 0000000000, 0.0002142366274038633, 0.0003569655780503875, 0.9986294359513471 0.0005993346290034985 0.0007712294196494135, 
87, 0000000000, 0000000000, 6.210953783487495e-05, 0.00010341758786385279, 0.9993799220603143 0.0006196503521881939 4.2758749746140977e-07, 
88, 0000000000, 0000000000, 6.160629757345307e-05, 0.00010258228873147227, 0.9993849961512942 0.0006145139650228105 4.898836830116453e-07, 
89, 0000000000, 0000000000, 6.0364574462967e-05, 0.00010051369904035347, 0.9993974801561951 0.0006019574933675197 5.623504373005457e-07, 
90, 0000000000, 0000000000, 6.035576630759012e-05, 0.00010048854031600299, 0.999397068758104 0.0006029312418960181, 
91, 0000000000, 0000000000, 5.7904492570755126e-05, 9.640419991285269e-05, 0.9994215748005228 0.0005784251994771162, 
92, 0000000000, 0000000000, 6.489512155953171e-05, 0.00010807075534128334, 0.9993515754679523 0.0006484245320477, 
93, 0000000000, 0000000000, 6.307855274422946e-05, 0.0001050354053896532, 0.999369787567662 0.0006302124323379193, 
94, 0000000000, 0000000000, 0.0011107224036213624, 0.0018502037533885095, 0.994849507317206 0.0006170520672483305 0.0031164955743773703 0.0014166008603457964 3.441808226491723e-07, 
95, 0000000000, 0000000000, 5.780292375795399e-05, 9.624406663121389e-05, 0.9994225356002128 0.0005774643997872833, 
96, 0000000000, 0000000000, 5.9441757788294905e-05, 9.896993498883693e-05, 0.999406180390067 0.0005938196099330216, 
97, 0000000000, 0000000000, 6.432168693339268e-05, 0.00010711102662523035, 0.9993573338402486 0.0006426661597513821, 
98, 0000000000, 0000000000, 6.017183338437549e-05, 0.00010018571645272151, 0.9993988857012837 0.0006011142987163292, 
99, 0000000000, 0000000000, 6.437459127768505e-05, 0.00010719149257833783, 0.99935685104453 0.0006431489554700271, 
100, 0000000000, 0000000000, 5.848373039471631e-05, 9.738434307670386e-05, 0.9994156939415397 0.0005843060584602231, 
run, initial grid state, final grid state, mean grid cell occupancy, mean binding site occupancy, fraction of time with N TFs bound, warning
1, 0000000000, 0000000000, 6.314312295897654e-05, 0.00010515061618624714, 0.9993690963028825 0.0006309036971174829, 
2, 0000000000, 0000000000, 6.466556989931286e-05, 0.00010768680003041946, 0.9993538791998176 0.0006461208001825168, 
3, 0000000000, 0000000000, 6.15095174249846e-05, 0.00010241064417647807, 0.9993857839488365 0.0006139682372682074 2.478138953305426e-07, 
4, 0000000000, 0000000000, 5.970785540137497e-05, 9.940986067558172e-05, 0.9994035408359465 0.0005964591640534903, 
5, 0000000000, 0000000000, 6.106243281901005e-05, 0.00010166903723705616, 0.9993899857765776 0.0006100142234223369, 
6, 0000000000, 0000000000, 6.006688261604232e-05, 0.00010002234627496789, 0.9994004363415346 0.0005989932392808465 5.704191844803945e-07, 
7, 0000000000, 0000000000, 6.110179013187198e-05, 0.00010174078481045062, 0.9993895552911374 0.0006104447088627038, 
8, 0000000000, 0000000000, 6.123822589860479e-05, 0.00010196317797765772, 0.999388220932134 0.0006117790678659465, 
9, 0000000000, 0000000000, 6.17660210939707e-05, 0.00010285980386562859, 0.9993828411768063 0.0006171588231937716, 
10, 0000000000, 0000000000, 5.98118883516345e-05, 9.959978149939416e-05, 0.9994024013110037 0.0005975986889963649, 
11, 0000000000, 0000000000, 5.600798080055094e-05, 9.325561465796957e-05, 0.9994409430444093 0.0005585802232335288 4.7673235714435573e-07, 
12, 0000000000, 0000000000, 6.084033462016083e-05, 0.00010129169104917252, 0.9993922498537049 0.0006077501462950351, 
13, 0000000000, 0000000000, 5.997084675991936e-05, 9.98548973803961e-05, 0.9994008706157177 0.0005991293842823766, 
14, 0000000000, 0000000000, 6.263568125300342e-05, 0.00010429533153710614, 0.9993742280107774 0.0006257719892226369, 
15, 0000000000, 0000000000, 6.228843908456482e-05, 0.00010370374507743414, 0.9993777775295354 0.0006222224704646047, 
16, 0000000000, 0000000000, 6.452068009303514e-05, 0.0001074343569805693, 0.9993553938581166 0.000644606141883416, 
17, 0000000000, 0000000000, 5.999000295641957e-05, 9.989465614256983e-05, 0.999400678007293 0.0005992760485584459 4.594414848656881e-08, 
18, 0000000000, 0000000000, 5.737510083818041e-05, 9.552292666340741e-05, 0.9994268624400195 0.0005731375599804444, 
19, 0000000000, 0000000000, 6.312005095801516e-05, 0.00010510639210238816, 0.9993693616473857 0.0006306383526143289, 
20, 0000000000, 0000000000, 6.405100860644516e-05, 0.0001066565955351542, 0.9993600604267892 0.0006399395732109252, 
21, 0000000000, 0000000000, 6.666268416709596e-05, 0.00011101483388841464, 0.9993339109966695 0.0006660890033304879, 
22, 0000000000, 0000000000, 6.398841141817177e-05, 0.00010655555271863078, 0.9993606666836882 0.0006393333163117848, 
23, 0000000000, 0000000000, 5.820620282941961e-05, 9.692174656267782e-05, 0.999418469520624 0.000581530479376067, 
24, 0000000000, 0000000000, 6.390497413832876e-05, 0.00010640635809618222, 0.9993615618514229 0.0006384381485770934, 
25, 0000000000, 0000000000, 0.0026668507337520857, 0.0044446578007349665, 0.9903967806466127 0.000631059707247059 0.004256124023672966 0.001339503440051987 0.0033765321824152125, 
26, 0000000000, 0000000000, 5.775122545076273e-05, 9.61493817205574e-05, 0.9994231037096767 0.0005768962903233444, 
27, 0000000000, 0000000000, 6.280918834745082e-05, 0.0001045963315553382, 0.999372422010668 0.0006275779893320292, 
28, 0000000000, 0000000000, 0.00013409626015088298, 0.00022339501483330314, 0.9990441167418618 0.0005724479645062428 0.00038238375640244705 1.0515372295606702e-06, 
29, 0000000000, 0000000000, 6.483583706791878e-05, 0.0001079660052921268, 0.9993525054785336 0.0006471930111800985 3.0151028633117674e-07, 
30, 0000000000, 0000000000, 6.182553443195546e-05, 0.00010295560749184568, 0.9993822663550489 0.0006177336449510741, 
31, 0000000000, 0000000000, 6.602446677441112e-05, 0.0001099468215439258, 0.9993403190707365 0.0006596809292635549, 
32, 0000000000, 0000000000, 5.9724094456360105e-05, 9.945405964384887e-05, 0.9994032756421369 0.0005967243578630932, 
33, 0000000000, 0000000000, 6.048528129410974e-05, 0.00010070886980839885, 0.9993957467811496 0.0006042532188503931, 
34, 0000000000, 0000000000, 6.57901425996788e-05, 0.00010955385793579788, 0.9993436531572818 0.0006553705378216693 9.76304896559034e-07, 
35, 0000000000, 0000000000, 5.636871318033254e-05, 9.384864913774251e-05, 0.9994369081051736 0.0005630918948264552, 
36, 0000000000, 0000000000, 6.806738170901197e-05, 0.00011335153295701139, 0.9993198908022579 0.0006801091977420683, 
37, 0000000000, 0000000000, 5.943516373855491e-05, 9.896489509035125e-05, 0.9994062106294579 0.0005937893705421076, 
38, 0000000000, 0000000000, 6.210132428736643e-05, 0.00010340869181187261, 0.9993795478491287 0.0006204521508712357, 
39, 0000000000, 0000000000, 0.00015354690040355956, 0.000255824296755176, 0.9989186489364575 0.0006277563465539064 0.00045359471698857483, 
40, 0000000000, 0000000000, 6.323568219308501e-05, 0.00010529163292951184, 0.9993682502024229 0.000631749797577071, 
41, 0000000000, 0000000000, 6.047914870932821e-05, 0.00010070419031924417, 0.9993957748580845 0.0006042251419154651, 
42, 0000000000, 0000000000, 6.432916728724136e-05, 0.00010712801207132617, 0.9993583494342494 0.000640533059073281 1.1175066773380552e-06, 
43, 0000000000, 0000000000, 0.0013267875555247517, 0.0022112264819009963, 0.9930697918777506 0.0005943867335328951 0.0063344920082763255 1.3293804401443117e-06, 
44, 0000000000, 0000000000, 6.019860854427635e-05, 0.00010023496641252119, 0.9994002273149283 0.0005981355716681687 1.637113403479258e-06, 
45, 0000000000, 0000000000, 0.0013167363384380838, 0.002193175145411504, 0.9931100536620308 0.0006218214444456417 0.00626714525254715 9.79640976360866e-07, 
46, 0000000000, 0000000000, 5.7283747533447815e-05, 9.538312242241154e-05, 0.9994277012654655 0.0005722987345344692, 
47, 0000000000, 0000000000, 0.00026827850761036986, 0.0004470359339218018, 0.9983407179395032 0.0006369574735341608 0.0010217156308911918 6.089560714222135e-07, 
48, 0000000000, 0000000000, 6.465057458275163e-05, 0.00010765086341663401, 0.9993542501828515 0.0006455944537972502 1.5536335127694265e-07, 
49, 0000000000, 0000000000, 6.288882373780447e-05, 0.0001047135451687892, 0.9993717187289872 0.0006282812710127352, 
50, 0000000000, 0000000000, 5.896166417863046e-05, 9.817774130498759e-05, 0.9994109335521701 0.0005890664478299257, 
51, 0000000000, 0000000000, 5.981732095257069e-05, 9.960389744306221e-05, 0.9994023766153416 0.0005976233846583733, 
52, 0000000000, 0000000000, 6.180806287251302e-05, 0.00010292272951540017, 0.9993824636229076 0.0006175363770924012, 
53, 0000000000, 0000000000, 5.268841727847392e-05, 8.770662737589743e-05, 0.9994737602357446 0.0005262397642553845, 
54, 0000000000, 0000000000, 6.178823444438118e-05, 0.00010289505496134637, 0.9993832051215055 0.0006162194272208096 5.754512736343201e-07, 
55, 0000000000, 0000000000, 6.060044067005084e-05, 0.00010090913999916485, 0.9993946942903136 0.0006051565793776763 1.4913030865646543e-07, 
56, 0000000000, 0000000000, 6.400004492189571e-05, 0.00010657792693100696, 0.9993605324384139 0.0006394675615860419, 
57, 0000000000, 0000000000, 6.065699520927766e-05, 0.00010100438305043825, 0.9993939737016975 0.0006060262983026296, 
58, 0000000000, 0000000000, 0.02314053761862688, 0.03855996097741346, 0.9458845883254763 0.000595884720005645 0.002943567745907647 0.013133107562952268 0.017131601892946446 0.004916483124252841 0.01539476662845884, 
59, 0000000000, 0000000000, 5.618172325908275e-05, 9.355064965515394e-05, 0.9994386961020691 0.0005613038979309237, 
60, 0000000000, 0000000000, 6.685558563294593e-05, 0.00011132381000775245, 0.9993320571399534 0.0006679428600465146, 
61, 0000000000, 0000000000, 6.016209295344875e-05, 0.00010017162272821607, 0.9993989702636307 0.0006010297363692964, 
62, 0000000000, 0000000000, 0.000590509560396298, 0.0009837667289109948, 0.9967353729688608 0.0006297496599904806 0.0026317813999706787 3.095971178043456e-06, 
63, 0000000000, 0000000000, 0.0034522839209205395, 0.00575363619676931, 0.9875544876129061 0.0006302043063447899 0.0063032688294193855 0.0007630817898868946 0.0047489574614429046, 
64, 0000000000, 0000000000, 6.112637649434694e-05, 0.00010178129482175755, 0.9993893122310694 0.0006106877689305453, 
65, 0000000000, 0000000000, 5.868564341418764e-05, 9.770216643345206e-05, 0.9994139676984648 0.0005858516044696423 1.806970655350458e-07, 
66, 0000000000, 0000000000, 6.236816693851475e-05, 0.00010385263600262588, 0.9993773269387409 0.0006222303065023092 4.427547567231314e-07, 
67, 0000000000, 0000000000, 5.970473580627987e-05, 9.94229474058917e-05, 0.9994034623155648 0.0005965376844353503, 
68, 0000000000, 0000000000, 5.8025277463890006e-05, 9.66155180598973e-05, 0.9994204519546271 0.0005794029823862727 1.450629865555536e-07, 
69, 0000000000, 0000000000, 6.750738817441895e-05, 0.00011241785562053307, 0.9993254928662768 0.0006745071337231985, 
70, 0000000000, 0000000000, 5.794581237358195e-05, 9.648424280847734e-05, 0.999421094543149 0.000578905456850864, 
71, 0000000000, 0000000000, 6.505416662503621e-05, 0.00010832940181436532, 0.9993508530261778 0.0006483175367584407 8.294370638756524e-07, 
72, 0000000000, 0000000000, 6.592710554953467e-05, 0.00010977495765922915, 0.9993413502540447 0.0006586497459553749, 
73, 0000000000, 0000000000, 6.146443111250353e-05, 0.00010235197712783212, 0.9993862986557439 0.0006132908257449471 4.105185110228402e-07, 
74, 0000000000, 0000000000, 7.898790634789612e-05, 0.00013155165269087966, 0.9992890084376487 0.0006326732085572413 7.831835379401842e-05, 
75, 0000000000, 0000000000, 6.266715929736827e-05, 0.00010435556122081337, 0.9993738666326751 0.0006261333673248803, 
76, 0000000000, 0000000000, 6.312457501398283e-05, 0.00010511905237477687, 0.9993694357527997 0.0006304141801519481 1.5006704835664656e-07, 
77, 0000000000, 0000000000, 6.855514415458806e-05, 0.00011416384507865671, 0.9993150169295281 0.0006849830704719404, 
78, 0000000000, 0000000000, 6.218276609369043e-05, 0.00010354653159629116, 0.9993787208104223 0.000621279189577747, 
79, 0000000000, 0000000000, 5.9596012809042425e-05, 9.923566270982743e-05, 0.9994061624541883 0.0005922611153643074 1.5764304473286582e-06, 
80, 0000000000, 0000000000, 6.139980585296868e-05, 0.00010223787339521911, 0.9993865727596286 0.0006134272403713147, 
81, 0000000000, 0000000000, 6.832696850934554e-05, 0.00011258009363499247, 0.9993245194381901 0.0006754805618099548, 
82, 0000000000, 0000000000, 6.243988440809807e-05, 0.00010397475763399432, 0.9993761514541961 0.000623848545803966, 
83, 0000000000, 0000000000, 6.359897977995463e-05, 0.00010591058360374292, 0.9993645364983775 0.0006354635016224576, 
84, 0000000000, 0000000000, 6.067845299508429e-05, 0.00010103502626218295, 0.999393789842427 0.0006062101575730977, 
85, 0000000000, 0000000000, 6.225107566604027e-05, 0.0001036438700700964, 0.9993781367795793 0.0006218632204205783, 
86, 0000000000, 0000000000, 6.432843429462104e-05, 0.00010711479159362006, 0.999357878782779 0.0006415536848801223 5.675323407990591e-07, 
87, 0000000000, 0000000000, 6.06316326424014e-05, 0.0001009637120695289, 0.9993945607407138 0.0006050962461552988 3.4301313093730376e-07, 
88, 0000000000, 0000000000, 6.143558559085446e-05, 0.00010230454650483306, 0.9993862069552271 0.0006137588105168721 3.423425606318882e-08, 
89, 0000000000, 0000000000, 0.000768999870645726, 0.0012815799675421214, 0.9960891746713321 0.0006286982533795557 0.002785599673991969 0.0004965274012964112, 
90, 0000000000, 0000000000, 6.356900522368982e-05, 0.00010585871989923758, 0.9993653521239688 0.000634143432666886 5.044433642697653e-07, 
91, 0000000000, 0000000000, 6.51196868011451e-05, 0.00010844646175862079, 0.9993493212294482 0.0006506787705517248, 
92, 0000000000, 0000000000, 0.0046713726544819895, 0.007781036015397029, 0.9781917136642705 0.0005843784680526015 0.01756988597870107 0.003654021888975813, 
93, 0000000000, 0000000000, 6.25354344481761e-05, 0.00010413863676790286, 0.9993751681793925 0.0006248318206074173, 
94, 0000000000, 0000000000, 5.9097034772201394e-05, 9.839843397502238e-05, 0.9994096093961499 0.0005903906038501344, 
95, 0000000000, 0000000000, 0.00025935229964302336, 0.000432155519748422, 0.9984047933199701 0.000597784342372061 0.0009971182368550414 3.0410080279622757e-07, 
96, 0000000000, 0000000000, 6.256921486071496e-05, 0.00010417550239628901, 0.9993749469856222 0.0006250530143777341, 
97, 0000000000, 0000000000, 6.32520927696329e-05, 0.00010532589147800251, 0.9993684614428114 0.0006311217655089212 4.167916795469465e-07, 
98, 0000000000, 0000000000, 6.059978174725045e-05, 0.0001009068847634563, 0.9993945586914194 0.000605441308580738, 
99, 0000000000, 0000000000, 5.8474013316000825e-05, 9.736825837682178e-05, 0.9994161777303159 0.0005834349891073371 3.872805767967587e-07, 
100, 0000000000, 0000000000, 6.313342197626466e-05, 0.00010512768351753498, 0.9993695339253937 0.0006301660481074562 3.000264988768668e-07, 
run, initial grid state, final grid state, mean grid cell occupancy, mean binding site occupancy, fraction of time with N TFs bound, warning
1, 0000000000, 0000000000, 5.822197444906754e-05, 9.694024378135585e-05, 0.9994183585373119 0.0005816414626881351, 
2, 0000000000, 0000000000, 5.899386717317373e-05, 9.822666289064752e-05, 0.999410640022656 0.0005893599773438852, 
3, 0000000000, 0000000000, 6.525507647155017e-05, 0.00010865997221401085, 0.9993482623565564 0.0006515154536032556 2.2218984040476023e-07, 
4, 0000000000, 0000000000, 5.978330131630599e-05, 9.954555482028509e-05, 0.9994030598648097 0.0005966069414588391 3.331937314357076e-07, 
5, 0000000000, 0000000000, 6.069028899213831e-05, 0.00010106250883320607, 0.9993936249470008 0.0006063750529992364, 
6, 0000000000, 0000000000, 5.974317579403107e-05, 9.947451677715887e-05, 0.999403152899337 0.0005968471006629532, 
7, 0000000000, 0000000000, 0.0002977547609639412, 0.0004959486922959658, 0.9981921829265931 0.000639941993038077 0.0011678750803688592, 
