run, initial grid state, final grid state, mean grid cell occupancy, mean binding site occupancy, fraction of time with N TFs bound, warning
1, 0000000000, 0000000000, 2.919781117476351e-06, 4.500297596008546e-06, 0.999972998214424 2.7001785576051277e-05, 
2, 0000000000, 0000000000, 2.9665863628105834e-06, 4.596161540361002e-06, 0.999972423030758 2.7576969242166014e-05, 
3, 0000000000, 0000000000, 2.976280793269367e-06, 4.624003911156595e-06, 0.999972255976533 2.7744023466939574e-05, 
4, 0001111110, 0011111100, 0.7021945859277304, 0.9545089047453615, 0.0 0.0 0.0037804746246856164 0.013746201180864599 0.04240184302289605 0.13178238344070195 0.8082890977308518, 
5, 0000000000, 0000000000, 2.9839453138726695e-06, 4.5972517081590675e-06, 0.999972416489751 2.7583510248954406e-05, 
6, 0000000000, 0000000000, 2.8549945080015905e-06, 4.4260282651419254e-06, 0.9999734438304092 2.6556169590851556e-05, 
7, 0000000000, 0000000000, 2.915039648677175e-06, 4.512997193601206e-06, 0.9999729220168384 2.7077983161607243e-05, 
8, 0000000000, 0000000000, 3.0297170438469297e-06, 4.705791788894945e-06, 0.9999717652492667 2.823475073336967e-05, 
9, 0011111000, 0111111100, 0.695930995852793, 0.9587770693555429, 0.0 0.0 0.0 0.009463459891366762 0.037332585007444394 0.1442820341777529 0.808921920923436, 
10, 0000000000, 0000000000, 2.9215520618148933e-06, 4.530295936495338e-06, 0.999972818224381 2.7181775618972036e-05, 
11, 0000000000, 0000000000, 3.007849603464102e-06, 4.650023261749194e-06, 0.9999720998604296 2.7900139570495166e-05, 
12, 0011111111, 0111111110, 0.7026818109641428, 0.9652600610426627, 0.0 0.0 0.0 0.0028773595997383192 0.020592373461208652 0.1586228080223919 0.8179074589166611, 
13, 0000000000, 0000000000, 3.014053811908502e-06, 4.683437551833422e-06, 0.999971899374689 2.8100625311000535e-05, 
14, 0000000000, 0000000000, 3.0039349029618545e-06, 4.6772451851531925e-06, 0.999971936528889 2.8063471110919155e-05, 
15, 0000000000, 0000000000, 3.0856071371912894e-06, 4.81120909679e-06, 0.9999711327454193 2.8867254580740003e-05, 
16, 0000000000, 0000000000, 2.964657665703002e-06, 4.597788150868829e-06, 0.9999724132710948 2.7586728905212975e-05, 
17, 0000000000, 0000000000, 3.0712922537533108e-06, 4.7655852917563435e-06, 0.9999714064882496 2.8593511750538063e-05, 
18, 0000000000, 0000000000, 4.538111921557667e-06, 5.920323224258707e-06, 0.9999644780606545 3.5521939345552244e-05, 
19, 0000000000, 0000000000, 2.8519606550978243e-06, 4.4179601796729655e-06, 0.9999734922389218 2.6507761078037796e-05, 
20, 0000000000, 0000000000, 0.00017583774470521652, 0.0001288071833996109, 0.9992271842791673 0.0007727883412676417 2.737956501188732e-08, 
21, 0000000000, 0000000000, 2.9279905771330284e-06, 4.544552596588969e-06, 0.9999727326844206 2.7267315579533817e-05, 
22, 0000000000, 0000000000, 2.9527358221230373e-06, 4.581096564349801e-06, 0.9999725134206139 2.7486579386098805e-05, 
23, 0011111000, 0000000000, 0.4790718611546408, 0.6671017316053856, 0.28513018308881305 8.488010389350708e-06 0.0073416776581471535 0.010191215043182213 0.04004277188597253 0.14654017224878169 0.510745492064714, 
24, 0111111110, 0011111100, 0.696666056224238, 0.9611121922776515, 0.0 0.0 0.0 0.0019644918902772803 0.03413987046909761 0.15915362972506372 0.8047420079155615, 
25, 0000000000, 0000000000, 3.0331396114366747e-06, 4.707539811671714e-06, 0.99997175476113 2.8245238870030287e-05, 
26, 0000000000, 0000000000, 2.9687946700436724e-06, 4.5936878724409296e-06, 0.9999724378727652 2.7562127234645577e-05, 
27, 0000000000, 0000000000, 2.853942582661906e-06, 4.430833266935872e-06, 0.9999734150003984 2.6584999601615228e-05, 
28, 0000000000, 0000000000, 2.918569644715825e-06, 4.529834285872869e-06, 0.9999728209942848 2.7179005715237218e-05, 
29, 0000000000, 0000000000, 2.9654474978477396e-06, 4.600785082631877e-06, 0.9999723952895042 2.760471049579126e-05, 
30, 0000000000, 0000000000, 3.024588883998911e-06, 4.6996330793891525e-06, 0.9999718022015237 2.8197798476334918e-05, 
31, 0000000000, 0000000000, 2.9139705539010133e-06, 4.520440415495226e-06, 0.999972877357507 2.7122642492971358e-05, 
32, 0000000000, 0000000000, 2.824944925516072e-06, 4.342026177007965e-06, 0.9999739478429379 2.605215706204779e-05, 
33, 0000000000, 0000000000, 3.079233255878239e-06, 4.789822641269544e-06, 0.9999712610641524 2.8738935847617267e-05, 
34, 0000000000, 0000000000, 2.9187288547285093e-06, 4.511748491496518e-06, 0.999972929509051 2.707049094897911e-05, 
35, 0000000000, 0000000000, 3.033017114511239e-06, 4.71590804315955e-06, 0.999971704551741 2.8295448258957306e-05, 
36, 0000000000, 0000000000, 3.01137373089452e-06, 4.664323522350935e-06, 0.9999720140588658 2.7985941134105612e-05, 
37, 0000000000, 0000000000, 2.853685482575899e-06, 4.4128826197543975e-06, 0.9999735227042814 2.6477295718526388e-05, 
38, 0000000000, 0000000000, 2.9287307789971594e-06, 4.511439829503808e-06, 0.9999729313610229 2.706863897702285e-05, 
39, 0000000000, 0000000000, 3.002288131085655e-06, 4.642597724904671e-06, 0.9999721444136506 2.7855586349428026e-05, 
40, 0000000000, 0000000000, 2.857997609943456e-06, 4.426211402194777e-06, 0.9999734427315868 2.6557268413168658e-05, 
41, 0000000000, 0000000000, 3.015692753675385e-06, 4.676408550704394e-06, 0.9999719415486958 2.8058451304226372e-05, 
42, 0000000000, 0000000000, 3.0550205981197344e-06, 4.763386972522388e-06, 0.9999714196781648 2.858032183513433e-05, 
43, 0000000000, 0000000000, 3.1118450295192187e-06, 4.857270277774589e-06, 0.9999708563783334 2.914362166664754e-05, 
44, 0000000000, 0000000000, 3.0835304576771254e-06, 4.788457838728901e-06, 0.9999712732413031 2.8722770361427014e-05 3.988335473196847e-09, 
45, 0000000000, 0011111000, 0.45512748342522047, 0.6240935302666137, 0.36248989624789546 1.0399839771807336e-05 0.0010657835554966472 0.0001364919582180182 0.004766645296552976 0.0662415410243388 0.5652892420777264, 
46, 0011111110, 0111111110, 0.6924715687085271, 0.9550702371792285, 0.0 0.0 0.0 0.006842980940075402 0.043489512246271435 0.16207060961186037 0.7875968972017927, 
47, 0000000000, 0000000000, 2.8324651238172527e-06, 4.379120903333384e-06, 0.99997372527458 2.6274725420000307e-05, 
48, 0000000000, 0000000000, 3.015064224620348e-06, 4.682193652558616e-06, 0.9999719068380847 2.8093161915351695e-05, 
49, 0000000000, 0000000000, 2.882970150673773e-06, 4.462787771271689e-06, 0.9999732232733725 2.6776726627630135e-05, 
50, 0000000000, 0000000000, 2.9854143874972965e-06, 4.62528558680163e-06, 0.9999722482864792 2.7751713520809784e-05, 
51, 0000000000, 0000000000, 3.0348626969192795e-06, 4.6959287877389335e-06, 0.9999718244272735 2.8175572726433604e-05, 
52, 0000000000, 0000000000, 3.0026126710672398e-06, 4.6583157158540806e-06, 0.9999720501057049 2.794989429512449e-05, 
53, 0011111111, 1111111100, 0.7134109280539589, 0.9676970573798375, 0.0 0.0 0.0 0.007613162632592025 0.024105769846594318 0.12276662813001027 0.8455144393908034, 
54, 0000000000, 0000000000, 2.977193539435964e-06, 4.622661577947321e-06, 0.9999722640305323 2.773596946768393e-05, 
55, 0000000000, 0000000000, 3.0413158430583987e-06, 4.720899490869662e-06, 0.9999716746030548 2.8325396945217975e-05, 
56, 0000000000, 0000000000, 2.9092847325621405e-06, 4.488333566257769e-06, 0.9999730699986024 2.6930001397546617e-05, 
57, 0000000000, 0000000000, 3.0051058346465496e-06, 4.6516189763288824e-06, 0.999972090286142 2.7909713857973303e-05, 
58, 0000000000, 0000000000, 3.061563685655904e-06, 4.759116858966465e-06, 0.9999714452988462 2.855470115379879e-05, 
59, 0000000000, 0000000000, 2.894897787136303e-06, 4.494738665248307e-06, 0.9999730315680085 2.6968431991489845e-05, 
60, 0000000000, 0000000000, 3.0067696698226165e-06, 4.665523533609857e-06, 0.9999720068587983 2.7993141201659148e-05, 
61, 0000000000, 0000000000, 2.864114501076114e-06, 4.440360169784056e-06, 0.9999733578389812 2.6642161018704338e-05, 
62, 0000000000, 0000000000, 2.9935640504157215e-06, 4.633180804195076e-06, 0.9999722009151748 2.7799084825170457e-05, 
63, 0000000000, 0000000000, 2.9396188071876677e-06, 4.558366815809271e-06, 0.999972649799105 2.735020089485563e-05, 
64, 0000000000, 0000000000, 2.865784218932611e-06, 4.408515691756053e-06, 0.9999735489058494 2.6451094150536324e-05, 
65, 1111111100, 0000000000, 0.30684902305334416, 0.4196834061325928, 0.5594635659461695 1.5435483048075718e-05 0.000678555522040299 0.0012606640478724524 0.024695538820945804 0.0691536982385148 0.34473254194140895, 
66, 0000000000, 0000000000, 2.925949886170482e-06, 4.515415856056136e-06, 0.9999729075048637 2.709249513633682e-05, 
67, 0000000000, 0000000000, 2.942297630917527e-06, 4.548926316958372e-06, 0.9999727064420982 2.7293557901750234e-05, 
68, 0000000000, 0000000000, 2.8387565851155258e-06, 4.37301004489303e-06, 0.9999737619397306 2.623806026935818e-05, 
69, 0000000000, 0000000000, 3.1226719364760474e-06, 4.857778870312582e-06, 0.999970853326778 2.9146673221875496e-05, 
70, 0000000000, 0000000000, 3.0807242560922744e-06, 4.788426454520782e-06, 0.9999712694412729 2.8730558727124697e-05, 
71, 0000000000, 0000000000, 2.9684269079228082e-06, 4.583432111727493e-06, 0.9999724994073296 2.750059267036496e-05, 
72, 0000000000, 0000000000, 2.9671072128595384e-06, 4.595484137524525e-06, 0.9999724270951749 2.757290482514715e-05, 
73, 0000000000, 0000000000, 2.916795589425335e-06, 4.5098729672416616e-06, 0.9999729407621964 2.7059237803449973e-05, 
74, 0000000000, 0000000000, 2.9206844226237456e-06, 4.516520662819808e-06, 0.9999729008760231 2.7099123976918855e-05, 
75, 0000000000, 0000000000, 2.9461831208706745e-06, 4.566856962151562e-06, 0.9999725988582272 2.7401141772909375e-05, 
76, 0000000000, 0000000000, 2.9640006899361817e-06, 4.612188033676405e-06, 0.9999723268717979 2.767312820205843e-05, 
77, 0000000000, 0000000000, 2.9423458243609444e-06, 4.551142600316065e-06, 0.9999726931443981 2.730685560189639e-05, 
78, 0000000000, 0000000000, 3.0287112309548393e-06, 4.69777675823952e-06, 0.9999718133394506 2.818666054943712e-05, 
79, 0000000000, 0000000000, 2.919705503172665e-06, 4.52369708079616e-06, 0.9999728578175152 2.714218248477696e-05, 
80, 0000000000, 0000000000, 3.0098898389310675e-06, 4.660534795100194e-06, 0.9999720367912294 2.7963208770601165e-05, 
81, 0000000000, 0000000000, 2.917757137611026e-06, 4.514230768344843e-06, 0.99997291461539 2.708538461006906e-05, 
82, 0000000000, 0000000000, 2.8581357083609073e-06, 4.412762001828167e-06, 0.9999735234279891 2.6476572010969002e-05, 
83, 0000000000, 0000000000, 2.934820787510771e-06, 4.551669704970216e-06, 0.9999726899817701 2.73100182298213e-05, 
84, 0000000000, 0000000000, 2.877463045797263e-06, 4.450974160699905e-06, 0.9999732941550357 2.670584496419943e-05, 
85, 0000000000, 0000000000, 2.8972799769622557e-06, 4.500934289537567e-06, 0.9999729943942628 2.7005605737225403e-05, 
86, 0000000000, 0000000000, 2.9979412788999727e-06, 4.639976287377431e-06, 0.9999721601422759 2.7839857724264588e-05, 
87, 0000000000, 0000000000, 2.892298818683895e-06, 4.475961463833208e-06, 0.999973144231217 2.6855768782999252e-05, 
88, 0000000000, 0000000000, 3.125299322353357e-06, 4.8493640281987555e-06, 0.9999709038158309 2.9096184169192535e-05, 
89, 0000000000, 0000000000, 2.9813958306730823e-06, 4.621134654676027e-06, 0.9999722731920719 2.7726807928056164e-05, 
90, 0000000000, 0000000000, 3.0029955880851967e-06, 4.673776561608267e-06, 0.9999719573406304 2.8042659369649603e-05, 
91, 0000000000, 0000000000, 2.9524176155376427e-06, 4.559164022432061e-06, 0.9999726450158654 2.7354984134592367e-05, 
92, 0000000000, 0000000000, 2.943546510776373e-06, 4.5638584322711476e-06, 0.9999726168494064 2.7383150593626885e-05, 
93, 0000000000, 0000000000, 2.9358349019569814e-06, 4.540507838888948e-06, 0.9999727569529666 2.724304703333369e-05, 
94, 0000000000, 0000000000, 2.995435914686806e-06, 4.647657937613698e-06, 0.9999721140523744 2.788594762568219e-05, 
95, 0000000000, 0000000000, 2.9133806656504027e-06, 4.503719038202931e-06, 0.9999729776857708 2.7022314229217587e-05, 
96, 1111111110, 1111111111, 0.710021420302375, 0.9652431421044088, 0.0 0.0 0.0011932070872441927 0.0029971402457756083 0.027977285631277656 0.13882232702468894 0.8290100400110136, 
97, 0000000000, 0000000000, 2.960280258692301e-06, 4.592420915284887e-06, 0.9999724454745083 2.7554525491709324e-05, 
98, 0000000000, 0000000000, 3.0487872875736015e-06, 4.721635265873397e-06, 0.9999716701884048 2.8329811595240384e-05, 
99, 0000000000, 0000000000, 2.8605325275032603e-06, 4.423095506679521e-06, 0.9999734614269599 2.6538573040077127e-05, 
100, 0000000000, 0000000000, 2.969884675074438e-06, 4.583515951181817e-06, 0.999972498904293 2.75010957070909e-05, 
run, initial grid state, final grid state, mean grid cell occupancy, mean binding site occupancy, fraction of time with N TFs bound, warning
1, 0000000000, 0000000000, 2.9466727917830614e-06, 4.568459776490247e-06, 0.999972589241341 2.7410758658941482e-05, 
2, 0000000000, 0000000000, 2.9672404201632904e-06, 4.603156408259367e-06, 0.9999723810615504 2.76189384495562e-05, 
3, 0000000000, 0000000000, 2.9612953509992856e-06, 4.589962677859644e-06, 0.9999724602239328 2.7539776067157866e-05, 
4, 0000000000, 0000000000, 2.8867168835021577e-06, 4.4486409515364735e-06, 0.9999733081542909 2.669184570921884e-05, 
5, 0000000000, 0000000000, 2.947910765318383e-06, 4.561184143920369e-06, 0.9999726328951366 2.7367104863522217e-05, 
6, 0000000000, 0011111100, 0.1763094926433167, 0.23982453080189328, 0.7494926550429373 2.1861135515773865e-05 4.933054761250813e-05 0.0033222147071019807 0.004330478110991659 0.04516265671969833 0.1976208037361424, 
7, 0000000000, 0000000000, 2.9403072590627e-06, 4.566642487828512e-06, 0.999972600145073 2.739985492697107e-05, 
8, 0000000000, 0000000000, 3.0563694389306584e-06, 4.7549269788154575e-06, 0.9999714704381272 2.8529561872892743e-05, 
9, 0000000000, 0000000000, 2.966773195296526e-06, 4.621514537398451e-06, 0.9999722709127755 2.772908722439071e-05, 
10, 0000000000, 0000000000, 2.923793331940104e-06, 4.535547217962789e-06, 0.9999727867166922 2.721328330777674e-05, 
11, 0000000000, 0000000000, 2.9975507781025616e-06, 4.66516919933647e-06, 0.9999720089848039 2.799101519601882e-05, 
12, 0000000000, 0000000000, 2.935435110812813e-06, 4.550105628285044e-06, 0.9999726993662302 2.730063376971027e-05, 
13, 0000000000, 0000000000, 0.00023869759745883168, 0.000397495899075762, 0.9987942901998984 2.6444205748469876e-05 0.0011792655943530512, 
14, 0000000000, 0000000000, 2.996488384044736e-06, 4.663035445778349e-06, 0.9999720217873254 2.79782126746701e-05, 
15, 0011111100, 0111111111, 0.6945358946295738, 0.9614546619381503, 0.0 0.0 0.0 0.009580012895648504 0.027449384459096147 0.14763322076596042 0.8153373818792948, 
16, 0000000000, 0000000000, 3.0444471037704445e-06, 4.72002862552203e-06, 0.9999716798282469 2.832017175313218e-05, 
17, 0000000000, 0000000000, 2.8729799478842233e-06, 4.4395789968616335e-06, 0.9999733663701932 2.66297856325359e-05 3.844174316951206e-09, 
18, 0000000000, 0000000000, 0.11315493071248083, 0.15228837098735842, 0.8295568889046597 2.1690995532450087e-05 0.010637126956241527 0.007734296822591338 0.009842450423145974 0.023383686531196376 0.11882385936663252, 
19, 0000000000, 0000000000, 2.958314850445742e-06, 4.592638503580307e-06, 0.9999724441689786 2.755583102148184e-05, 
20, 0000000000, 0000000000, 2.9671269235040056e-06, 4.603404348566845e-06, 0.9999723795739085 2.7620426091401074e-05, 
21, 0000000000, 0000000000, 2.9479363478988277e-06, 4.5617402832392584e-06, 0.9999726295583005 2.7370441699435552e-05, 
22, 0000000000, 0000000000, 2.989399482059356e-06, 4.6266056636070395e-06, 0.9999722403660183 2.775963398164224e-05, 
23, 0000000000, 0000000000, 2.935941546416697e-06, 4.525480282994001e-06, 0.999972847118302 2.715288169796401e-05, 
24, 0000000000, 0000000000, 2.954040108671478e-06, 4.599865684370567e-06, 0.9999724077685873 2.758526871927232e-05 6.962693475541613e-09, 
25, 0000000000, 0000000000, 2.925461466188066e-06, 4.538498785481178e-06, 0.9999727690072872 2.7230992712887068e-05, 
26, 0000000000, 0000000000, 2.8680494415584645e-06, 4.432730103518318e-06, 0.9999734036193788 2.6596380621109908e-05, 
27, 0000000000, 0000000000, 3.040744553955635e-06, 4.712256347427383e-06, 0.9999717264619156 2.82735380845643e-05, 
28, 0000000000, 0000000000, 2.9042506801600017e-06, 4.490515471777974e-06, 0.9999730569071693 2.6943092830667845e-05, 
29, 0000000000, 0000000000, 3.0235981869007947e-06, 4.7007892500799105e-06, 0.9999717952644995 2.820473550047947e-05, 
30, 0011111100, 0111111000, 0.6980714846715944, 0.9535287844843764, 0.0 0.0 0.0012201647769994252 0.008341655263911485 0.03862720184126015 0.17166726451148945 0.7801437136063395, 
31, 0000000000, 0000000000, 2.9679328117475253e-06, 4.616655669712677e-06, 0.9999723000659817 2.7699934018276062e-05, 
32, 0000000000, 0000000000, 3.061936303138156e-06, 4.7299888418227545e-06, 0.9999716200669491 2.837993305093653e-05, 
33, 0000000000, 0000000000, 2.9323620758754135e-06, 4.542902926918929e-06, 0.9999727425824385 2.7257417561513578e-05, 
34, 0000000000, 0000000000, 2.95610292160286e-06, 4.5940524839275946e-06, 0.9999724356850964 2.7564314903565567e-05, 
35, 0000000000, 0000000000, 2.995319515763671e-06, 4.645329130103308e-06, 0.9999721280252194 2.7871974780619854e-05, 
36, 0011111000, 0011111100, 0.6993216620368716, 0.9540769023746947, 0.0 0.0 0.0 0.009323046545335749 0.04051544760847206 0.16653855089888084 0.7836229549473115, 
37, 0000000000, 0000000000, 2.9047606181720597e-06, 4.49316702826832e-06, 0.9999730409978304 2.6959002169609928e-05, 
38, 0000000000, 0000000000, 2.993399358046129e-06, 4.645330414447408e-06, 0.9999721280175133 2.7871982486684444e-05, 
39, 0000000000, 0000000000, 2.9201480037336614e-06, 4.518581367613669e-06, 0.9999728885117943 2.7111488205682016e-05, 
40, 0000000000, 0000000000, 3.09066200435252e-06, 4.798885399104344e-06, 0.9999712066876054 2.8793312394626064e-05, 
41, 0000000000, 0000000000, 2.9080930521255137e-06, 4.478189975956089e-06, 0.9999731308601443 2.686913985573653e-05, 
42, 0000000000, 0000000000, 2.8672608948012346e-06, 4.4427510010745055e-06, 0.9999733434939935 2.665650600644704e-05, 
43, 0000000000, 0000000000, 3.0161920199667966e-06, 4.683959666938586e-06, 0.9999718962419984 2.8103758001631523e-05, 
44, 0000000000, 0000000000, 2.992801153644261e-06, 4.641360700351921e-06, 0.9999721518357979 2.7848164202111528e-05, 
45, 0011111110, 0011111110, 0.6778891610783971, 0.9357117274421314, 0.0 0.0 0.0 0.02576777089392578 0.06714053983093493 0.1741452430035647 0.7329464462715746, 
46, 0000000000, 0000000000, 2.873210891858178e-06, 4.4330022583933054e-06, 0.9999734019864497 2.6598013550359834e-05, 
47, 0000000000, 0000000000, 2.809352321070606e-06, 4.347289342870618e-06, 0.9999739162639428 2.6083736057223714e-05, 
48, 0000000000, 0000000000, 2.891629630117876e-06, 4.459480454268077e-06, 0.9999732431172744 2.6756882725608466e-05, 
49, 0000000000, 0000000000, 2.928582100510536e-06, 4.5439918688009185e-06, 0.9999727360487872 2.7263951212805513e-05, 
50, 0000000000, 0000000000, 2.9377070689666726e-06, 4.532338125241288e-06, 0.9999728059712485 2.719402875144773e-05, 
51, 0000000000, 0000000000, 3.0495287319889744e-06, 4.7417519224413465e-06, 0.9999715497383901 2.8450011685101556e-05 2.499247732616606e-10, 
52, 0000000000, 0000000000, 2.9242888375841217e-06, 4.539555558683781e-06, 0.9999727626666479 2.7237333352102693e-05, 
53, 0000000000, 0000000000, 2.9904599125833726e-06, 4.643812466336396e-06, 0.999972137125202 2.7862874798018375e-05, 
54, 0000000000, 0000000000, 2.8110169289647572e-06, 4.36128550212122e-06, 0.9999738322869873 2.6167713012727323e-05, 
55, 0000000000, 0000000000, 2.957617855919938e-06, 4.589901457120029e-06, 0.9999724605912573 2.7539408742720174e-05, 
56, 0000000000, 0000000000, 2.933602344213846e-06, 4.537271595420851e-06, 0.9999727763704275 2.7223629572525108e-05, 
57, 0000000000, 0000000000, 2.8846857065312105e-06, 4.4656881295326794e-06, 0.9999732058712227 2.679412877719608e-05, 
58, 0000000000, 0000000000, 2.92672934715026e-06, 4.519635373546486e-06, 0.9999728821877587 2.711781224127892e-05, 
59, 0000000000, 0000000000, 2.882899569019847e-06, 4.466130722792401e-06, 0.9999732032156632 2.6796784336754405e-05, 
60, 0000000000, 0000000000, 2.889766608195076e-06, 4.484690670803713e-06, 0.9999730918559753 2.690814402482228e-05, 
61, 0000000000, 0000000000, 3.021436790122301e-06, 4.667686605357706e-06, 0.9999719938803678 2.800611963214624e-05, 
62, 0000000000, 0000000000, 2.9953758876044123e-06, 4.639347551072947e-06, 0.9999721639146937 2.7836085306437687e-05, 
63, 0000000000, 0000000000, 3.0341851971864227e-06, 4.688592124397769e-06, 0.9999718684472536 2.8131552746386618e-05, 
64, 0000000000, 0000000000, 2.897646010885558e-06, 4.495139007843487e-06, 0.9999730291659529 2.6970834047060923e-05, 
65, 0000000000, 0000000000, 2.8152652812875983e-06, 4.3528478263794535e-06, 0.9999738829130417 2.6117086958276725e-05, 
66, 0000000000, 0000000000, 2.970663076833378e-06, 4.614326804347931e-06, 0.999972314039174 2.7685960826087584e-05, 
67, 0000000000, 0000000000, 2.993023325519513e-06, 4.637259931580933e-06, 0.9999721764404105 2.78235595894856e-05, 
68, 0000000000, 0000000000, 3.0424050001602927e-06, 4.727656407452387e-06, 0.9999716340615553 2.8365938444714326e-05, 
69, 0000000000, 0000000000, 2.937345631488687e-06, 4.536121236227447e-06, 0.9999727832725827 2.721672741736468e-05, 
70, 0000000000, 0000000000, 3.0131787094083774e-06, 4.679474385950475e-06, 0.9999719231536842 2.8076846315702848e-05, 
71, 0000000000, 0000000000, 2.8791077632351855e-06, 4.45630280688331e-06, 0.9999732621831587 2.6737816841299863e-05, 
72, 0000000000, 0000000000, 2.8978048465634417e-06, 4.4847872943299e-06, 0.999973091276234 2.6908723765979407e-05, 
73, 0000000000, 0000000000, 3.02565224126578e-06, 4.70228134784005e-06, 0.999971786311913 2.8213688087040304e-05, 
74, 0000000000, 0000000000, 2.9082881127455095e-06, 4.484990278484062e-06, 0.9999730900583291 2.6909941670904376e-05, 
75, 0011111111, 0111111100, 0.70016118697788, 0.9526655862004065, 0.0 0.0 0.0005095528742290677 0.005301561542748797 0.05103646496343374 0.16399065674553057 0.7791617638740578, 
76, 0000000000, 0000000000, 2.9069567189642096e-06, 4.495436847305391e-06, 0.9999730273789161 2.6972621083832342e-05, 
77, 0000000000, 0000000000, 2.9747137120050947e-06, 4.616085006874591e-06, 0.9999723034899588 2.769651004124755e-05, 
78, 0000000000, 0000000000, 2.9247969420365237e-06, 4.5154675470181e-06, 0.999972907194718 2.70928052821086e-05, 
79, 0000000000, 0000000000, 3.011071642729047e-06, 4.680111321423771e-06, 0.9999719193320715 2.808066792854263e-05, 
80, 0000000000, 0000000000, 2.935318918687359e-06, 4.5486287629380186e-06, 0.9999727082274225 2.7291772577628113e-05, 
81, 0000000000, 0000000000, 2.965160118377623e-06, 4.599374847120701e-06, 0.9999724037509173 2.7596249082724205e-05, 
82, 0000000000, 0000000000, 2.916236171400362e-06, 4.514013962133255e-06, 0.9999729159162273 2.7084083772799533e-05, 
83, 0000000000, 0000000000, 2.9299511723250695e-06, 4.543946886600585e-06, 0.9999727363186803 2.726368131960351e-05, 
84, 0000000000, 0000000000, 3.0161096673163836e-06, 4.6850478511898015e-06, 0.999971889712893 2.8110287107138814e-05, 
85, 0000000000, 0000000000, 2.9088264216070084e-06, 4.503216869568208e-06, 0.9999729806987826 2.7019301217409248e-05, 
86, 0000000000, 0000000000, 2.886925787701219e-06, 4.463518757543115e-06, 0.9999732188874547 2.6781112545258696e-05, 
87, 0000000000, 0000000000, 2.8446752012570823e-06, 4.390413703196155e-06, 0.9999736575177808 2.634248221917693e-05, 
88, 0000000000, 0000000000, 2.9689636187228154e-06, 4.587165288148771e-06, 0.9999724770082711 2.752299172889263e-05, 
89, 0000000000, 0000000000, 2.947266857104791e-06, 4.571023609314468e-06, 0.9999725738583441 2.742614165588681e-05, 
90, 0000000000, 0000000000, 2.9846942899926984e-06, 4.646239404708853e-06, 0.9999721225635718 2.7877436428253116e-05, 
91, 0000000000, 0000000000, 2.9588049250855913e-06, 4.577767635063958e-06, 0.9999725333941896 2.746660581038375e-05, 
92, 0011111100, 0111111110, 0.7036334230794576, 0.9586487052179767, 0.0 0.0 0.0 0.0028664740985459938 0.03694387547168333 0.16562059545313496 0.7945690549766358, 
93, 0000000000, 0000000000, 3.00439146644935e-06, 4.67709386730822e-06, 0.9999719374367961 2.806256320384932e-05, 
94, 0011111100, 0011111110, 0.7025039689912148, 0.9520663176772817, 0.0 0.0 0.005879532190225692 0.011922116520655196 0.04023454631778821 0.14784852297786516 0.7941152819934658, 
95, 0000000000, 0000000000, 2.899960906412618e-06, 4.498541625793967e-06, 0.9999730087502452 2.6991249754763803e-05, 
96, 0000000000, 0000000000, 2.8789899559641543e-06, 4.455013450531682e-06, 0.9999732699192968 2.6730080703190092e-05, 
97, 0000000000, 0000000000, 3.0371315585632613e-06, 4.710796590943781e-06, 0.9999717352204545 2.8264779545662684e-05, 
98, 0011111000, 0000000000, 0.4159604957750896, 0.5775014477855602, 0.39008360374705764 0.0011052870493737856 0.002088924533077535 0.005816037421608652 0.02821113340724529 0.10673717834579745 0.46595783549583963, 
99, 0000000000, 0000000000, 2.9403027796740536e-06, 4.568576219064814e-06, 0.9999725885426857 2.7411457314388885e-05, 
100, 0000000000, 0000000000, 2.941968100983659e-06, 4.554415438721177e-06, 0.9999726735073676 2.7326492632327064e-05, 
run, initial grid state, final grid state, mean grid cell occupancy, mean binding site occupancy, fraction of time with N TFs bound, warning
1, 0000000000, 0000000000, 2.8852026007676385e-06, 4.457511448248876e-06, 0.999973256280616 2.6742370078869584e-05 1.3493053118387857e-09, 
2, 0000000000, 0000000000, 2.8487776644926496e-06, 4.400726665518604e-06, 0.999973595640007 2.6404359993111628e-05, 
3, 0000000000, 0000000000, 3.017743184863441e-06, 4.698539717126766e-06, 0.9999718087616971 2.8191238302760603e-05, 
4, 0000000000, 0000000000, 2.875013409627806e-06, 4.442540224913974e-06, 0.9999733447586506 2.6655241349483843e-05, 
5, 0000000000, 0000000000, 3.005193417869864e-06, 4.64570551318999e-06, 0.9999721257669208 2.787423307913994e-05, 
6, 0000000000, 0000000000, 3.1241123526247213e-06, 4.862922683765077e-06, 0.9999708224638975 2.9177536102590464e-05, 
7, 0000000000, 0000000000, 2.901880330953356e-06, 4.4979056921024525e-06, 0.9999730125658475 2.6987434152614715e-05, 
8, 0000000000, 0000000000, 3.0391415291768105e-06, 4.709728737724962e-06, 0.9999717416275736 2.825837242634978e-05, 
9, 0000000000, 0000000000, 3.0693800423191442e-06, 4.759395767756905e-06, 0.9999714436253935 2.8556374606541437e-05, 
10, 0000000000, 0000000000, 2.9646300215783993e-06, 4.585653995120738e-06, 0.9999724860760293 2.751392397072443e-05, 
11, 0000000000, 0000000000, 2.9254099525670632e-06, 4.517011174422483e-06, 0.9999728979329535 2.71020670465349e-05, 
12, 0000000000, 0000000000, 2.983712147470601e-06, 4.6344449710314815e-06, 0.9999721933301738 2.780666982618889e-05, 
13, 0000000000, 0000000000, 2.98554816671748e-06, 4.627869785507135e-06, 0.9999722327812869 2.776721871304281e-05, 
14, 0000000000, 0000000000, 2.9357533820838393e-06, 4.543942059333073e-06, 0.9999727363476439 2.726365235599844e-05, 
15, 0001111000, 0111111111, 0.6990293400412685, 0.960286365075461, 0.0 0.00012523585204885117 0.0006710390510406948 0.002401065810385474 0.0358918423652286 0.15598459192121397 0.8049262250000825, 
16, 0000000000, 0000000000, 2.850631467163231e-06, 4.415392703259598e-06, 0.9999735076437805 2.6492356219557595e-05, 
17, 0000000000, 0000000000, 2.9536099884561677e-06, 4.576325644036229e-06, 0.9999725420461357 2.7457953864217377e-05, 
18, 0000000000, 0000000000, 2.947213420901841e-06, 4.5710281550541454e-06, 0.9999725738310697 2.742616893032488e-05, 
19, 0111111110, 0000000000, 0.2027880156633833, 0.27240815171672245, 0.7192237494293416 2.010930676766804e-05 0.00034777700179463336 0.0012733865917508374 0.004196040402894772 0.03650469800155588 0.2384342392658945, 
20, 0000111100, 0111111000, 0.6996895485318733, 0.9630251569669563, 0.0 0.0 0.0001958589501064164 0.013554562902314549 0.02795786357998368 0.12448620653092532 0.83380550803667, 
21, 0000000000, 0000000000, 3.0109058059392922e-06, 4.664101156116572e-06, 0.9999720153930634 2.798460693669943e-05, 
22, 0000000000, 0000000000, 3.0098991981200305e-06, 4.670344601148509e-06, 0.9999719793463201 2.801923975296163e-05 1.4139269647144135e-09, 
23, 0000000000, 0000000000, 0.34838215135194617, 0.47932357954792565, 0.5026569216127844 1.4104048666962991e-05 0.00023967682386742459 0.004251177675613636 0.010148388255729309 0.07403745595863563 0.40865227562470263, 
24, 0000000000, 0000000000, 2.91790374083583e-06, 4.534035069747857e-06, 0.9999727957895814 2.720421041848714e-05, 
25, 0000000000, 0000000000, 2.9906345495602107e-06, 4.628317616868335e-06, 0.9999722300942987 2.776990570121001e-05, 
26, 0000000000, 0000000000, 2.924814056880257e-06, 4.5408157086586075e-06, 0.9999727551057479 2.7244894251951645e-05, 
27, 0000000000, 0000000000, 2.961646624034423e-06, 4.595436019149691e-06, 0.999972427383885 2.7572616114898144e-05, 
28, 0000000000, 0000000000, 3.0547952644939067e-06, 4.741572671770159e-06, 0.9999715505639692 2.8449436030620957e-05, 
29, 0111111100, 0111111100, 0.7113491493101918, 0.9723305603135673, 0.0 0.0 0.0 0.002682104960035965 0.01687277867058179 0.12422476589732478 0.8562203504720575, 
30, 0000000000, 0000000000, 2.9920680038248146e-06, 4.640729503174018e-06, 0.9999721556229809 2.7844377019044114e-05, 
31, 0000000000, 0000000000, 2.889723438540107e-06, 4.487726923029615e-06, 0.9999730736384618 2.6926361538177698e-05, 
32, 0000000000, 0000000000, 2.994814022017762e-06, 4.634470301658706e-06, 0.9999721931781901 2.7806821809952237e-05, 
33, 0000000000, 0000000000, 2.8813528242156762e-06, 4.444211870875552e-06, 0.9999733347287747 2.6665271225253316e-05, 
34, 1111111100, 1111111000, 0.7155850267116886, 0.970059152106128, 0.0 0.0 0.0 0.005482237610569 0.019070064266694553 0.12505824599813548 0.850389452124601, 
35, 0000000000, 0000000000, 3.0110457776952535e-06, 4.6681334364999426e-06, 0.999971991199381 2.8008800618999655e-05, 
36, 0000000000, 0000000000, 2.971168035408824e-06, 4.606937212963448e-06, 0.9999723583767223 2.7641623277780694e-05, 
37, 0000000000, 0000000000, 3.0099234627362596e-06, 4.676688551895156e-06, 0.9999719398686887 2.8060131311370945e-05, 
38, 0000000000, 0000000000, 2.9240776065304027e-06, 4.536919828836386e-06, 0.9999727784810271 2.722151897301832e-05, 
39, 0000000000, 0000000000, 3.061944510916688e-06, 4.757540215007398e-06, 0.99997145475871 2.854524129004439e-05, 
40, 0000000000, 0000000000, 2.8435510644178415e-06, 4.396872161691925e-06, 0.99997361876703 2.638123297015155e-05, 
41, 0000000000, 0000000000, 3.0627915926829e-06, 4.7546107569123636e-06, 0.9999714723354585 2.8527664541474186e-05, 
42, 0000000000, 0000000000, 2.9966058151090757e-06, 4.656634055661565e-06, 0.9999720601956661 2.7939804333969395e-05, 
43, 0000000000, 0000000000, 2.8296547768110443e-06, 4.3549238197132014e-06, 0.9999738704570817 2.612954291827921e-05, 
44, 0000000000, 0011111111, 0.4142568502203806, 0.570906621757746, 0.392280892140158 1.1162250094226064e-05 0.0009622613396896634 0.012763093958852573 0.03650449021619211 0.10567179769440395 0.4518063024006095, 
45, 0000000000, 0000000000, 2.8353820959105866e-06, 4.39385383663431e-06, 0.9999736368769802 2.636312301980586e-05, 
46, 0000000000, 0000000000, 2.8719213302057304e-06, 4.440128842426808e-06, 0.9999733592269454 2.6640773054560855e-05, 
47, 0111111100, 0111111110, 0.7091306118084639, 0.9619057696971298, 0.0 0.0 0.0004840459139458338 0.011441603529396332 0.017643753589055764 0.1570168803951371 0.813413716572465, 
48, 0000000000, 0000000000, 2.9810015036475215e-06, 4.615474961063804e-06, 0.9999723071502336 2.769284976638282e-05, 
49, 0000000000, 0000000000, 2.9694580265213273e-06, 4.609121007656254e-06, 0.9999723452739541 2.7654726045937523e-05, 
50, 0000000000, 0000000000, 3.0280621670213295e-06, 4.706784457181393e-06, 0.999971759293257 2.824070674308836e-05, 
51, 0000000000, 1111111100, 0.012711482869119144, 0.018336762180960323, 0.9788126272341087 2.6475376717562692e-05 0.0002841320605953534 0.0026616870419954113 0.0027226979784712333 0.0024043013006885845 0.013088079007423262, 
52, 0000000000, 0000000000, 2.940200549081034e-06, 4.572626852033389e-06, 0.9999725642388877 2.7435761112200338e-05, 
53, 0000000000, 0000000000, 2.9879347071498207e-06, 4.6357697352136765e-06, 0.9999721853815888 2.7814618411282064e-05, 
54, 0000000000, 0000000000, 2.8916461843288997e-06, 4.474960198845892e-06, 0.9999731502388068 2.6849761193075355e-05, 
55, 0000000000, 0000000000, 3.0131332018055225e-06, 4.671245568475019e-06, 0.9999719725265892 2.8027473410850117e-05, 
56, 0000000000, 0000000000, 2.8929811197382992e-06, 4.473383561991568e-06, 0.999973159698628 2.6840301371949407e-05, 
57, 0111111100, 0111111000, 0.6894621857794773, 0.9528619900545809, 0.0 0.0 0.0010455047762072652 0.00663485159000881 0.05023107821296074 0.15827932937173733 0.7838092360490858, 
58, 0000000000, 0000000000, 3.0112344663435154e-06, 4.679895822284199e-06, 0.9999719206250663 2.80793749337052e-05, 
59, 0000000000, 0000000000, 2.987569595375999e-06, 4.626181402938959e-06, 0.9999722430890604 2.775673346141558e-05 1.774781090872628e-10, 
60, 0000000000, 0000000000, 3.0270853688039872e-06, 4.700439760862226e-06, 0.9999717973614347 2.8202638565173363e-05, 
61, 0000000000, 0000000000, 2.9654567487837584e-06, 4.579888882181469e-06, 0.9999725206667069 2.747933329308882e-05, 
62, 0000000000, 0000000000, 3.0118792886284804e-06, 4.690231810606237e-06, 0.9999718586091364 2.8141390863637426e-05, 
63, 0000000000, 0000000000, 2.9364704935689497e-06, 4.549589354462204e-06, 0.9999727024638733 2.7297536126773225e-05, 
64, 0000000000, 0000000000, 0.00012765071162906092, 0.00010842899310873193, 0.9993494554102308 0.0006505152208860959 2.936888314783573e-08, 
65, 0000000000, 0000000000, 3.041725102065186e-06, 4.735276177668877e-06, 0.999971588342934 2.8411657066013262e-05, 
66, 0000000000, 0000000000, 2.9543482400761956e-06, 4.577430995557348e-06, 0.9999725354140266 2.7464585973344093e-05, 
67, 0000000000, 0000000000, 2.9588433650588794e-06, 4.575225083660592e-06, 0.999972548649498 2.7451350501963555e-05, 
68, 0000000000, 0000000000, 2.9934131506415737e-06, 4.637775935965603e-06, 0.9999721733443842 2.7826655615793616e-05, 
69, 0000000000, 0000000000, 2.8528962920386195e-06, 4.409244090196632e-06, 0.9999735445354587 2.6455464541179795e-05, 
70, 0000000000, 0000000000, 2.9879198769844788e-06, 4.624988041430971e-06, 0.9999722500717514 2.7749928248585833e-05, 
71, 0000000000, 0000000000, 7.82405071168424e-05, 0.00013004675925156885, 0.9995963241242825 2.7076337807773673e-05 0.00037659439602800776 5.141881874629429e-09, 
72, 0000000000, 0000000000, 3.0077605010395086e-06, 4.666329318280599e-06, 0.9999720020240903 2.7997975909683594e-05, 
73, 0000000000, 0000000000, 2.986263742219598e-06, 4.64377893017318e-06, 0.9999721373264189 2.7862673581039082e-05, 
74, 0000000000, 0000000000, 3.03596494349526e-06, 4.72468210455923e-06, 0.9999716519073727 2.8348092627355388e-05, 
75, 0000000000, 0000000000, 3.020954585441255e-06, 4.688743929498576e-06, 0.9999718675364231 2.8132463576991462e-05, 
76, 0000000000, 0000000000, 2.894648394426297e-06, 4.471173992701473e-06, 0.9999731729560438 2.6827043956208837e-05, 
77, 0011111100, 0011111110, 0.7098829358895568, 0.9697705250063456, 0.0 0.0 0.0 0.00037161993647555504 0.018434743248204176 0.143392503656091 0.8378011331592293, 
78, 0000000000, 0000000000, 3.1764385715614033e-06, 4.940158991224218e-06, 0.9999703590460527 2.964095394734531e-05, 
79, 0000000000, 0000000000, 2.913023051992012e-06, 4.510733801662209e-06, 0.99997293559719 2.706440280997325e-05, 
80, 0000000000, 0000000000, 3.0662227120679072e-06, 4.7547463064301644e-06, 0.9999714715221614 2.852847783858099e-05, 
81, 0000000000, 0000000000, 3.034107644092784e-06, 4.7228201592050725e-06, 0.9999716630790447 2.8336920955230437e-05, 
82, 0000000000, 0000000000, 2.9064317962078724e-06, 4.486646522288577e-06, 0.9999730801208662 2.6919879133731465e-05, 
83, 0000000000, 0000000000, 2.8388003402852995e-06, 4.399087326938456e-06, 0.9999736054760384 2.6394523961630734e-05, 
84, 0000000000, 0000000000, 2.904748150127995e-06, 4.4966337793993575e-06, 0.9999730201973236 2.6979802676396152e-05, 
85, 0000000000, 0000000000, 2.967992694299155e-06, 4.604308858919012e-06, 0.9999723769589184 2.7620229009890905e-05 2.8120718115851988e-09, 
86, 0000000000, 0000000000, 2.8914864970299674e-06, 4.4728612363765404e-06, 0.9999731628325818 2.683716741825925e-05, 
87, 0000000000, 0000000000, 2.9045965632447388e-06, 4.516658717928061e-06, 0.9999729000476925 2.709995230756837e-05, 
88, 0000000000, 0000000000, 2.9773450077261463e-06, 4.621054235920272e-06, 0.9999722736745844 2.7726325415521635e-05, 
89, 0000000000, 0000000000, 2.977432303538724e-06, 4.632398275172722e-06, 0.9999722056103489 2.7794389651036336e-05, 
90, 0000000000, 0000000000, 2.9841441348802876e-06, 4.617821260719922e-06, 0.9999722930724356 2.770692756431953e-05, 
91, 0011111100, 0111111100, 0.7031755903910558, 0.9599233880614573, 0.0 0.0 0.0 0.0061816990422051 0.020169256327642243 0.18157606184935673 0.792072982780796, 
92, 0000000000, 0000000000, 2.805972977338813e-06, 4.334435553958136e-06, 0.9999739933866764 2.6006613323748818e-05, 
93, 0000000000, 0000000000, 2.8320027329563988e-06, 4.381025476901683e-06, 0.9999737175145459 2.627881804665725e-05 3.6674073764256063e-09, 
94, 0000000000, 0000000000, 2.9438835229730025e-06, 4.568673296595936e-06, 0.9999725879602205 2.7412039779575617e-05, 
95, 0000000000, 0000000000, 2.950972893417621e-06, 4.575590610490009e-06, 0.9999725464563369 2.7453543662940055e-05, 
96, 0000000000, 0000000000, 2.876713280444311e-06, 4.4508327040937164e-06, 0.9999732950037755 2.67049962245623e-05, 
97, 0000000000, 0000000000, 3.027943328003942e-06, 4.701558769194811e-06, 0.9999717906473847 2.820935261516887e-05, 
98, 0000000000, 0000000000, 2.8209397976642917e-06, 4.3455300221017736e-06, 0.9999739268198674 2.6073180132610643e-05, 
99, 0000000000, 0000000000, 3.048223025097589e-06, 4.714922780681212e-06, 0.9999717104633159 2.8289536684087274e-05, 
100, 0011111100, 0011111111, 0.7050312980456914, 0.9681094289162141, 0.0 0.0 0.0 0.002869010295689333 0.022178460516346803 0.13837947458295424 0.8365730546050095, 
run, initial grid state, final grid state, mean grid cell occupancy, mean binding site occupancy, fraction of time with N TFs bound, warning
1, 0000000000, 0000000000, 2.9502136739948153e-06, 4.58287404940445e-06, 0.9999725027557036 2.7497244296426704e-05, 
2, 0000000000, 0000000000, 2.9528540506172707e-06, 4.558841127469869e-06, 0.9999726469532352 2.7353046764819214e-05, 
3, 0000000000, 0000000000, 2.9086674088685363e-06, 4.486889406925154e-06, 0.9999730786635584 2.6921336441550928e-05, 
4, 0000000000, 0000000000, 2.966040773005383e-06, 4.5990511974067575e-06, 0.9999724056928155 2.7594307184440547e-05, 
5, 0000000000, 0000000000, 2.857368438180839e-06, 4.4201459269840865e-06, 0.9999734791244381 2.6520875561904517e-05, 
6, 0000000000, 0000000000, 3.060357068962955e-06, 4.747876647800717e-06, 0.9999715127401133 2.84872598868043e-05, 
7, 0000000000, 0000000000, 2.9640564557510885e-06, 4.591448698085833e-06, 0.9999724513078115 2.7548692188515003e-05, 
8, 0000000000, 0000000000, 2.9868684999753406e-06, 4.64059732749367e-06, 0.999972156416035 2.784358396496202e-05, 
9, 0000000000, 0000000000, 2.9318798502408896e-06, 4.54323523792671e-06, 0.9999727405885724 2.725941142756026e-05, 
10, 0000000000, 0000000000, 2.8992516586600383e-06, 4.4932448101861e-06, 0.9999730405311389 2.6959468861116602e-05, 
11, 0000000000, 0000000000, 2.88943779893319e-06, 4.4684342431405085e-06, 0.9999731893945412 2.6810605458843054e-05, 
12, 0000000000, 0000000000, 8.759626623677471e-05, 0.00014563863722359677, 0.9995493393960219 2.7489384614701403e-05 0.0004231712193634396, 
13, 0000000000, 0000000000, 2.9125704193174885e-06, 4.494061686717091e-06, 0.9999730356298796 2.6964370120302548e-05, 
