run, initial grid state, final grid state, mean grid cell occupancy, mean binding site occupancy, fraction of time with N TFs bound, warning
1, 0000000000, 0000000000, 8.894870889434878e-06, 1.4665262029822025e-05, 0.9999120084278211 8.799157217893217e-05, 
2, 0000000000, 0000000000, 8.740631194987022e-06, 1.4416507423832817e-05, 0.9999135009554571 8.649904454299691e-05, 
3, 0000000000, 0000000000, 9.40796406397986e-06, 1.5528520504889953e-05, 0.9999068288769707 9.317112302933973e-05, 
4, 0000000000, 0000000000, 9.216720036110386e-06, 1.5201851327495614e-05, 0.999908788892035 9.121110796497369e-05, 
5, 0000000000, 0000000000, 8.895496446205902e-06, 1.4664652842423869e-05, 0.9999120120829454 8.798791705454322e-05, 
6, 0000000000, 0000000000, 9.507892646017024e-06, 1.5679499231988702e-05, 0.999905923004608 9.407699539193222e-05, 
7, 0000000000, 0000000000, 9.025481365490763e-06, 1.4884308806481507e-05, 0.9999106941471612 8.930585283888905e-05, 
8, 0000000000, 0000000000, 0.01689054460561274, 0.027881706109076747, 0.9588370448550239 8.650294100993286e-05 0.002797817858300322 0.009481890567604019 0.013103175081063111 0.013411686212206453 0.0022818824847921867, 
9, 0000000000, 0000000000, 9.417192864455527e-06, 1.5532951654766807e-05, 0.9999068022900715 9.319770992860086e-05, 
10, 0000000000, 0000000000, 9.265904800061658e-06, 1.528614860135543e-05, 0.9999082831083919 9.171689160813258e-05, 
11, 0000000000, 0000000000, 8.97865774515837e-06, 1.4799535008329492e-05, 0.99991120278995 8.879721004997695e-05, 
12, 0000000000, 0000000000, 9.042805452975322e-06, 1.4905434507679181e-05, 0.9999105673929539 8.943260704607508e-05, 
13, 0000000000, 0000000000, 8.684145666868016e-06, 1.4321397941180054e-05, 0.999914071612353 8.592838764708034e-05, 
14, 0000000000, 0000000000, 9.118945710365216e-06, 1.5045936066509326e-05, 0.9999097243836009 9.027561639905595e-05, 
15, 0000000000, 0000000000, 9.218870447060348e-06, 1.520827788037449e-05, 0.9999087503327178 9.124966728224695e-05, 
16, 0000000000, 0000000000, 8.912963047077486e-06, 1.469056878706829e-05, 0.9999118565872775 8.814341272240974e-05, 
17, 0000000000, 0000000000, 9.306245456832513e-06, 1.535785058902218e-05, 0.9999078528964659 9.214710353413307e-05, 
18, 0000000000, 0000000000, 9.212019748160565e-06, 1.5196597945196545e-05, 0.9999088204123289 9.117958767117927e-05, 
19, 0000000000, 0000000000, 9.06368812823776e-06, 1.4943261903634963e-05, 0.9999103404285782 8.965957142180979e-05, 
20, 0000000000, 0000000000, 9.394030402668554e-06, 1.550506416190748e-05, 0.9999070148496538 9.293991572099294e-05 4.52346252259754e-08, 
21, 0000000000, 0000000000, 8.952944484914604e-06, 1.4763742802823249e-05, 0.999911417543183 8.85824568169395e-05, 
22, 0000000000, 0000000000, 8.577797188510573e-06, 1.4131460929074828e-05, 0.9999152112344256 8.478876557444897e-05, 
23, 0000000000, 0000000000, 8.659620551265179e-06, 1.4273603427021315e-05, 0.9999144051758048 8.554802782847223e-05 4.6796366827828535e-08, 
24, 0000000000, 0000000000, 9.40226831484793e-06, 1.552596645163893e-05, 0.9999068442012903 9.315579870983358e-05, 
25, 0000000000, 0000000000, 9.639054080861609e-06, 1.590348447960735e-05, 0.9999045817402532 9.541561261609772e-05 2.6471307731810066e-09, 
26, 0000000000, 0000000000, 9.138998211973728e-06, 1.5056114289564355e-05, 0.9999096633142626 9.033668573738614e-05, 
27, 0000000000, 0000000000, 8.693642137047111e-06, 1.4338703411628712e-05, 0.9999139677795302 8.603222046977227e-05, 
28, 0000000000, 0000000000, 9.00612872433784e-06, 1.484689802807073e-05, 0.9999109186118316 8.90813881684244e-05, 
29, 0000000000, 0000000000, 9.144606418005395e-06, 1.5089650089437017e-05, 0.9999094620994635 9.053790053662211e-05, 
30, 0000000000, 0000000000, 8.849905917551146e-06, 1.458252193821335e-05, 0.9999125048683707 8.749513162928011e-05, 
31, 0000000000, 0000000000, 8.729434223416139e-06, 1.4384648469559964e-05, 0.999913694622923 8.630286333643964e-05 2.5137404600779213e-09, 
32, 0000000000, 0000000000, 9.043146368964574e-06, 1.491674971481301e-05, 0.9999104995017112 8.950049828887805e-05, 
33, 0000000000, 0000000000, 9.170353590605026e-06, 1.5126443960661037e-05, 0.999909241336236 9.075866376396622e-05, 
34, 0000000000, 0000000000, 8.976856462209345e-06, 1.482120374694288e-05, 0.9999110727775183 8.892722248165728e-05, 
35, 0000000000, 0000000000, 9.397204529257461e-06, 1.550698156372885e-05, 0.9999069581106176 9.304188938237309e-05, 
36, 0000000000, 0000000000, 9.270064987410269e-06, 1.530211818420306e-05, 0.9999081872908948 9.181270910521835e-05, 
37, 0000000000, 0000000000, 9.296265828197217e-06, 1.5336543544684302e-05, 0.9999079807387319 9.201926126810582e-05, 
38, 0000000000, 0000000000, 9.668887361450496e-06, 1.5970450790013985e-05, 0.9999041772952598 9.582270474008395e-05, 
39, 0000000000, 0000000000, 9.28521143052259e-06, 1.5319606842478818e-05, 0.9999080823589451 9.191764105487292e-05, 
40, 0000000000, 0000000000, 9.155001388800609e-06, 1.5093731366629023e-05, 0.9999094376118003 9.056238819977414e-05, 
41, 0000000000, 0000000000, 9.000666479665041e-06, 1.484815835713558e-05, 0.9999109110498572 8.908895014281349e-05, 
42, 0000000000, 0000000000, 9.013284664363377e-06, 1.4857183550749829e-05, 0.9999108568986955 8.914310130449898e-05, 
43, 0000000000, 0000000000, 9.814083360600762e-06, 1.6204713105460318e-05, 0.9999027717213673 9.722827863276192e-05, 
44, 0000000000, 0000000000, 9.270811136870307e-06, 1.5296371384918225e-05, 0.9999082217716904 9.177822830950935e-05, 
45, 0000000000, 0000000000, 9.373413890110227e-06, 1.5473031002096746e-05, 0.9999071618139874 9.283818601258048e-05, 
46, 0000000000, 0000000000, 9.377713106870307e-06, 1.5483353356746214e-05, 0.9999071067788461 9.288632216713966e-05 6.8989866688137955e-09, 
47, 0000000000, 0000000000, 9.273188554353037e-06, 1.529760382282141e-05, 0.9999082143770631 9.178562293692846e-05, 
48, 0000000000, 0000000000, 9.15447526823931e-06, 1.5096243352951804e-05, 0.9999094225398824 9.057746011771083e-05, 
49, 0000000000, 0000000000, 9.53877042520693e-06, 1.574320433966097e-05, 0.9999055500056719 9.444076261800618e-05 9.231709979829333e-09, 
50, 0000000000, 0000000000, 9.074642340960085e-06, 1.4962053288447378e-05, 0.9999102276802693 8.977231973068428e-05, 
51, 0000000000, 0000000000, 9.299986612709682e-06, 1.534885431040651e-05, 0.9999079068741374 9.209312586243908e-05, 
52, 0000000000, 0000000000, 9.471100678411059e-06, 1.562689076066745e-05, 0.999906238655436 9.37613445640047e-05, 
53, 0000000000, 0000000000, 9.075540321182516e-06, 1.4958878605837695e-05, 0.9999102467283649 8.975327163502618e-05, 
54, 0000000000, 0000000000, 8.816880715450427e-06, 1.4550717146326821e-05, 0.9999126956971219 8.730430287796094e-05, 
55, 0000000000, 0000000000, 9.083882815454216e-06, 1.4972648665807327e-05, 0.9999101641080052 8.983589199484396e-05, 
56, 0000000000, 0000000000, 4.119109479762132e-05, 6.850268262815946e-05, 0.9997493147091467 9.035448593764637e-05 0.0001603308049156552, 
57, 0000000000, 0000000000, 8.963699301700485e-06, 1.4780727383324263e-05, 0.9999113156357001 8.868436429994559e-05, 
58, 0000000000, 0000000000, 9.311535595994257e-06, 1.5349303335945973e-05, 0.9999079041799844 9.209582001567584e-05, 
59, 0000000000, 0000000000, 9.632407733190207e-06, 1.5890886312145406e-05, 0.9999046546821271 9.534531787287244e-05, 
60, 0000000000, 0000000000, 9.247702812448743e-06, 1.5252515924167041e-05, 0.999908484904455 9.151509554500224e-05, 
61, 0000000000, 0000000000, 9.00250756979248e-06, 1.4844588951799904e-05, 0.9999109324662891 8.906753371079942e-05, 
62, 0000000000, 0000000000, 8.974633159575365e-06, 1.4800494313953768e-05, 0.9999111970341162 8.880296588372262e-05, 
63, 0000000000, 0000000000, 8.29120454485519e-06, 1.3655673672979315e-05, 0.9999180659579621 8.19340420378759e-05, 
64, 0000000000, 0000000000, 8.823964009744235e-06, 1.4548623992907589e-05, 0.9999127082560425 8.729174395744555e-05, 
65, 0000000000, 0000000000, 9.245661474506692e-06, 1.5251774425421311e-05, 0.9999084893534476 9.151064655252786e-05, 
66, 0000000000, 0000000000, 9.155588532907555e-06, 1.510720218983933e-05, 0.999909356786861 9.0643213139036e-05, 
67, 0000000000, 0000000000, 9.333328407533125e-06, 1.5408949048921355e-05, 0.9999075463057066 9.245369429352814e-05, 
68, 0000000000, 0000000000, 8.943788655791452e-06, 1.4748261101638659e-05, 0.9999115249341901 8.84605650097992e-05 1.450080001638049e-08, 
69, 0000000000, 0000000000, 8.92894390298781e-06, 1.4730498552693067e-05, 0.9999116170086839 8.83829913161584e-05, 
70, 0000000000, 0000000000, 9.283194717527788e-06, 1.5298433310935725e-05, 0.9999082094001345 9.179059986561436e-05, 
71, 0000000000, 0000000000, 9.157634417266788e-06, 1.5103747076931497e-05, 0.9999093775175384 9.062248246158899e-05, 
72, 0000000000, 0000000000, 0.10212564087528483, 0.16835372607305762, 0.8011077210249129 7.131646506635937e-05 0.0029930629762338454 0.030101089765281957 0.015642992266349735 0.04931322935336453 0.1007705881487907, 
73, 0000000000, 0000000000, 9.124432764728842e-06, 1.5047072102862318e-05, 0.9999097175673829 9.028243261717392e-05, 
74, 0000000000, 0000000000, 9.16295946734745e-06, 1.5108136782356036e-05, 0.9999093511793059 9.064882069413622e-05, 
75, 0000000000, 0000000000, 9.541067682698519e-06, 1.574696509158475e-05, 0.9999055182094505 9.448179054950851e-05, 
76, 0000000000, 0000000000, 9.611591734025787e-06, 1.5864634481364552e-05, 0.9999048121931118 9.518780688818731e-05, 
77, 0000000000, 0000000000, 9.442019491481485e-06, 1.5571749594402348e-05, 0.9999065695024336 9.34304975664141e-05, 
78, 0000000000, 0000000000, 8.925626369431115e-06, 1.4724996613477159e-05, 0.9999116500203191 8.834997968086295e-05, 
79, 0000000000, 0000000000, 9.280336568094645e-06, 1.5301066798910788e-05, 0.9999081935992065 9.180640079346474e-05, 
80, 0000000000, 0000000000, 8.833160267879976e-06, 1.456527415816463e-05, 0.999912608355051 8.739164494898779e-05, 
81, 0000000000, 0000000000, 9.232135017375355e-06, 1.523408751890538e-05, 0.9999085954748865 9.140452511343228e-05, 
82, 0000000000, 0000000000, 8.832387790227907e-06, 1.4554087388275247e-05, 0.9999126754756704 8.73245243296515e-05, 
83, 0000000000, 0000000000, 9.489100015602698e-06, 1.5649135516400502e-05, 0.9999061051869017 9.389481309840303e-05, 
84, 0000000000, 0000000000, 9.318749478837464e-06, 1.5380597537700416e-05, 0.9999077164147737 9.228358522620251e-05, 
85, 0000000000, 0000000000, 9.594332253539072e-06, 1.5843606741822373e-05, 0.9999049383595491 9.506164045093425e-05, 
86, 0000000000, 0000000000, 9.923415225960665e-06, 1.638122654286356e-05, 0.9999017126407428 9.828735925718138e-05, 
87, 0000000000, 0000000000, 8.918243224449433e-06, 1.4715238479825162e-05, 0.9999117202702875 8.826802854610296e-05 1.1701166424013318e-08, 
88, 0000000000, 0000000000, 9.407015476514452e-06, 1.5510259267558925e-05, 0.9999069384443947 9.306155560535355e-05, 
89, 0000000000, 0000000000, 8.83742258217934e-06, 1.4560894223931057e-05, 0.9999126346346563 8.736536534358636e-05, 
90, 0000000000, 0000000000, 9.218912569785357e-06, 1.5202080853448824e-05, 0.9999087875148793 9.121248512069295e-05, 
91, 0000000000, 0000000000, 8.591962552438828e-06, 1.415727514451982e-05, 0.9999150563491328 8.494365086711893e-05, 
92, 0000000000, 0000000000, 8.80110683876837e-06, 1.4509722209702179e-05, 0.9999129416667417 8.705833325821308e-05, 
93, 0000000000, 0000000000, 8.9413687120454e-06, 1.4758359446166226e-05, 0.999911449843323 8.855015667699737e-05, 
94, 0000000000, 0000000000, 9.06268693483732e-06, 1.4942350558744643e-05, 0.9999103458966475 8.965410335246785e-05, 
95, 0000000000, 0000000000, 9.391119414654015e-06, 1.5495220123485686e-05, 0.9999070286792591 9.297132074091414e-05, 
96, 0000000000, 0000000000, 9.51435643161381e-06, 1.5714140497823464e-05, 0.9999057151570131 9.42848429869408e-05, 
97, 0000000000, 0000000000, 9.67637994203303e-06, 1.596735706360249e-05, 0.9999041958576185 9.580414238161495e-05, 
98, 0000000000, 0000000000, 8.794273934974623e-06, 1.4509415632547544e-05, 0.9999129435062047 8.705649379528526e-05, 
99, 0000000000, 0000000000, 9.486311680385787e-06, 1.565178635749232e-05, 0.999906089281855 9.391071814495393e-05, 
100, 0000000000, 0000000000, 8.667088830694906e-06, 1.4285029335472876e-05, 0.9999142898239871 8.571017601283726e-05, 
run, initial grid state, final grid state, mean grid cell occupancy, mean binding site occupancy, fraction of time with N TFs bound, warning
1, 0000000000, 0000000000, 9.377033162152576e-06, 1.547877526148624e-05, 0.999907127348431 9.287265156891745e-05, 
2, 0000000000, 0000000000, 9.054981184932309e-06, 1.493648672927809e-05, 0.9999103810796244 8.961892037566855e-05, 
3, 0000000000, 0000000000, 8.742486492040385e-06, 1.4411545069780926e-05, 0.9999136485084746 8.623371263206192e-05 1.1777889331181843e-07, 
4, 0000000000, 0000000000, 9.495127818879343e-06, 1.5661796382878552e-05, 0.9999060292217028 9.397077829727131e-05, 
5, 0000000000, 0000000000, 9.322540936546876e-06, 1.537558536717838e-05, 0.999907746487797 9.225351220307028e-05, 
6, 0000000000, 0000000000, 9.320496149283966e-06, 1.536921467833546e-05, 0.9999077847119301 9.221528807001276e-05, 
7, 0000000000, 0000000000, 8.591519137218949e-06, 1.41567563615845e-05, 0.9999150594618305 8.494053816950702e-05, 
8, 0000000000, 0000000000, 9.676887740617477e-06, 1.598516041721151e-05, 0.9999040890374967 9.591096250326907e-05, 
9, 0000000000, 0000000000, 8.980317150905102e-06, 1.4802170638146091e-05, 0.9999111869761711 8.881302382887657e-05, 
10, 0000000000, 0000000000, 9.447208657349509e-06, 1.5584878507544616e-05, 0.9999064907289547 9.35092710452677e-05, 
11, 0000000000, 0000000000, 9.23671615199793e-06, 1.5245077544758833e-05, 0.9999085295347315 9.1470465268553e-05, 
12, 0000000000, 0000000000, 9.286357743064802e-06, 1.5314637041160613e-05, 0.9999081121777531 9.188782224696367e-05, 
13, 0000000000, 0000000000, 8.876280599417951e-06, 1.4642766770978405e-05, 0.9999121433993742 8.785660062587043e-05, 
14, 0000000000, 0000000000, 9.284401278482427e-06, 1.5317675656187418e-05, 0.9999080939460628 9.190605393712453e-05, 
15, 0000000000, 0000000000, 9.200591564532147e-06, 1.5172021107494482e-05, 0.9999090274585328 9.091295628928363e-05 5.958517784164065e-08, 
16, 0000000000, 0000000000, 9.292951289337878e-06, 1.5333151531861752e-05, 0.9999080010908088 9.199890919117053e-05, 
17, 0000000000, 0000000000, 8.941303376291951e-06, 1.473179130129868e-05, 0.9999116092521921 8.839074780779207e-05, 
18, 0000000000, 0000000000, 9.127582981971142e-06, 1.505189951053045e-05, 0.9999096886029368 9.031139706318272e-05, 
19, 0000000000, 0000000000, 1.2571876815292353e-05, 1.7526738491206803e-05, 0.9998948395690528 0.00010516043094724083, 
20, 0000000000, 0000000000, 9.342022173195002e-06, 1.5432131461491087e-05, 0.9999074072112311 9.259278876894652e-05, 
21, 0000000000, 0000000000, 8.925539858983052e-06, 1.4710032443211312e-05, 0.9999117398053406 8.826019465926788e-05, 
22, 0000000000, 0000000000, 9.617062891929196e-06, 1.5877441494631463e-05, 0.9999047353510322 9.52646489677888e-05, 
23, 0000000000, 0000000000, 9.304809584820065e-06, 1.5355453011172318e-05, 0.9999078672819329 9.213271806703391e-05, 
24, 0000000000, 0000000000, 9.23336111121643e-06, 1.5234015533093892e-05, 0.9999086315059659 9.133289486977314e-05 3.559916439510527e-08, 
25, 0000000000, 0000000000, 9.261982918307728e-06, 1.5275273516369437e-05, 0.9999083483589017 9.165164109821664e-05, 
26, 0000000000, 0000000000, 9.700447980934489e-06, 1.6015111412968157e-05, 0.9999039093315222 9.609066847780895e-05, 
27, 0000000000, 0000000000, 9.164428137726371e-06, 1.5118842192776091e-05, 0.9999092869468433 9.071305315665656e-05, 
28, 0000000000, 0000000000, 8.795819855762035e-06, 1.4498944576333277e-05, 0.999913006332542 8.699366745799968e-05, 
29, 0000000000, 0000000000, 9.103068465842293e-06, 1.5010563342036087e-05, 0.9999099366199478 9.006338005221653e-05, 
30, 0000000000, 0000000000, 9.832557280674637e-06, 1.6234953648010682e-05, 0.999902590278112 9.74097218880641e-05, 
31, 0000000000, 0000000000, 9.733561747363767e-06, 1.6057374673566267e-05, 0.9999036557519586 9.634424804139759e-05, 
32, 0000000000, 0000000000, 9.246792977764603e-06, 1.5247285195584664e-05, 0.9999085162888265 9.1483711173508e-05, 
33, 0000000000, 0000000000, 9.13004533424827e-06, 1.5053058001546421e-05, 0.9999096816519908 9.031834800927854e-05, 
34, 0000000000, 0000000000, 9.328735641379551e-06, 1.538720437917518e-05, 0.9999076767737249 9.23232262750511e-05, 
35, 0000000000, 0000000000, 8.55422306155975e-06, 1.4109572425573694e-05, 0.9999153425654466 8.465743455344217e-05, 
36, 0000000000, 0000000000, 8.571376152184309e-06, 1.4144372994345268e-05, 0.9999151337620339 8.486623796607162e-05, 
37, 0000000000, 0000000000, 8.98284212611864e-06, 1.4802029178669316e-05, 0.9999111878249279 8.881217507201591e-05, 
38, 0000000000, 0000000000, 9.31231661784561e-06, 1.5378051910500964e-05, 0.9999077316885371 9.226831146300578e-05, 
39, 0000000000, 0000000000, 9.298756054515784e-06, 1.534158911883971e-05, 0.9999079504652869 9.204953471303828e-05, 
40, 0000000000, 0000000000, 9.179841167929193e-06, 1.5143191085779438e-05, 0.9999091408534853 9.085914651467663e-05, 
41, 0000000000, 0000000000, 8.955718858698031e-06, 1.4775796847602856e-05, 0.9999113452189143 8.865478108561713e-05, 
42, 0000000000, 0000000000, 8.99532535178487e-06, 1.4839119392670966e-05, 0.999910972464656 8.90203543319002e-05 7.181012062799362e-09, 
43, 0000000000, 0000000000, 9.243672303714994e-06, 1.5248874101828317e-05, 0.999908506755389 9.149324461096991e-05, 
44, 0000000000, 0000000000, 8.85592753607465e-06, 1.4604189834414452e-05, 0.9999124700219524 8.743481708895284e-05 9.516095876693724e-08, 
45, 0000000000, 0000000000, 0.02128627126615653, 0.035105563564275646, 0.9574772163487941 9.249066476255066e-05 0.0037863712360507672 0.0017112675510787393 0.007484156252640584 0.008793267095048626 0.02065523085162469, 
46, 0000000000, 0011111100, 0.175520351719835, 0.2895016099642907, 0.6518490459249503 6.181296890994323e-05 0.0057878501058367315 0.031224628195563493 0.05786510124741122 0.11903151231514475 0.13418004924218357, 
47, 0000000000, 0000000000, 1.0030129980379174e-05, 1.656561094594693e-05, 0.9999006063343242 9.93936656756816e-05, 
48, 0000000000, 0000000000, 9.257437900681366e-06, 1.5268908293164965e-05, 0.9999083865502411 9.16134497589898e-05, 
49, 0000000000, 0000000000, 9.217873079917172e-06, 1.5193754925500556e-05, 0.999908837470447 9.116252955300333e-05, 
50, 0000000000, 0000000000, 8.6786442112405e-06, 1.431332134045993e-05, 0.9999141200719573 8.587992804275958e-05, 
51, 0000000000, 0000000000, 9.257404150399788e-06, 1.5283651615537816e-05, 0.9999082980903067 9.170190969322691e-05, 
52, 0000000000, 0000000000, 8.876301530583938e-06, 1.462686492683277e-05, 0.999912238810439 8.776118956099662e-05, 
53, 0000000000, 0000000000, 9.06292139237195e-06, 1.4961549058079336e-05, 0.9999102307056514 8.976929434847601e-05, 
54, 0000000000, 0000000000, 8.927266340337632e-06, 1.4703959460657011e-05, 0.999911776243236 8.822375676394206e-05, 
55, 0000000000, 0000000000, 8.651779439166603e-06, 1.4264631653073831e-05, 0.9999144122100815 8.558778991844299e-05, 
56, 0000000000, 0000000000, 9.559762566226715e-06, 1.5767065149248128e-05, 0.9999053976091046 9.460239089548877e-05, 
57, 0000000000, 0000000000, 9.25969865576908e-06, 1.527150499476903e-05, 0.9999083709700313 9.162902996861419e-05, 
58, 0000000000, 0000000000, 9.30381505113797e-06, 1.5353575860765475e-05, 0.9999078785448354 9.212145516459286e-05, 
59, 0000000000, 0000000000, 8.710912930824016e-06, 1.4355307686743692e-05, 0.9999138681538795 8.613184612046217e-05, 
60, 0000000000, 0000000000, 8.685737090429517e-06, 1.4323552800742527e-05, 0.9999140586831956 8.594131680445516e-05, 
61, 0000000000, 0000000000, 9.583619028447494e-06, 1.582289620480729e-05, 0.9999050626227711 9.493737722884375e-05, 
62, 0000000000, 0000000000, 9.249068112249535e-06, 1.526176495474119e-05, 0.9999084294102716 9.157058972844714e-05, 
63, 0000000000, 0000000000, 9.13073176799326e-06, 1.505897095594166e-05, 0.99990972795888 9.019025650438956e-05 8.178461563019525e-08, 
64, 0000000000, 0000000000, 8.973545695462679e-06, 1.4795408240138497e-05, 0.9999112275505592 8.877244944083098e-05, 
65, 0000000000, 0000000000, 8.84080928040757e-06, 1.4596374916627572e-05, 0.9999124217505002 8.757824949976543e-05, 
66, 0000000000, 0000000000, 9.079366986909929e-06, 1.4985761978077965e-05, 0.9999101185049843 8.984841816255298e-05 3.307685295740763e-08, 
67, 0000000000, 0000000000, 9.318694374713379e-06, 1.5382849005410327e-05, 0.9999077029059674 9.229709403246197e-05, 
68, 0000000000, 0000000000, 9.025824511453921e-06, 1.4886596169553944e-05, 0.999910704181316 8.92720603506729e-05 2.3758333325386046e-08, 
69, 0000000000, 0000000000, 9.165820190213035e-06, 1.5123372988743668e-05, 0.9999092597620676 9.074023793246202e-05, 
70, 0000000000, 0000000000, 8.963668147113888e-06, 1.47852929108587e-05, 0.9999112882425348 8.87117574651522e-05, 
71, 0000000000, 0000000000, 8.705390437900962e-06, 1.4350257102650689e-05, 0.999913898457384 8.610154261590413e-05, 
72, 0000000000, 0000000000, 8.943299656387818e-06, 1.4745048783852196e-05, 0.9999115297072968 8.847029270311317e-05, 
73, 0000000000, 0000000000, 8.69065396717924e-06, 1.4324024168263252e-05, 0.9999140558549905 8.594414500957953e-05, 
74, 0000000000, 0000000000, 9.793435038196974e-06, 1.6149702740647613e-05, 0.9999031017835561 9.689821644388568e-05, 
75, 0000000000, 0000000000, 9.442672106648872e-06, 1.5575976342124362e-05, 0.9999065441419474 9.345585805274617e-05, 
76, 0000000000, 0000000000, 9.342205478118444e-06, 1.541590309733436e-05, 0.999907504581416 9.249541858400616e-05, 
77, 0000000000, 0000000000, 8.989646440364774e-06, 1.4832145082736458e-05, 0.9999110071295035 8.899287049641875e-05, 
78, 0000000000, 0000000000, 8.927826591050052e-06, 1.4722945869724422e-05, 0.9999116623247817 8.833767521834654e-05, 
79, 0000000000, 0000000000, 9.182480467420842e-06, 1.514932350093341e-05, 0.9999091040589945 9.089594100560047e-05, 
80, 0000000000, 0000000000, 9.408528987076289e-06, 1.553156233579881e-05, 0.9999068106259851 9.318937401479287e-05, 
81, 0000000000, 0000000000, 8.931723639076397e-06, 1.4738896337334315e-05, 0.999911566621976 8.84333780240059e-05, 
82, 0000000000, 0000000000, 9.544013929811254e-06, 1.57651262941966e-05, 0.9999054092422348 9.459075776517961e-05, 
83, 0000000000, 0000000000, 8.874392124935282e-06, 1.4632120102796166e-05, 0.9999122072793832 8.7792720616777e-05, 
84, 0000000000, 0000000000, 8.901203820089936e-06, 1.467759254216947e-05, 0.999911934444747 8.806555525301683e-05, 
85, 0000000000, 0000000000, 8.89499455892486e-06, 1.4666131511177794e-05, 0.999912003210933 8.799678906706676e-05, 
86, 0000000000, 0000000000, 9.065702074780506e-06, 1.495184410951564e-05, 0.9999102889353428 8.971106465709384e-05, 
87, 0000000000, 0000000000, 9.148490190275702e-06, 1.5085711606611636e-05, 0.9999094857303602 9.051426963966981e-05, 
88, 0000000000, 0000000000, 8.690057399598238e-06, 1.4318988984103629e-05, 0.9999140860660953 8.591393390462178e-05, 
89, 0000000000, 0000000000, 9.510291000458641e-06, 1.5695052352890934e-05, 0.9999058296858826 9.417031411734561e-05, 
90, 0000000000, 0000000000, 8.835370632892645e-06, 1.4583243263734729e-05, 0.9999125005404176 8.749945958240838e-05, 
91, 0000000000, 0000000000, 9.068671954600693e-06, 1.4948676031411045e-05, 0.9999103299722861 8.964799923930494e-05 2.202847458067394e-08, 
92, 0000000000, 0000000000, 8.833365862014522e-06, 1.4575669593774785e-05, 0.9999125459824374 8.745401756264873e-05, 
93, 0000000000, 0000000000, 8.917110555121665e-06, 1.4706554842120688e-05, 0.9999117606709472 8.823932905272413e-05, 
94, 0000000000, 0000000000, 9.430721755038393e-06, 1.5557218291225604e-05, 0.9999066566902526 9.334330974735362e-05, 
95, 0000000000, 0000000000, 0.004256815617158857, 0.006982488635622673, 0.9842378815338958 8.710132127123041e-05 0.0072586983163780245 0.00637484145411094 0.0020414773743439854, 
96, 0000000000, 0000000000, 8.76491662085933e-06, 1.4448992215200058e-05, 0.9999133060467088 8.669395329120035e-05, 
97, 0000000000, 0000000000, 8.994908547251597e-06, 1.4840205855325474e-05, 0.9999109587648681 8.904123513195285e-05, 
98, 0000000000, 0000000000, 8.655628176873682e-06, 1.4262836702661033e-05, 0.9999144229797842 8.55770202159662e-05, 
99, 0000000000, 0011111100, 0.06776466250471493, 0.1117791809701346, 0.8686103827178677 7.801391620231809e-05 0.0018135246769262494 0.010713004946505228 0.021739680063575673 0.03440007461660283 0.06264531906232004, 
100, 0000000000, 0000000000, 9.08797959686368e-06, 1.4985464195648862e-05, 0.9999100872148261 8.991278517389316e-05, 
run, initial grid state, final grid state, mean grid cell occupancy, mean binding site occupancy, fraction of time with N TFs bound, warning
1, 0000000000, 0000000000, 9.392898225257805e-06, 1.5497735221818076e-05, 0.9999070645927668 9.288440313553093e-05 5.100409768876575e-08, 
2, 0000000000, 0000000000, 8.837033170443118e-06, 1.4569929839263572e-05, 0.9999125804209644 8.741957903558143e-05, 
3, 0000000000, 0000000000, 8.827761124086055e-06, 1.4563294560064053e-05, 0.9999126202326396 8.737976736038432e-05, 
4, 0000000000, 0000000000, 9.021202222825588e-06, 1.4878938543455163e-05, 0.9999107263687392 8.927363126073098e-05, 
5, 0000000000, 0000000000, 9.809202167454996e-06, 1.6184231595058763e-05, 0.9999028946104296 9.710538957035258e-05, 
6, 0000000000, 0000000000, 9.34946590091239e-06, 1.5418655854513263e-05, 0.999907488064873 9.251193512707958e-05, 
7, 0000000000, 0000000000, 8.693642339032092e-06, 1.432876591148556e-05, 0.9999140885865774 8.585023137638738e-05 6.118204626299086e-08, 
8, 0000000000, 0001111100, 0.07025499914562952, 0.11552087725531622, 0.8668105154681375 7.788984649199171e-05 0.002088359744544483 0.004879139640050161 0.01648529495319877 0.04966074662209215 0.059998053725485, 
9, 0000000000, 0000000000, 9.265961728792988e-06, 1.5293328845165478e-05, 0.999908240026929 9.175997307099287e-05, 
10, 0000000000, 0000000000, 8.30888762321761e-06, 1.368351793626277e-05, 0.9999178988923825 8.210110761757663e-05, 
11, 0000000000, 0000000000, 9.492111918225438e-06, 1.5654549118291984e-05, 0.9999060727052903 9.392729470975192e-05, 
12, 0000000000, 0000000000, 8.526242901892223e-06, 1.4049183122525025e-05, 0.9999157049012648 8.429509873515016e-05, 
13, 0000000000, 0000000000, 9.2361792559599e-06, 1.5241631678123181e-05, 0.9999085502099313 9.144979006873908e-05, 
14, 0000000000, 0000000000, 8.69201080759608e-06, 1.4329269567875667e-05, 0.9999140243825927 8.5975617407254e-05, 
15, 0000000000, 0000000000, 8.691832791352955e-06, 1.4340645135474049e-05, 0.9999139561291872 8.60438708128443e-05, 
16, 0000000000, 0000000000, 9.037958609410696e-06, 1.4900698926882664e-05, 0.9999106175076313 8.936079117601007e-05 2.170119264296123e-08, 
17, 0000000000, 0000000000, 8.89255631598961e-06, 1.4674513933738462e-05, 0.9999119529163976 8.804708360243077e-05, 
18, 0000000000, 0000000000, 9.575703002660446e-06, 1.5812191784618314e-05, 0.9999051268492922 9.48731507077099e-05, 
19, 0000000000, 0000000000, 9.072012665336057e-06, 1.4964044413150049e-05, 0.9999102157335211 8.97842664789003e-05, 
20, 0000000000, 0000000000, 9.471679017232337e-06, 1.560755017569245e-05, 0.9999063546989458 9.364530105415471e-05, 
21, 0000000000, 0000000000, 0.00020734371772633626, 0.00034267663228791304, 0.9989265391822907 9.086184169107515e-05 0.0009825989760182017, 
22, 0000000000, 0000000000, 9.143864667182966e-06, 1.5082765954908998e-05, 0.9999095034042704 9.049659572945399e-05, 
23, 0000000000, 0000000000, 8.854849620902256e-06, 1.4607966046567917e-05, 0.9999123522037205 8.764779627940749e-05, 
24, 0000000000, 0000000000, 9.164141156448095e-06, 1.5107215285159882e-05, 0.999909356708289 9.06432917109593e-05, 
25, 0000000000, 0000000000, 9.710719060005454e-06, 1.6029136090819324e-05, 0.9999038251834551 9.617481654491596e-05, 
26, 0000000000, 0000000000, 8.980401383838593e-06, 1.4815288103859322e-05, 0.9999111082713769 8.889172862315594e-05, 
27, 0000000000, 0000000000, 8.89481229966921e-06, 1.4665067965384822e-05, 0.9999120095922077 8.799040779230893e-05, 
28, 0000000000, 0000000000, 9.744168997852012e-06, 1.608529191760509e-05, 0.9999034882484944 9.651175150563056e-05, 
29, 0000000000, 0000000000, 9.378850321426988e-06, 1.5474742909672183e-05, 0.999907151542542 9.28484574580331e-05, 
30, 0000000000, 0000000000, 9.338468886039797e-06, 1.5406908707218536e-05, 0.9999075585477567 9.244145224331123e-05, 
31, 0000000000, 0000000000, 9.173136793914065e-06, 1.5129135371354453e-05, 0.9999092251877718 9.077481222812672e-05, 
32, 0000000000, 0000000000, 9.913510880470078e-06, 1.635880718296244e-05, 0.9999018471569021 9.815284309777464e-05, 
33, 0000000000, 0000000000, 9.068171477360676e-06, 1.49625398039993e-05, 0.999910224761176 8.97752388239958e-05, 
34, 0000000000, 0000000000, 9.119999243483713e-06, 1.503926376511289e-05, 0.9999097644174093 9.023558259067734e-05, 
35, 0000000000, 0000000000, 9.057653220651372e-06, 1.4944801435069518e-05, 0.9999103311913896 8.966880861041712e-05, 
36, 0000000000, 0000000000, 9.62892562171962e-06, 1.58819782395837e-05, 0.9999047264745612 9.525518144009293e-05 1.8343998704637796e-08, 
37, 0000000000, 0000000000, 9.088721713294157e-06, 1.499006233709199e-05, 0.9999100596259775 8.994037402255194e-05, 
38, 0000000000, 0000000000, 9.293307785495838e-06, 1.5342220319497733e-05, 0.9999079466780829 9.20533219169864e-05, 
39, 0000000000, 0000000000, 9.143876702097555e-06, 1.5075982568597876e-05, 0.9999095552856758 9.043353323659947e-05 1.1181087493896483e-08, 
40, 0000000000, 0000000000, 9.207425498213791e-06, 1.5196355142960035e-05, 0.9999088508996797 9.112006978266318e-05 2.903053754851931e-08, 
41, 0000000000, 0000000000, 9.288979541596744e-06, 1.5325170805485444e-05, 0.9999080489751672 9.195102483291266e-05, 
42, 0000000000, 0000000000, 9.341213085401403e-06, 1.5410595786059915e-05, 0.9999075364252836 9.246357471635949e-05, 
43, 0000000000, 0000000000, 9.386983145795394e-06, 1.5487544502330542e-05, 0.999907074732986 9.292526701398325e-05, 
44, 0000000000, 0000000000, 9.126944067115373e-06, 1.5052885293599497e-05, 0.9999096826882384 9.031731176159699e-05, 
45, 0000000000, 0000000000, 9.230305854035391e-06, 1.522482642468826e-05, 0.9999086510414519 9.134895854812958e-05, 
46, 0000000000, 0000000000, 8.79644315614271e-06, 1.4516712348657649e-05, 0.9999128997259081 8.71002740919459e-05, 
47, 0000000000, 0000000000, 8.934462947359085e-06, 1.473345571501936e-05, 0.9999115992657099 8.840073429011617e-05, 
48, 0000000000, 0000000000, 8.942595102619691e-06, 1.4735423495390949e-05, 0.9999115874590278 8.841254097234569e-05, 
49, 0000000000, 0000000000, 9.404520870147988e-06, 1.5535482023338236e-05, 0.9999067871078599 9.321289214002943e-05, 
50, 0000000000, 0000000000, 9.245885160424989e-06, 1.525066413676813e-05, 0.9999084960151794 9.150398482060879e-05, 
51, 0000000000, 0000000000, 9.618167199266475e-06, 1.587012455931665e-05, 0.9999047792526442 9.522074735589989e-05, 
52, 0000000000, 0000000000, 9.622865677877628e-06, 1.5877624435186373e-05, 0.9999047683845295 9.519748432992747e-05 3.4131140595390677e-08, 
53, 0000000000, 0000000000, 9.243741101946127e-06, 1.524040223273065e-05, 0.9999085575866036 9.144241339638391e-05, 
54, 0000000000, 0000000000, 9.402293798989959e-06, 1.5522355255721143e-05, 0.9999068658684657 9.313413153432685e-05, 
55, 0000000000, 0000000000, 9.63897074540695e-06, 1.5909127590927376e-05, 0.9999045452344544 9.545476554556428e-05, 
56, 0000000000, 0000000000, 9.368062618763669e-06, 1.5463329946121078e-05, 0.9999072200203234 9.277997967672649e-05, 
57, 0000000000, 0000000000, 8.438474336202169e-06, 1.3904564376283542e-05, 0.9999165726137423 8.342738625770127e-05, 
58, 0000000000, 0000000000, 8.719633662026288e-06, 1.4377481307659355e-05, 0.999913735112154 8.626488784595614e-05, 
59, 0000000000, 0000000000, 9.094560776285232e-06, 1.5004719784188026e-05, 0.9999099716812948 9.002831870512816e-05, 
60, 0000000000, 0000000000, 8.578096000317874e-06, 1.4131060266949452e-05, 0.9999152136383983 8.478636160169672e-05, 
61, 0000000000, 0000000000, 9.133244693358314e-06, 1.5061720397766453e-05, 0.9999096296776134 9.037032238659872e-05, 
62, 0000000000, 0000000000, 8.511835251321361e-06, 1.4034085401152887e-05, 0.9999157954875931 8.420451240691732e-05, 
63, 0000000000, 0000000000, 8.968059031997784e-06, 1.4800848568854e-05, 0.9999111949085868 8.8805091413124e-05, 
64, 0000000000, 0000000000, 9.397242083068738e-06, 1.549708743927719e-05, 0.9999070174753644 9.298252463566316e-05, 
65, 0000000000, 0000000000, 9.045895570414674e-06, 1.491368158328211e-05, 0.9999105179105003 8.948208949969267e-05, 
66, 0000000000, 0000000000, 9.056144371257602e-06, 1.493538044360673e-05, 0.9999103877173384 8.961228266164039e-05, 
67, 0000000000, 0000000000, 9.7061252028787e-06, 1.6017404399459424e-05, 0.9999038955736032 9.610442639675655e-05, 
68, 0000000000, 0000000000, 8.81261247872878e-06, 1.453154482053315e-05, 0.9999128107310769 8.71892689231989e-05, 
69, 0000000000, 0000000000, 9.035593885501414e-06, 1.4902785917415859e-05, 0.9999105832844956 8.941671550449516e-05, 
70, 0000000000, 0000000000, 9.55051602631859e-06, 1.577097808013722e-05, 0.9999053741315191 9.462586848082332e-05, 
71, 0000000000, 0000000000, 9.376241192531121e-06, 1.547409388528607e-05, 0.9999071554366883 9.284456331171643e-05, 
72, 0000000000, 0000000000, 9.374964346365793e-06, 1.54742442185508e-05, 0.9999071545346886 9.284546531130481e-05, 
73, 0000000000, 0000000000, 9.315212715702842e-06, 1.5367069275252774e-05, 0.9999077975843486 9.220241565151666e-05, 
74, 0000000000, 0000000000, 9.435899556656324e-06, 1.5584831654237005e-05, 0.9999064910100744 9.350898992542204e-05, 
75, 0000000000, 0000000000, 9.36960556433348e-06, 1.545420226428115e-05, 0.9999072747864143 9.272521358568691e-05, 
76, 0000000000, 0000000000, 9.424609653512408e-06, 1.5536030629824108e-05, 0.999906783816221 9.321618377894467e-05, 
77, 0000000000, 0000000000, 9.202070573547258e-06, 1.5184481014382814e-05, 0.9999088931139136 9.110688608629688e-05, 
78, 0000000000, 0000000000, 9.693522341446541e-06, 1.5996916310040052e-05, 0.9999040185021397 9.598149786024031e-05, 
79, 0000000000, 0000000000, 5.9960651873888035e-05, 5.732574682689047e-05, 0.9996560455190387 0.00034395448096134285, 
80, 0000000000, 0000000000, 8.984633462766714e-06, 1.4827421004170515e-05, 0.999911035473975 8.89645260250231e-05, 
81, 0000000000, 0000000000, 8.891692264783661e-06, 1.4652390960022357e-05, 0.9999121309996252 8.782365498941724e-05 4.534538535844712e-08, 
82, 0000000000, 0000000000, 9.345910595716299e-06, 1.5420878684348733e-05, 0.9999074747278939 9.25252721060924e-05, 
83, 0000000000, 0000000000, 9.177930190564642e-06, 1.512578403100785e-05, 0.999909245295814 9.075470418604711e-05, 
84, 0000000000, 0000000000, 9.437394180285566e-06, 1.5561138215483894e-05, 0.999906633170707 9.336682929290335e-05, 
85, 0000000000, 0000000000, 8.824623664515026e-06, 1.4548193019618801e-05, 0.9999127108418823 8.728915811771282e-05, 
86, 0000000000, 0000000000, 8.846973334996231e-06, 1.4578747160612729e-05, 0.9999125275170364 8.747248296367638e-05, 
87, 0000000000, 0000000000, 9.399779160175525e-06, 1.5510915022502984e-05, 0.999906934509865 9.306549013501792e-05, 
88, 0000000000, 0000000000, 9.253661480486393e-06, 1.526911423917575e-05, 0.9999083853145649 9.161468543505451e-05, 
89, 0000000000, 0000000000, 9.452204914860034e-06, 1.5597265235459108e-05, 0.9999064164085871 9.358359141275465e-05, 
90, 0000000000, 0000000000, 9.631192877408707e-06, 1.5883804463602047e-05, 0.9999046971732184 9.530282678161228e-05, 
91, 0000000000, 0000000000, 8.543442001562984e-06, 1.4087334308676929e-05, 0.9999154759941479 8.452400585206158e-05, 
92, 0000000000, 0000000000, 9.273077494124039e-06, 1.529439334170571e-05, 0.9999082336399497 9.176636005023427e-05, 
93, 0000000000, 0000000000, 9.718896171047907e-06, 1.6032017870279182e-05, 0.9999038078927782 9.619210722167509e-05, 
94, 0000000000, 0000000000, 9.693976729275013e-06, 1.5994267523318917e-05, 0.9999040343948601 9.596560513991351e-05, 
95, 0000000000, 0000000000, 9.854498188518509e-06, 1.625366656474113e-05, 0.9999024780006116 9.752199938844677e-05, 
96, 0000000000, 0000000000, 8.731553795414066e-06, 1.4394846160601349e-05, 0.9999136309230364 8.63690769636081e-05, 
97, 0000000000, 0000000000, 8.981501172587572e-06, 1.4817450012834467e-05, 0.999911095299923 8.890470007700681e-05, 
98, 0000000000, 0000000000, 9.359412052216413e-06, 1.5438794220487662e-05, 0.999907367234677 9.263276532292598e-05, 
99, 0000000000, 0000000000, 9.332223052703421e-06, 1.539902730665162e-05, 0.9999076058361602 9.239416383990972e-05, 
100, 0000000000, 0000000000, 8.911784319441122e-06, 1.4697922287669791e-05, 0.999911812466274 8.818753372601876e-05, 
run, initial grid state, final grid state, mean grid cell occupancy, mean binding site occupancy, fraction of time with N TFs bound, warning
1, 0000000000, 0000000000, 9.816815955578505e-06, 1.6213032285785115e-05, 0.9999027218062853 9.72781937147107e-05, 
2, 0000000000, 0000000000, 9.034299596966281e-06, 1.4899190044713377e-05, 0.9999106048597316 8.939514026828026e-05, 
3, 0000000000, 0000000000, 9.138396017198971e-06, 1.5059443982808842e-05, 0.9999096433361032 9.035666389685306e-05, 
4, 0000000000, 0000000000, 9.177673010527433e-06, 1.5122487630370709e-05, 0.9999092650742177 9.073492578222427e-05, 
5, 0000000000, 0000000000, 8.998061278997988e-06, 1.4833297412220233e-05, 0.9999110002155267 8.89997844733214e-05, 
6, 0000000000, 0000000000, 9.190889052528537e-06, 1.5163394982028635e-05, 0.9999090196301078 9.098036989217182e-05, 
7, 0000000000, 0000000000, 9.355011168758473e-06, 1.5439114572183107e-05, 0.9999073653125669 9.263468743309865e-05, 
8, 0000000000, 0000000000, 9.12986294723854e-06, 1.505457256366757e-05, 0.999909672564618 9.032743538200544e-05, 
9, 0000000000, 0000000000, 9.350842208024844e-06, 1.5433168976798702e-05, 0.9999074601406943 9.248070475055946e-05 5.915455511638096e-08, 
10, 0000000000, 0000000000, 8.828289871988262e-06, 1.4552990054877395e-05, 0.9999126820596708 8.731794032926437e-05, 
11, 0000000000, 0000000000, 9.199771393482034e-06, 1.5183284090405451e-05, 0.9999089002954575 9.109970454243271e-05, 
12, 0000000000, 0000000000, 9.789120325209971e-06, 1.6155610685626813e-05, 0.9999030663358862 9.69336641137609e-05, 
13, 0000000000, 0000000000, 9.405224654650083e-06, 1.553569770989712e-05, 0.9999067858137407 9.321418625938273e-05, 
14, 0000000000, 0000000000, 9.841715738380083e-06, 1.6248235171082085e-05, 0.9999025105889735 9.74894110264925e-05, 
15, 0000000000, 0000000000, 9.109632270560095e-06, 1.5036048543607464e-05, 0.9999097837087384 9.021629126164479e-05, 
16, 0000000000, 0000000000, 8.798354962235824e-06, 1.4520560390720481e-05, 0.9999128766376557 8.71233623443229e-05, 
17, 0000000000, 0000000000, 9.149251915844713e-06, 1.5091255181489832e-05, 0.999909452468911 9.054753108893899e-05, 
18, 0000000000, 0000000000, 9.425246706944826e-06, 1.554843114534877e-05, 0.999906709413128 9.329058687209264e-05, 
19, 0000000000, 0000000000, 9.328168321938264e-06, 1.539013467430098e-05, 0.9999076591919541 9.234080804580589e-05, 
20, 0000000000, 0000000000, 9.066955498927661e-06, 1.494931899070283e-05, 0.9999103104810854 8.968312388508191e-05 6.3950295675368525e-09, 
21, 0000000000, 0000000000, 9.13337067685875e-06, 1.5067589768282068e-05, 0.9999095944613903 9.040553860969242e-05, 
22, 0000000000, 0000000000, 9.502113618573795e-06, 1.5672125841517994e-05, 0.9999059672449508 9.403275504910796e-05, 
23, 0000000000, 0000000000, 9.128405608377087e-06, 1.5067183009008526e-05, 0.9999095969019459 9.040309805405116e-05, 
24, 0000000000, 0000000000, 9.193430911685384e-06, 1.5168797878485525e-05, 0.9999089872127291 9.101278727091316e-05, 
25, 0000000000, 0000000000, 9.608271394108741e-06, 1.5848355020909516e-05, 0.9999049098698746 9.509013012545712e-05, 
