run, initial grid state, final grid state, mean grid cell occupancy, mean binding site occupancy, fraction of time with N TFs bound, warning
1, 000000, 000000, 3.793666199204045e-06, 3.793666199204045e-06, 0.9999772380028048 2.2761997195224274e-05, 
2, 000000, 000000, 3.86022111184311e-06, 3.86022111184311e-06, 0.999976838673329 2.3161326671058663e-05, 
3, 000000, 000000, 4.022106765683843e-06, 4.022106765683843e-06, 0.9999758673594058 2.4132640594103054e-05, 
4, 000000, 000000, 3.822057777306782e-06, 3.822057777306782e-06, 0.9999770676533362 2.293234666384069e-05, 
5, 000000, 000000, 4.0237049536305506e-06, 4.0237049536305506e-06, 0.9999758577702782 2.4142229721783303e-05, 
6, 000000, 000000, 4.025540818436456e-06, 4.025540818436456e-06, 0.9999758467550894 2.4153244910618743e-05, 
7, 000000, 000000, 4.002751871092823e-06, 4.002751871092823e-06, 0.9999759834887735 2.4016511226556942e-05, 
8, 000000, 000000, 3.7075723343707676e-06, 3.7075723343707676e-06, 0.9999777545659938 2.2245434006224606e-05, 
9, 000000, 000000, 3.912666236320733e-06, 3.912666236320733e-06, 0.9999765240025821 2.3475997417924395e-05, 
10, 000000, 000000, 3.814617624856117e-06, 3.814617624856117e-06, 0.9999771122942509 2.2887705749136702e-05, 
11, 000000, 000000, 3.92225289819241e-06, 3.92225289819241e-06, 0.9999764664826108 2.353351738915446e-05, 
12, 000000, 000000, 4.006439274054921e-06, 4.006439274054921e-06, 0.9999759613643556 2.4038635644329533e-05, 
13, 000000, 000000, 3.918860248191314e-06, 3.918860248191314e-06, 0.9999764868385108 2.3513161489147887e-05, 
14, 000000, 000000, 3.872455915033536e-06, 3.872455915033536e-06, 0.9999767652645098 2.3234735490201215e-05, 
15, 000000, 000000, 3.919775032503086e-06, 3.919775032503086e-06, 0.9999764813498051 2.351865019501852e-05, 
16, 000000, 000000, 3.937219059165253e-06, 3.937219059165253e-06, 0.9999763766856449 2.3623314354991518e-05, 
17, 000000, 000000, 4.0765185241181015e-06, 4.0765185241181015e-06, 0.9999755408888553 2.445911114470861e-05, 
18, 000000, 000000, 3.877913582617449e-06, 3.877913582617449e-06, 0.9999767325185044 2.3267481495704696e-05, 
19, 000000, 000000, 3.8112524035778294e-06, 3.8112524035778294e-06, 0.9999771324855785 2.2867514421466978e-05, 
20, 000000, 000000, 3.929168418856995e-06, 3.929168418856995e-06, 0.9999764249894869 2.357501051314197e-05, 
21, 000000, 000000, 3.6803692703096876e-06, 3.6803692703096876e-06, 0.9999779177843781 2.2082215621858123e-05, 
22, 000000, 000000, 3.8005105126799187e-06, 3.8005105126799187e-06, 0.9999771969369239 2.280306307607951e-05, 
23, 000000, 000000, 3.830361218419598e-06, 3.830361218419598e-06, 0.9999770178326896 2.298216731051759e-05, 
24, 000000, 000000, 3.9396985284917944e-06, 3.9396985284917944e-06, 0.999976361808829 2.3638191170950773e-05, 
25, 000000, 000000, 3.8884708543238966e-06, 3.8884708543238966e-06, 0.999976669174874 2.333082512594338e-05, 
26, 000000, 000000, 3.894628995814026e-06, 3.894628995814026e-06, 0.9999766322260252 2.3367773974884154e-05, 
27, 000000, 000000, 3.889062247700991e-06, 3.889062247700991e-06, 0.9999766656265138 2.3334373486205945e-05, 
28, 000000, 000000, 3.8119737112832933e-06, 3.8119737112832933e-06, 0.9999771281577322 2.287184226769976e-05, 
29, 000000, 000000, 3.8108643766751392e-06, 3.8108643766751392e-06, 0.99997713481374 2.2865186260050835e-05, 
30, 000000, 000000, 3.982702660942606e-06, 3.982702660942606e-06, 0.9999761037840343 2.389621596565564e-05, 
31, 000000, 000000, 3.820318853283071e-06, 3.820318853283071e-06, 0.9999770780868803 2.2921913119698427e-05, 
32, 000000, 000000, 3.6646095083951034e-06, 3.6646095083951034e-06, 0.9999780123429497 2.1987657050370622e-05, 
33, 000000, 000000, 3.901306144003243e-06, 3.901306144003243e-06, 0.9999765921631361 2.340783686401946e-05, 
34, 000000, 000000, 3.843782283899922e-06, 3.843782283899922e-06, 0.9999769373062966 2.3062693703399534e-05, 
35, 000000, 000000, 0.0011552059577052535, 0.0011552059577052535, 0.996522513829039 2.374152387277417e-05 0.003453739718905744 4.92818242027646e-09, 
36, 000000, 000000, 3.9368143423031115e-06, 3.9368143423031115e-06, 0.9999763841148702 2.361088420573408e-05 5.000924042293003e-09, 
37, 000000, 000000, 3.875130517477398e-06, 3.875130517477398e-06, 0.9999767492168951 2.325078310486439e-05, 
38, 000000, 000000, 3.989875089291774e-06, 3.989875089291774e-06, 0.9999760607494642 2.393925053575065e-05, 
39, 000000, 000000, 0.008162930319155378, 0.008162930319155378, 0.9853607183701968 2.177498732417489e-05 0.002510839337895711 0.004492544285510267 0.007614119700079191 3.3189938181922547e-09, 
40, 000000, 000000, 3.7330668158338365e-06, 3.7330668158338365e-06, 0.9999776015991051 2.239840089500302e-05, 
41, 000000, 000000, 3.7527833461138e-06, 3.7527833461138e-06, 0.9999774832999233 2.25167000766828e-05, 
42, 000000, 000000, 3.818327776549138e-06, 3.818327776549138e-06, 0.9999770900333407 2.2909966659294826e-05, 
43, 000000, 000000, 3.865324952435782e-06, 3.865324952435782e-06, 0.9999768080502854 2.3191949714614696e-05, 
44, 000000, 000000, 3.6610578398567595e-06, 3.6610578398567595e-06, 0.9999780336529608 2.1966347039140554e-05, 
45, 000000, 000000, 3.799461462183241e-06, 3.799461462183241e-06, 0.999977203231227 2.279676877309945e-05, 
46, 000000, 000000, 3.849272120377077e-06, 3.849272120377077e-06, 0.9999769043672777 2.3095632722262467e-05, 
47, 000000, 000000, 3.842992992744064e-06, 3.842992992744064e-06, 0.9999769420420436 2.3057957956464384e-05, 
48, 000000, 000000, 3.628049300203183e-06, 3.628049300203183e-06, 0.9999782317041988 2.1768295801219096e-05, 
49, 000000, 000000, 3.7055935849243236e-06, 3.7055935849243236e-06, 0.9999777664384905 2.2233561509545944e-05, 
50, 000000, 000000, 3.8243005123207774e-06, 3.8243005123207774e-06, 0.9999770541969261 2.2945803073924666e-05, 
51, 000000, 000000, 3.803979791754917e-06, 3.803979791754917e-06, 0.9999771761212495 2.2823878750529504e-05, 
52, 000000, 000000, 3.753796622630204e-06, 3.753796622630204e-06, 0.9999774772202642 2.2522779735781227e-05, 
53, 000000, 000000, 3.7800458909375435e-06, 3.7800458909375435e-06, 0.9999773197246543 2.2680275345625267e-05, 
54, 000000, 000000, 3.7039839605131807e-06, 3.7039839605131807e-06, 0.999977776096237 2.2223903763079084e-05, 
55, 000000, 000000, 3.7171147309468696e-06, 3.7171147309468696e-06, 0.9999776973116143 2.230268838568122e-05, 
56, 000000, 000000, 3.637699620275054e-06, 3.637699620275054e-06, 0.9999781738022783 2.1826197721650322e-05, 
57, 000000, 000000, 3.789800387615345e-06, 3.789800387615345e-06, 0.9999772634011506 2.2734395373174697e-05 2.2034762586866103e-09, 
58, 000000, 000000, 4.0256170667366475e-06, 4.0256170667366475e-06, 0.9999758462975996 2.4153702400419885e-05, 
59, 000000, 000000, 3.803482985534357e-06, 3.803482985534357e-06, 0.9999771791020868 2.2820897913206148e-05, 
60, 000000, 000000, 3.758815553243057e-06, 3.758815553243057e-06, 0.9999774471066806 2.2552893319458344e-05, 
61, 000000, 000000, 3.873617708968291e-06, 3.873617708968291e-06, 0.9999767582937462 2.3241706253809748e-05, 
62, 000000, 000000, 3.660481126627862e-06, 3.660481126627862e-06, 0.9999780371132402 2.1962886759767172e-05, 
63, 000000, 000000, 4.036615931618906e-06, 4.036615931618906e-06, 0.9999757803044103 2.4219695589713433e-05, 
64, 000000, 000000, 3.951173511051378e-06, 3.951173511051378e-06, 0.9999762929589336 2.3707041066308264e-05, 
65, 000000, 000000, 3.6719178748552197e-06, 3.6719178748552197e-06, 0.9999779684927508 2.203150724913132e-05, 
66, 000000, 000000, 3.756350589819826e-06, 3.756350589819826e-06, 0.9999774618964611 2.253810353891896e-05, 
67, 000000, 000000, 4.012268652000727e-06, 4.012268652000727e-06, 0.999975926388088 2.4073611912004358e-05, 
68, 000000, 000000, 3.91574238678604e-06, 3.91574238678604e-06, 0.9999765055456794 2.3494454320716236e-05, 
69, 000000, 000000, 3.896480137203202e-06, 3.896480137203202e-06, 0.9999766211191767 2.3378880823219215e-05, 
70, 000000, 000000, 3.672825442444466e-06, 3.672825442444466e-06, 0.9999779630473453 2.2036952654666796e-05, 
71, 000000, 000000, 3.604233854556269e-06, 3.604233854556269e-06, 0.9999783745968727 2.1625403127337613e-05, 
72, 000000, 000000, 3.819133382541007e-06, 3.819133382541007e-06, 0.9999770851997047 2.2914800295246046e-05, 
73, 000000, 000000, 3.881311434162226e-06, 3.881311434162226e-06, 0.999976712131395 2.3287868604973354e-05, 
74, 000000, 000000, 3.7790093810295197e-06, 3.7790093810295197e-06, 0.9999773259437138 2.267405628617712e-05, 
75, 000000, 000000, 3.6870539467408322e-06, 3.6870539467408322e-06, 0.9999778776763195 2.2122323680444995e-05, 
76, 000000, 000000, 3.8424350686288445e-06, 3.8424350686288445e-06, 0.9999769453895883 2.305461041177307e-05, 
77, 011111, 000000, 0.6114969655066994, 0.6114969655066994, 0.3455712777742438 8.15769896246138e-06 4.265674094393139e-05 0.009054886819305533 0.050722966174174364 0.12876853204948804 0.46583152274288187, 
78, 000000, 000000, 3.8611779115793e-06, 3.8611779115793e-06, 0.9999768329325306 2.31670674694758e-05, 
79, 000000, 000000, 3.809749242449918e-06, 3.809749242449918e-06, 0.9999771415045453 2.2858495454699508e-05, 
80, 000000, 000000, 3.985563265862449e-06, 3.985563265862449e-06, 0.9999760866204047 2.3913379595174697e-05, 
81, 000000, 000000, 3.8490124765506365e-06, 3.8490124765506365e-06, 0.9999769059251408 2.3094074859303817e-05, 
82, 000000, 000000, 3.64657531852753e-06, 3.64657531852753e-06, 0.9999781205480888 2.187945191116518e-05, 
83, 000000, 000000, 3.8107059674323277e-06, 3.8107059674323277e-06, 0.9999771357641954 2.2864235804593963e-05, 
84, 000000, 000000, 3.964059627170578e-06, 3.964059627170578e-06, 0.9999762156422369 2.378435776302347e-05, 
85, 000000, 000000, 3.893973799283257e-06, 3.893973799283257e-06, 0.9999766361572043 2.3363842795699545e-05, 
86, 000000, 000000, 3.826626732741218e-06, 3.826626732741218e-06, 0.9999770402396035 2.295976039644731e-05, 
87, 000000, 000000, 3.7532629312634446e-06, 3.7532629312634446e-06, 0.9999774804224123 2.251957758758067e-05, 
88, 000000, 000000, 3.852701396280169e-06, 3.852701396280169e-06, 0.9999768837916223 2.3116208377681016e-05, 
89, 000000, 000000, 3.833353142110789e-06, 3.833353142110789e-06, 0.9999769998811473 2.3000118852664737e-05, 
90, 000000, 000000, 3.866524717291086e-06, 3.866524717291086e-06, 0.9999768008516963 2.3199148303746517e-05, 
91, 000000, 000000, 3.581860911882378e-06, 3.581860911882378e-06, 0.9999785088345288 2.149116547129427e-05, 
92, 000000, 000000, 3.873704425184955e-06, 3.873704425184955e-06, 0.9999767577734489 2.324222655110973e-05, 
93, 000000, 000000, 3.7734144130506083e-06, 3.7734144130506083e-06, 0.9999773595135217 2.2640486478303652e-05, 
94, 000000, 111111, 0.6676123026318829, 0.6676123026318829, 0.2736488019428025 6.550518706967926e-06 0.001176607737194924 0.015999681276189087 0.0535990689590932 0.19249700726281874 0.4630722823031945, 
95, 000000, 000000, 3.954310279119416e-06, 3.954310279119416e-06, 0.9999762741383252 2.3725861674716494e-05, 
96, 000000, 000000, 3.910726703378197e-06, 3.910726703378197e-06, 0.9999765356397798 2.3464360220269186e-05, 
97, 000000, 000000, 3.920505468128895e-06, 3.920505468128895e-06, 0.9999764769671913 2.3523032808773373e-05, 
98, 000000, 000000, 3.800450554358646e-06, 3.800450554358646e-06, 0.9999771972966738 2.2802703326151875e-05, 
99, 000000, 000000, 3.83474705794111e-06, 3.83474705794111e-06, 0.9999769915176523 2.3008482347646658e-05, 
100, 000000, 000000, 3.811203357513898e-06, 3.811203357513898e-06, 0.9999771327798549 2.2867220145083386e-05, 
run, initial grid state, final grid state, mean grid cell occupancy, mean binding site occupancy, fraction of time with N TFs bound, warning
1, 000000, 000000, 3.856338385663508e-06, 3.856338385663508e-06, 0.999976861969686 2.3138030313981053e-05, 
2, 000000, 000000, 3.963686196443916e-06, 3.963686196443916e-06, 0.9999762178828213 2.3782117178663498e-05, 
3, 000000, 000000, 3.874721215134966e-06, 3.874721215134966e-06, 0.9999767516727092 2.32483272908098e-05, 
4, 000000, 000000, 3.6093437534707154e-06, 3.6093437534707154e-06, 0.9999783439374791 2.1656062520824293e-05, 
5, 000000, 000000, 3.985473836386439e-06, 3.985473836386439e-06, 0.9999760871569816 2.3912843018318636e-05, 
6, 000000, 000000, 3.734726267551267e-06, 3.734726267551267e-06, 0.9999775916423946 2.2408357605307606e-05, 
7, 000000, 000000, 3.8135476590161912e-06, 3.8135476590161912e-06, 0.9999771187140459 2.288128595409715e-05, 
8, 000000, 000000, 3.94938255188774e-06, 3.94938255188774e-06, 0.9999763037046887 2.3696295311326447e-05, 
9, 000000, 000000, 3.7229520395348424e-06, 3.7229520395348424e-06, 0.9999776622877629 2.2337712237209057e-05, 
10, 000000, 000000, 3.817167528145872e-06, 3.817167528145872e-06, 0.9999770969948311 2.2903005168875233e-05, 
11, 000000, 000000, 3.893481746110953e-06, 3.893481746110953e-06, 0.9999766391095233 2.3360890476665722e-05, 
12, 000000, 000000, 3.8276696194986185e-06, 3.8276696194986185e-06, 0.9999770339822829 2.296601771699171e-05, 
13, 000000, 000000, 3.819048540763629e-06, 3.819048540763629e-06, 0.9999770857087553 2.291429124458177e-05, 
14, 000000, 000000, 3.6251330529735626e-06, 3.6251330529735626e-06, 0.9999782492016822 2.1750798317841378e-05, 
15, 000000, 000000, 3.818230407113941e-06, 3.818230407113941e-06, 0.9999770906175572 2.290938244268365e-05, 
16, 000000, 000000, 3.8000745673854885e-06, 3.8000745673854885e-06, 0.9999771995525956 2.280044740431293e-05, 
17, 000000, 000000, 3.915680935754928e-06, 3.915680935754928e-06, 0.9999765059143856 2.3494085614529567e-05, 
18, 000000, 000000, 4.0639332663711516e-06, 4.0639332663711516e-06, 0.9999756173714017 2.4381657598291944e-05 9.70999967484247e-10, 
19, 000000, 000000, 3.6297598829171757e-06, 3.6297598829171757e-06, 0.9999782214407025 2.177855929750306e-05, 
20, 000000, 000000, 3.964709673601402e-06, 3.964709673601402e-06, 0.9999762117419585 2.3788258041608412e-05, 
21, 000000, 000000, 3.6978595340049523e-06, 3.6978595340049523e-06, 0.999977812842796 2.2187157204029717e-05, 
22, 000000, 000000, 3.948228076001821e-06, 3.948228076001821e-06, 0.9999763106315439 2.3689368456010927e-05, 
23, 000000, 000000, 3.5942711556983165e-06, 3.5942711556983165e-06, 0.9999784343730658 2.15656269341899e-05, 
24, 000000, 000000, 3.763538619927153e-06, 3.763538619927153e-06, 0.9999774187682805 2.258123171956292e-05, 
25, 000000, 000000, 3.5307096149111236e-06, 3.5307096149111236e-06, 0.9999788157423104 2.1184257689466742e-05, 
26, 000000, 000000, 3.81319292683777e-06, 3.81319292683777e-06, 0.9999771208424388 2.2879157561026623e-05, 
27, 000000, 000000, 3.703041391072779e-06, 3.703041391072779e-06, 0.9999777817516535 2.2218248346436673e-05, 
28, 000000, 000000, 3.871826753370295e-06, 3.871826753370295e-06, 0.9999767690394797 2.3230960520221767e-05, 
29, 000000, 000000, 3.891646317955169e-06, 3.891646317955169e-06, 0.9999766501220922 2.3349877907731012e-05, 
30, 000000, 000000, 3.961672681962705e-06, 3.961672681962705e-06, 0.9999762299639082 2.377003609177623e-05, 
31, 000000, 000000, 3.8007941574813713e-06, 3.8007941574813713e-06, 0.9999771952350551 2.280476494488823e-05, 
32, 000000, 000000, 3.539636601040468e-06, 3.539636601040468e-06, 0.9999787621803937 2.123781960624281e-05, 
33, 000000, 000000, 3.787224476594366e-06, 3.787224476594366e-06, 0.9999772766531404 2.2723346859566198e-05, 
34, 000000, 000000, 3.7930869501982146e-06, 3.7930869501982146e-06, 0.9999772414782988 2.2758521701189286e-05, 
35, 000000, 000000, 4.109904496627873e-06, 4.109904496627873e-06, 0.9999753405730202 2.465942697976724e-05, 
36, 000000, 000000, 3.637260437929085e-06, 3.637260437929085e-06, 0.9999781764373724 2.182356262757451e-05, 
37, 000000, 000000, 3.878727019539075e-06, 3.878727019539075e-06, 0.9999767276378828 2.3272362117234453e-05, 
38, 000000, 000000, 3.6182535264958594e-06, 3.6182535264958594e-06, 0.999978290478841 2.170952115897516e-05, 
39, 000000, 000000, 3.891089935325758e-06, 3.891089935325758e-06, 0.9999766534603881 2.334653961195455e-05, 
40, 000000, 000000, 3.83237014266446e-06, 3.83237014266446e-06, 0.9999770057791441 2.2994220855986762e-05, 
41, 000000, 000000, 3.9542663254053325e-06, 3.9542663254053325e-06, 0.9999762744020476 2.3725597952431995e-05, 
42, 000000, 000000, 3.881411611398105e-06, 3.881411611398105e-06, 0.9999767115303316 2.328846966838863e-05, 
43, 000000, 000000, 3.962827010584624e-06, 3.962827010584624e-06, 0.9999762230379364 2.3776962063507744e-05, 
44, 000000, 000000, 3.936128155826844e-06, 3.936128155826844e-06, 0.9999763832310651 2.361676893496107e-05, 
45, 000000, 000000, 3.804857824614995e-06, 3.804857824614995e-06, 0.9999771708530523 2.2829146947689973e-05, 
46, 000000, 000000, 3.6738458486372366e-06, 3.6738458486372366e-06, 0.9999779569249082 2.2043075091823424e-05, 
47, 000000, 000000, 3.7737630321759363e-06, 3.7737630321759363e-06, 0.999977357421807 2.264257819305562e-05, 
48, 000000, 000000, 3.881919989371297e-06, 3.881919989371297e-06, 0.9999767084800637 2.3291519936227787e-05, 
49, 000000, 000000, 3.8739802799304376e-06, 3.8739802799304376e-06, 0.9999767561183204 2.324388167958263e-05, 
50, 000000, 000000, 3.7798427074101637e-06, 3.7798427074101637e-06, 0.9999773209437556 2.2679056244460984e-05, 
51, 000000, 000000, 3.7876577824762037e-06, 3.7876577824762037e-06, 0.999977274053305 2.272594669485722e-05, 
52, 000000, 000000, 3.870752029415184e-06, 3.870752029415184e-06, 0.9999767754878235 2.3224512176491106e-05, 
53, 000000, 000000, 3.7716734646410774e-06, 3.7716734646410774e-06, 0.9999773699592122 2.2630040787846467e-05, 
54, 000000, 000000, 3.844670446802536e-06, 3.844670446802536e-06, 0.9999769319773192 2.3068022680815217e-05, 
55, 000000, 000000, 3.864025152462039e-06, 3.864025152462039e-06, 0.9999768158490853 2.3184150914772233e-05, 
56, 000000, 000000, 3.61148753523626e-06, 3.61148753523626e-06, 0.9999783310747886 2.1668925211417564e-05, 
57, 000000, 000000, 3.830348181918259e-06, 3.830348181918259e-06, 0.9999770179109085 2.2982089091509555e-05, 
58, 000000, 000000, 3.79741074821738e-06, 3.79741074821738e-06, 0.9999772155355107 2.278446448930428e-05, 
59, 000000, 000000, 3.644775486096535e-06, 3.644775486096535e-06, 0.9999781313470835 2.1868652916579212e-05, 
60, 000000, 000000, 3.781495096682901e-06, 3.781495096682901e-06, 0.9999773110294199 2.2688970580097406e-05, 
61, 000000, 000000, 3.993239454989143e-06, 3.993239454989143e-06, 0.99997604056327 2.3959436729934862e-05, 
62, 000000, 000000, 3.6465703941226583e-06, 3.6465703941226583e-06, 0.9999781205776352 2.187942236473595e-05, 
63, 000000, 000000, 3.845986160218525e-06, 3.845986160218525e-06, 0.9999769240830386 2.307591696131115e-05, 
64, 000000, 000000, 3.719718203965092e-06, 3.719718203965092e-06, 0.9999776816907762 2.2318309223790554e-05, 
65, 000000, 000000, 3.913775265747311e-06, 3.913775265747311e-06, 0.9999765173484055 2.3482651594483868e-05, 
66, 000000, 000000, 3.854984059700102e-06, 3.854984059700102e-06, 0.9999768700956418 2.3129904358200616e-05, 
67, 000000, 000000, 3.81315999413352e-06, 3.81315999413352e-06, 0.9999771210400351 2.2878959964801122e-05, 
68, 000000, 000000, 3.8549078510593185e-06, 3.8549078510593185e-06, 0.9999768705528936 2.312944710635591e-05, 
69, 000000, 000000, 4.06723354079724e-06, 4.06723354079724e-06, 0.9999755965987551 2.4403401244783445e-05, 
70, 000000, 000000, 3.892608470915006e-06, 3.892608470915006e-06, 0.9999766443491747 2.3355650825490037e-05, 
71, 000000, 000000, 3.6064032013351662e-06, 3.6064032013351662e-06, 0.999978361580792 2.1638419208011e-05, 
72, 000000, 000000, 3.886947080034435e-06, 3.886947080034435e-06, 0.9999766783175198 2.332168248020661e-05, 
73, 000000, 000000, 3.769678058575645e-06, 3.769678058575645e-06, 0.9999773819316486 2.261806835145387e-05, 
74, 000000, 000000, 3.92740221441255e-06, 3.92740221441255e-06, 0.9999764355867135 2.35644132864753e-05, 
75, 000000, 000000, 3.787481715514602e-06, 3.787481715514602e-06, 0.9999772751097069 2.2724890293087612e-05, 
76, 000000, 000000, 3.9050229868708854e-06, 3.9050229868708854e-06, 0.9999765698620788 2.343013792122531e-05, 
77, 000000, 111111, 0.6459191256754857, 0.6459191256754857, 0.3005652184964999 6.992542822069399e-06 0.008894443435319433 0.012334383521946043 0.04908564364674931 0.15030676065336096 0.47880655770330227, 
78, 000000, 000000, 3.8075104437680864e-06, 3.8075104437680864e-06, 0.9999771549373373 2.284506266260852e-05, 
79, 000000, 000000, 3.794916705309786e-06, 3.794916705309786e-06, 0.9999772304997682 2.2769500231858718e-05, 
80, 000000, 000000, 3.7319431119808354e-06, 3.7319431119808354e-06, 0.9999776131926471 2.2381956034008234e-05 4.851318938391549e-09, 
81, 000000, 000000, 4.0758314357456065e-06, 4.0758314357456065e-06, 0.9999755450113855 2.4454988614473644e-05, 
82, 000000, 000000, 3.7988900360154258e-06, 3.7988900360154258e-06, 0.999977206659784 2.2793340216092555e-05, 
83, 000000, 000000, 3.890689109050605e-06, 3.890689109050605e-06, 0.9999766558653458 2.3344134654303633e-05, 
84, 000000, 000000, 3.4594132505817933e-06, 3.4594132505817933e-06, 0.9999792435204966 2.075647950349076e-05, 
85, 000000, 000000, 3.957935444689651e-06, 3.957935444689651e-06, 0.9999762523873319 2.3747612668137907e-05, 
86, 000000, 000000, 3.936953976743347e-06, 3.936953976743347e-06, 0.9999763782761395 2.362172386046008e-05, 
87, 111111, 000000, 0.5741510860188789, 0.5741510860188789, 0.37223832430898957 8.798322749478476e-06 0.002299273721566427 0.011174956111633152 0.044615627854345016 0.1896663274891865 0.3799966921915299, 
88, 000000, 000000, 3.8222935248792876e-06, 3.8222935248792876e-06, 0.9999770662388507 2.293376114927573e-05, 
89, 000000, 000000, 3.8103357311364785e-06, 3.8103357311364785e-06, 0.9999771379856132 2.2862014386818873e-05, 
90, 000000, 000000, 0.13259479605616614, 0.13259479605616614, 0.8544893322986924 2.0121135933152287e-05 0.003745383134949434 0.005288963734785034 0.008144602343517939 0.030256995759994867 0.09805460159212724, 
91, 000000, 000000, 3.85062751265682e-06, 3.85062751265682e-06, 0.9999768962349241 2.310376507594092e-05, 
92, 000000, 000000, 3.562927123509036e-06, 3.562927123509036e-06, 0.9999786224372589 2.1377562741054214e-05, 
93, 000000, 000000, 4.0562101773355e-06, 4.0562101773355e-06, 0.9999756627389359 2.4337261064013e-05, 
94, 000000, 000000, 3.914910708844952e-06, 3.914910708844952e-06, 0.9999765105357469 2.3489464253069708e-05, 
95, 000000, 000000, 3.829283241096901e-06, 3.829283241096901e-06, 0.9999770243005534 2.297569944658141e-05, 
96, 000000, 000000, 3.720758535266929e-06, 3.720758535266929e-06, 0.9999776754487884 2.2324551211601575e-05, 
97, 000000, 000000, 3.653214578941345e-06, 3.653214578941345e-06, 0.9999780807125263 2.1919287473648074e-05, 
98, 000000, 000000, 3.926510758946782e-06, 3.926510758946782e-06, 0.9999764409354464 2.3559064553680695e-05, 
99, 000000, 000000, 3.7216143740908493e-06, 3.7216143740908493e-06, 0.9999776703137555 2.2329686244545096e-05, 
100, 111111, 011111, 0.932673086282863, 0.932673086282863, 0.0 0.0 0.0 0.013063927634745112 0.05949941139304539 0.24577087661249566 0.6816657843597139, 
run, initial grid state, final grid state, mean grid cell occupancy, mean binding site occupancy, fraction of time with N TFs bound, warning
1, 000000, 000000, 3.873188104265155e-06, 3.873188104265155e-06, 0.9999767608713743 2.3239128625590927e-05, 
2, 000000, 000000, 3.90647895634056e-06, 3.90647895634056e-06, 0.999976561126262 2.343887373804336e-05, 
3, 000000, 000000, 3.961307349130792e-06, 3.961307349130792e-06, 0.9999762321559053 2.3767844094784755e-05, 
4, 000000, 000000, 3.682429914268542e-06, 3.682429914268542e-06, 0.9999779054205145 2.2094579485611256e-05, 
5, 000000, 000000, 4.0357851601060146e-06, 4.0357851601060146e-06, 0.9999757852890394 2.421471096063609e-05, 
6, 000000, 000000, 3.925892984909206e-06, 3.925892984909206e-06, 0.9999764446420906 2.3555357909455237e-05, 
7, 000000, 000000, 3.7076929220600818e-06, 3.7076929220600818e-06, 0.9999777538424677 2.224615753236049e-05, 
8, 000000, 111111, 0.8865076117715476, 0.8865076117715476, 0.03353646320975206 7.895576812539781e-07 0.00533568160893426 0.032850031123532776 0.050736018324372786 0.2583667458687154 0.6191742703070116, 
9, 000000, 000000, 3.6592600426785936e-06, 3.6592600426785936e-06, 0.9999780444397439 2.1955560256071563e-05, 
10, 000000, 000000, 3.621789947605233e-06, 3.621789947605233e-06, 0.9999782692603144 2.17307396856314e-05, 
11, 000000, 000000, 3.821042890788096e-06, 3.821042890788096e-06, 0.9999770737426552 2.2926257344728576e-05, 
12, 000000, 000000, 3.851029931794223e-06, 3.851029931794223e-06, 0.9999768938204092 2.310617959076534e-05, 
13, 000000, 000000, 3.802743335463072e-06, 3.802743335463072e-06, 0.9999771835399872 2.2816460012778432e-05, 
14, 000000, 000000, 3.816526526078842e-06, 3.816526526078842e-06, 0.9999771008408436 2.289915915647305e-05, 
15, 000000, 000000, 3.97826801769019e-06, 3.97826801769019e-06, 0.9999761303918937 2.3869608106141148e-05, 
16, 000000, 000000, 3.85086115054533e-06, 3.85086115054533e-06, 0.9999768948330967 2.310516690327198e-05, 
17, 000000, 000000, 3.5522253138537786e-06, 3.5522253138537786e-06, 0.999978686648117 2.1313351883122674e-05, 
18, 000000, 000000, 3.7640503668072553e-06, 3.7640503668072553e-06, 0.9999774156977992 2.258430220084353e-05, 
19, 000000, 000000, 3.997070421803786e-06, 3.997070421803786e-06, 0.9999760175774691 2.398242253082272e-05, 
20, 000000, 000000, 3.918244231698095e-06, 3.918244231698095e-06, 0.9999764905346098 2.3509465390188573e-05, 
21, 000000, 000000, 3.6934219322651844e-06, 3.6934219322651844e-06, 0.9999778394684063 2.2160531593591105e-05, 
22, 000000, 000000, 3.816448798748657e-06, 3.816448798748657e-06, 0.9999771013072075 2.289869279249194e-05, 
23, 000000, 000000, 4.032028065062856e-06, 4.032028065062856e-06, 0.9999758078316097 2.4192168390377134e-05, 
24, 000000, 000000, 3.820366577616747e-06, 3.820366577616747e-06, 0.9999770778005344 2.2922199465700482e-05, 
25, 000000, 000000, 3.8124060474061736e-06, 3.8124060474061736e-06, 0.9999771255637157 2.2874436284437043e-05, 
26, 000000, 000000, 4.113507140234434e-06, 4.113507140234434e-06, 0.9999753189571586 2.4681042841406607e-05, 
27, 000000, 000000, 3.913148786610875e-06, 3.913148786610875e-06, 0.999976522225262 2.347665675643421e-05 1.1179816155206589e-09, 
28, 000000, 000000, 3.7845984574041503e-06, 3.7845984574041503e-06, 0.9999772924092555 2.2707590744424903e-05, 
29, 000000, 000000, 3.6840547258177925e-06, 3.6840547258177925e-06, 0.9999778956716451 2.2104328354906755e-05, 
30, 000000, 000000, 3.802888821265068e-06, 3.802888821265068e-06, 0.9999771826670724 2.2817332927590412e-05, 
31, 000000, 000000, 3.7442713029424484e-06, 3.7442713029424484e-06, 0.9999775343721824 2.246562781765469e-05, 
32, 000000, 000000, 3.923017590304675e-06, 3.923017590304675e-06, 0.9999764618944582 2.353810554182805e-05, 
33, 000000, 000000, 3.6973102198437863e-06, 3.6973102198437863e-06, 0.9999778161386809 2.2183861319062718e-05, 
34, 000000, 000000, 3.828931092114681e-06, 3.828931092114681e-06, 0.9999770264134474 2.2973586552688085e-05, 
35, 000000, 000000, 3.7586523634174375e-06, 3.7586523634174375e-06, 0.9999774480858195 2.2551914180504623e-05, 
36, 000000, 000000, 3.689953804523277e-06, 3.689953804523277e-06, 0.9999778602771728 2.213972282713966e-05, 
37, 000000, 000000, 3.987684020163946e-06, 3.987684020163946e-06, 0.999976073895879 2.3926104120983673e-05, 
38, 000000, 000000, 3.580703862061775e-06, 3.580703862061775e-06, 0.9999785157768276 2.148422317237065e-05, 
39, 000000, 000000, 3.835149842344837e-06, 3.835149842344837e-06, 0.9999769891009459 2.3010899054069024e-05, 
40, 000000, 000000, 3.896190933511561e-06, 3.896190933511561e-06, 0.9999766228543989 2.337714560106937e-05, 
41, 000000, 000000, 3.93751900085819e-06, 3.93751900085819e-06, 0.9999763748859948 2.362511400514914e-05, 
42, 000000, 000000, 3.785332390890412e-06, 3.785332390890412e-06, 0.9999772880056546 2.271199434534247e-05, 
43, 000000, 000000, 3.925531671165362e-06, 3.925531671165362e-06, 0.999976446809973 2.3553190026992175e-05, 
44, 000000, 000000, 3.757930136087261e-06, 3.757930136087261e-06, 0.9999774524191835 2.254758081652357e-05, 
45, 000000, 000000, 3.594043829803449e-06, 3.594043829803449e-06, 0.9999784357370212 2.1564262978820695e-05, 
46, 000000, 000000, 3.941130035239094e-06, 3.941130035239094e-06, 0.9999763532197885 2.3646780211434562e-05, 
47, 000000, 000000, 3.7430486883296186e-06, 3.7430486883296186e-06, 0.99997754170787 2.245829212997771e-05, 
48, 111110, 000000, 0.6335894046459707, 0.6335894046459707, 0.3056076293773795 7.25892383132662e-06 0.003934735724698702 0.016087202804842788 0.06829628425696094 0.1641883814134974 0.4418785074987894, 
49, 000000, 000000, 3.7689495098459055e-06, 3.7689495098459055e-06, 0.999977386302941 2.2613697059075437e-05, 
50, 000000, 000000, 3.5700478326899384e-06, 3.5700478326899384e-06, 0.9999785797130039 2.1420286996139634e-05, 
51, 000000, 000000, 3.88482228078872e-06, 3.88482228078872e-06, 0.9999766953774993 2.3300311316328474e-05 4.311184201921735e-09, 
52, 000000, 000000, 3.919938867745045e-06, 3.919938867745045e-06, 0.9999764803667934 2.3519633206470272e-05, 
53, 000000, 000000, 3.994158452144021e-06, 3.994158452144021e-06, 0.9999760350492871 2.396495071286413e-05, 
54, 000000, 000000, 3.682522513684465e-06, 3.682522513684465e-06, 0.9999779048649178 2.209513508210679e-05, 
55, 000000, 000000, 3.7465249421982947e-06, 3.7465249421982947e-06, 0.9999775208503469 2.2479149653189773e-05, 
56, 000000, 000000, 3.719725689116693e-06, 3.719725689116693e-06, 0.9999776816458653 2.231835413470016e-05, 
57, 111110, 000000, 0.42527553599753254, 0.42527553599753254, 0.5048998782845304 1.1406701968851542e-05 0.008998280541143587 0.033507548055461474 0.07565919286261782 0.13105632874158324 0.24586736481269458, 
58, 000000, 000000, 3.924634498448299e-06, 3.924634498448299e-06, 0.9999764521930093 2.3547806990689794e-05, 
59, 000000, 000000, 3.880635066035556e-06, 3.880635066035556e-06, 0.9999767161896037 2.3283810396213332e-05, 
60, 000000, 000000, 3.90291945579281e-06, 3.90291945579281e-06, 0.9999765824832652 2.3417516734756858e-05, 
61, 000000, 000000, 3.8869472807138374e-06, 3.8869472807138374e-06, 0.9999766783163158 2.332168368428302e-05, 
62, 000000, 000000, 4.158875936879406e-06, 4.158875936879406e-06, 0.9999750467443788 2.4953255621276438e-05, 
63, 000000, 000000, 3.886411869887147e-06, 3.886411869887147e-06, 0.9999766815287807 2.3318471219322886e-05, 
64, 000000, 000000, 3.6208262253224077e-06, 3.6208262253224077e-06, 0.9999782750426481 2.1724957351934446e-05, 
65, 000000, 000000, 3.960941939093793e-06, 3.960941939093793e-06, 0.9999762343483654 2.376565163456276e-05, 
66, 000000, 000000, 3.815473617134109e-06, 3.815473617134109e-06, 0.9999771071582972 2.2892841702804654e-05, 
67, 000000, 000000, 3.953697041206584e-06, 3.953697041206584e-06, 0.9999762778177528 2.3722182247239507e-05, 
68, 000000, 000000, 3.992865643383295e-06, 3.992865643383295e-06, 0.9999760428061397 2.3957193860299773e-05, 
69, 000000, 000000, 4.019111323820441e-06, 4.019111323820441e-06, 0.9999758853320571 2.4114667942922648e-05, 
70, 000000, 000000, 3.772366807097975e-06, 3.772366807097975e-06, 0.9999773657991574 2.263420084258785e-05, 
71, 000000, 000000, 3.853704859090189e-06, 3.853704859090189e-06, 0.9999768777708454 2.3122229154541134e-05, 
72, 000000, 000000, 3.845959187104322e-06, 3.845959187104322e-06, 0.9999769242448774 2.3075755122625933e-05, 
73, 000000, 000000, 3.8358393161437776e-06, 3.8358393161437776e-06, 0.9999769849641031 2.3015035896862667e-05, 
74, 000000, 000000, 3.7960022847603315e-06, 3.7960022847603315e-06, 0.9999772239862914 2.277601370856199e-05, 
75, 000000, 000000, 3.772680127065663e-06, 3.772680127065663e-06, 0.9999773639192375 2.263608076239398e-05, 
76, 000000, 000000, 3.968754417930363e-06, 3.968754417930363e-06, 0.9999761874734924 2.381252650758218e-05, 
77, 000000, 000000, 3.83232624293331e-06, 3.83232624293331e-06, 0.9999770060425424 2.2993957457599863e-05, 
78, 000000, 000000, 3.879193608681097e-06, 3.879193608681097e-06, 0.9999767248383479 2.3275161652086587e-05, 
79, 000000, 000000, 3.800141706090542e-06, 3.800141706090542e-06, 0.9999771991497635 2.280085023654325e-05, 
80, 000000, 000000, 4.018430222715181e-06, 4.018430222715181e-06, 0.9999758894186637 2.4110581336291088e-05, 
81, 000000, 000000, 3.7196807814370277e-06, 3.7196807814370277e-06, 0.9999776819153113 2.231808468862217e-05, 
82, 000000, 000000, 3.861999672632701e-06, 3.861999672632701e-06, 0.9999768280019642 2.3171998035796204e-05, 
83, 000000, 000000, 4.1166806693728054e-06, 4.1166806693728054e-06, 0.9999752999159837 2.470008401623683e-05, 
84, 000000, 000000, 3.955451150961905e-06, 3.955451150961905e-06, 0.9999762672930943 2.3732706905771433e-05, 
85, 000000, 000000, 3.821167119916668e-06, 3.821167119916668e-06, 0.9999770729972806 2.2927002719500012e-05, 
86, 000000, 000000, 3.80848219734442e-06, 3.80848219734442e-06, 0.9999771491068159 2.2850893184066523e-05, 
87, 000000, 000000, 3.778477050895097e-06, 3.778477050895097e-06, 0.9999773291376947 2.2670862305370583e-05, 
88, 000000, 000000, 4.10207941307606e-06, 4.10207941307606e-06, 0.9999753875235216 2.4612476478456365e-05, 
89, 000000, 000000, 3.9809644182947175e-06, 3.9809644182947175e-06, 0.9999761142134903 2.3885786509768303e-05, 
90, 000000, 000000, 3.849241815888898e-06, 3.849241815888898e-06, 0.9999769045491047 2.3095450895333388e-05, 
91, 000000, 000000, 3.7226593880920212e-06, 3.7226593880920212e-06, 0.9999776640436714 2.2335956328552127e-05, 
92, 000000, 000000, 3.878208173200513e-06, 3.878208173200513e-06, 0.9999767307509607 2.326924903920308e-05, 
93, 000000, 000000, 3.6208114422471e-06, 3.6208114422471e-06, 0.9999782751313465 2.17248686534826e-05, 
94, 000000, 000000, 3.7220078875556545e-06, 3.7220078875556545e-06, 0.9999776679526747 2.233204732533393e-05, 
95, 000000, 000000, 3.863823371167989e-06, 3.863823371167989e-06, 0.9999768170597729 2.3182940227007934e-05, 
96, 000000, 000000, 3.890573082778482e-06, 3.890573082778482e-06, 0.9999766565615033 2.3343438496670892e-05, 
97, 000000, 000000, 3.89318522741901e-06, 3.89318522741901e-06, 0.9999766408886355 2.3359111364514064e-05, 
98, 000000, 000000, 3.6507989316451218e-06, 3.6507989316451218e-06, 0.9999780952064102 2.190479358987073e-05, 
99, 000000, 000000, 3.8860719849955695e-06, 3.8860719849955695e-06, 0.9999766835680899 2.331643190997342e-05, 
100, 000000, 000000, 3.785708128674244e-06, 3.785708128674244e-06, 0.999977285751228 2.2714248772045467e-05, 
run, initial grid state, final grid state, mean grid cell occupancy, mean binding site occupancy, fraction of time with N TFs bound, warning
1, 000000, 000000, 3.931177412557695e-06, 3.931177412557695e-06, 0.9999764129355245 2.3587064475346177e-05, 
2, 000000, 000000, 3.975635161183405e-06, 3.975635161183405e-06, 0.9999761461890329 2.3853810967100433e-05, 
3, 000000, 000000, 3.7627618121709285e-06, 3.7627618121709285e-06, 0.999977423429127 2.257657087302557e-05, 
4, 000000, 000000, 3.666131648279011e-06, 3.666131648279011e-06, 0.9999780032101103 2.1996789889674066e-05, 
5, 000000, 000000, 3.946133251398604e-06, 3.946133251398604e-06, 0.9999763232004916 2.367679950839163e-05, 
6, 000000, 000000, 3.799526657211106e-06, 3.799526657211106e-06, 0.9999772028400568 2.2797159943266638e-05, 
7, 000000, 000000, 3.828654354763123e-06, 3.828654354763123e-06, 0.9999770280738713 2.2971926128578735e-05, 
8, 000000, 000000, 3.750468943918152e-06, 3.750468943918152e-06, 0.9999774971863364 2.2502813663508914e-05, 
9, 000000, 000000, 3.9534240955253315e-06, 3.9534240955253315e-06, 0.9999762794554269 2.372054457315199e-05, 
10, 000000, 000000, 3.709543146849905e-06, 3.709543146849905e-06, 0.999977742741119 2.225725888109943e-05, 
11, 000000, 000000, 3.819130911160212e-06, 3.819130911160212e-06, 0.999977085214533 2.2914785466961273e-05, 
12, 000000, 000000, 3.858127713134817e-06, 3.858127713134817e-06, 0.9999768512337212 2.3148766278808905e-05, 
13, 000000, 000000, 3.734423820200315e-06, 3.734423820200315e-06, 0.9999775934570788 2.240654292120189e-05, 
14, 000000, 000000, 3.969164127262016e-06, 3.969164127262016e-06, 0.9999761850152364 2.3814984763572102e-05, 
15, 000000, 000000, 3.896793843443618e-06, 3.896793843443618e-06, 0.9999766192369394 2.3380763060661708e-05, 
16, 000000, 000000, 3.7410906291934228e-06, 3.7410906291934228e-06, 0.9999775534562249 2.244654377516054e-05, 
17, 000000, 000000, 3.7889108493267266e-06, 3.7889108493267266e-06, 0.9999772665349039 2.2733465095960362e-05, 
18, 000000, 000000, 3.8964298443616694e-06, 3.8964298443616694e-06, 0.9999766214209339 2.3378579066170017e-05, 
19, 000000, 000000, 3.841089261951079e-06, 3.841089261951079e-06, 0.9999769534644283 2.304653557170648e-05, 
20, 000000, 000000, 3.880249905260427e-06, 3.880249905260427e-06, 0.9999767185005685 2.3281499431562563e-05, 
21, 000000, 000000, 3.6812299514475963e-06, 3.6812299514475963e-06, 0.9999779126202913 2.2087379708685576e-05, 
22, 000000, 000000, 4.0367039769220655e-06, 4.0367039769220655e-06, 0.9999757797761385 2.4220223861532395e-05, 
23, 000000, 000000, 3.970608973993812e-06, 3.970608973993812e-06, 0.999976176346156 2.382365384396287e-05, 
24, 000000, 000000, 3.630278392710264e-06, 3.630278392710264e-06, 0.9999782183296437 2.1781670356261586e-05, 
25, 000000, 000000, 3.848762625629448e-06, 3.848762625629448e-06, 0.9999769074242462 2.309257575377669e-05, 
26, 000000, 000000, 3.828504532047433e-06, 3.828504532047433e-06, 0.9999770289728077 2.2971027192284595e-05, 
27, 000000, 000000, 3.5783277482350927e-06, 3.5783277482350927e-06, 0.9999785300335107 2.1469966489410558e-05, 
28, 000000, 000000, 3.698547146875249e-06, 3.698547146875249e-06, 0.9999778087171188 2.2191282881251492e-05, 
29, 000000, 000000, 3.7476533386830813e-06, 3.7476533386830813e-06, 0.9999775140799679 2.248592003209849e-05, 
30, 000000, 000000, 3.74221797942977e-06, 3.74221797942977e-06, 0.9999775466921235 2.2453307876578625e-05, 
31, 000000, 000000, 3.7642801892568184e-06, 3.7642801892568184e-06, 0.9999774143188644 2.2585681135540916e-05, 
32, 000000, 000000, 3.7868326634638157e-06, 3.7868326634638157e-06, 0.9999772790040192 2.2720995980782897e-05, 
33, 000000, 000000, 3.857637253538312e-06, 3.857637253538312e-06, 0.9999768541764787 2.3145823521229873e-05, 
34, 000000, 000000, 3.8440614534027515e-06, 3.8440614534027515e-06, 0.9999769356312797 2.306436872041651e-05, 
35, 000000, 000000, 3.9560918832028004e-06, 3.9560918832028004e-06, 0.9999762634487008 2.3736551299216806e-05, 
36, 000000, 000000, 3.844733779597251e-06, 3.844733779597251e-06, 0.9999769315973224 2.3068402677583504e-05, 
37, 000000, 000000, 3.918476874354216e-06, 3.918476874354216e-06, 0.9999764891387539 2.3510861246125296e-05, 
38, 000000, 000000, 3.7263945890033045e-06, 3.7263945890033045e-06, 0.9999776416324659 2.2358367534019825e-05, 
39, 000000, 000000, 4.01361126102845e-06, 4.01361126102845e-06, 0.9999759183324338 2.40816675661707e-05, 
40, 000000, 000000, 3.9879102468409424e-06, 3.9879102468409424e-06, 0.999976072538519 2.3927461481045658e-05, 
41, 000000, 000000, 3.978346972249846e-06, 3.978346972249846e-06, 0.9999761299181664 2.3870081833499077e-05, 
42, 000000, 000000, 3.731790788147971e-06, 3.731790788147971e-06, 0.999977609255271 2.239074472888783e-05, 
43, 000000, 000000, 3.857686182579953e-06, 3.857686182579953e-06, 0.9999768538829044 2.3146117095479717e-05, 
44, 000000, 000000, 3.721486860387256e-06, 3.721486860387256e-06, 0.9999776710788376 2.2328921162323537e-05, 
45, 000000, 000000, 3.805739074189156e-06, 3.805739074189156e-06, 0.9999771655655548 2.283443444513494e-05, 
46, 000000, 000000, 3.8747917302755635e-06, 3.8747917302755635e-06, 0.9999767512496183 2.324875038165338e-05, 
47, 000000, 000000, 3.87098505913112e-06, 3.87098505913112e-06, 0.9999767740896452 2.3225910354786717e-05, 
48, 000000, 000000, 4.0839973320709045e-06, 4.0839973320709045e-06, 0.9999754960160074 2.4503983992425432e-05, 
49, 000000, 000000, 3.888700048003182e-06, 3.888700048003182e-06, 0.9999766677997121 2.3332200288019097e-05, 
