run, initial grid state, final grid state, mean grid cell occupancy, mean binding site occupancy, fraction of time with N TFs bound, warning
1, 0000000000, 0000000000, 4.999981302468207e-05, 8.310775017776202e-05, 0.9996167902491581 0.0002677730006172554 0.00011543675022465841, 
2, 0000000000, 0000000000, 0.00013462324365157377, 0.000224158721944172, 0.9991915324737491 0.00027198272083681416 0.0005364848054141089, 
3, 0000000000, 0000000000, 2.8010271786761968e-05, 4.646771281187117e-05, 0.9997211937231287 0.00027880627687122705, 
4, 0000000000, 0000000000, 2.965413764718658e-05, 4.9210630178656076e-05, 0.9997047362189281 0.00029526378107193655, 
5, 0000000000, 0000000000, 2.671235213258828e-05, 4.429133277213169e-05, 0.9997342520033672 0.0002657479966327901, 
6, 0000000000, 0000000000, 2.8066931480203566e-05, 4.654663474425479e-05, 0.9997207201915345 0.00027927980846552874, 
7, 0000000000, 0000000000, 2.749217274268998e-05, 4.5588972502378355e-05, 0.9997264661649857 0.00027353383501427014, 
8, 0000000000, 0000000000, 2.835464243063353e-05, 4.70259625720074e-05, 0.999717997069884 0.00028185008479995096 1.528453160467602e-07, 
9, 0000000000, 0000000000, 2.7096847638092772e-05, 4.4933325861066136e-05, 0.9997304000448336 0.0002695999551663968, 
10, 0000000000, 0000000000, 2.6416036336686995e-05, 4.3804986980833985e-05, 0.999737170078115 0.00026282992188500395, 
11, 0000000000, 0000000000, 2.6860079268730177e-05, 4.455413947449095e-05, 0.999732863030765 0.0002669491016228577 1.878676120440165e-07, 
12, 0000000000, 0000000000, 2.8982459912192746e-05, 4.808040566652531e-05, 0.9997115175660009 0.0002884824339991519, 
13, 0000000000, 0000000000, 2.671195880361985e-05, 4.430411543858129e-05, 0.9997341780310841 0.00026581924520036623 2.7237155607768465e-09, 
14, 0000000000, 0000000000, 2.7558046892203722e-05, 4.571539979688091e-05, 0.9997257076012188 0.0002742923987812855, 
15, 0000000000, 0000000000, 2.6766841142235502e-05, 4.440157002382996e-05, 0.999733590579857 0.00026640942014297976, 
16, 0000000000, 0000000000, 2.798203135714171e-05, 4.6424997506293014e-05, 0.9997216154287261 0.0002782191575100307 1.6541376386369977e-07, 
17, 0000000000, 0000000000, 2.6669696931310834e-05, 4.423421150418698e-05, 0.9997346057296123 0.0002653832717504506 1.0998637335641042e-08, 
18, 0000000000, 0000000000, 2.7394562475085628e-05, 4.5438274542075984e-05, 0.9997273713036975 0.0002726277453524824 9.50949986775716e-10, 
19, 0000000000, 0000000000, 2.6930459495751383e-05, 4.465446458078536e-05, 0.9997320732125153 0.00026792678748471213, 
20, 0000000000, 0000000000, 2.644284829782248e-05, 4.38471029811403e-05, 0.9997369173821132 0.00026308261788684183, 
21, 0000000000, 0011111100, 0.09035196632594439, 0.1497760123758957, 0.8270495944906329 0.000224858301558024 0.003188405653645538 0.011354746618436063 0.016036511007064297 0.05903118280901953 0.08311470111964361, 
22, 0000000000, 0000000000, 2.643500583476848e-05, 4.383515027514553e-05, 0.9997369890983492 0.0002630109016508732, 
23, 0000000000, 0000000000, 2.705107127035898e-05, 4.4869691884791105e-05, 0.9997307818486912 0.00026921815130874667, 
24, 0000000000, 0000000000, 2.6087727922775922e-05, 4.324684658629952e-05, 0.9997405189204822 0.0002594810795177971, 
25, 0000000000, 0000000000, 2.8209914395877823e-05, 4.680061857277569e-05, 0.9997191962885633 0.00028080371143665415, 
26, 0000000000, 0000000000, 2.7083078517130296e-05, 4.492566866035064e-05, 0.9997304459880378 0.00026955401196210386, 
27, 0000000000, 0000000000, 2.7981997107761323e-05, 4.641550572252649e-05, 0.9997215069656648 0.00027849303433515895, 
28, 0000000000, 0000000000, 0.08143923544964606, 0.1350861582787372, 0.8271141320061168 0.0002597505202429562 0.005125562560627218 0.018461281668774532 0.045223908016458654 0.05916559440791072 0.04464977081986907, 
29, 0000000000, 0011111100, 0.006576817203945009, 0.010911250578043286, 0.9858714013084953 0.0002529699504637488 0.0010666091659125825 0.0008286255505698067 0.0030114221124789824 0.005264081388131777 0.003704890523947761, 
30, 0000000000, 0000000000, 2.6856247940384127e-05, 4.453387515353066e-05, 0.9997327967490788 0.000267203250921184, 
31, 0000000000, 0000000000, 0.05303161764823055, 0.08792981927347096, 0.8902691100824766 0.0002486582077826511 0.002690527877320675 0.01635302682990392 0.021990973431149436 0.02575999396410851 0.04268770960725829, 
32, 0000000000, 0000000000, 2.855237487047058e-05, 4.737248160116266e-05, 0.9997157651103931 0.000284234889606976, 
33, 0000000000, 0000000000, 2.6055886642947068e-05, 4.321448973265052e-05, 0.9997407130616042 0.00025928693839590315, 
34, 0000000000, 0000000000, 2.818467504129469e-05, 4.675551814283603e-05, 0.9997195575285719 0.0002803518339992681 9.063742887406121e-08, 
35, 0000000000, 0000000000, 2.7099444282959746e-05, 4.49432514184808e-05, 0.9997306446397292 0.00026905121203079117 3.041482400468417e-07, 
36, 0000000000, 0000000000, 2.7719769530138305e-05, 4.598126587653399e-05, 0.9997241124047408 0.00027588759525920396, 
37, 0000000000, 0000000000, 2.8025713204523397e-05, 4.647630309989392e-05, 0.9997211421814007 0.0002788578185993635, 
38, 0000000000, 0000000000, 2.8517677180664806e-05, 4.730881135121412e-05, 0.9997161471318927 0.00028385286810728475, 
39, 0000000000, 0000000000, 2.736699141128364e-05, 4.5392944035733065e-05, 0.9997277543730457 0.000272133589694029 1.1203726018468537e-07, 
40, 0000000000, 0000000000, 2.7632488974208348e-05, 4.5829325718236594e-05, 0.9997250240456906 0.00027497595430941963, 
41, 0000000000, 0000000000, 2.6599199604475405e-05, 4.4125781168494814e-05, 0.999735245312989 0.0002647546870109689, 
42, 0000000000, 0000000000, 0.032363084797531534, 0.05369994435835337, 0.938158856654584 0.0002508210195288435 0.0005987251128865423 0.0004152006392658324 0.012625877458959647 0.018700831537468997 0.0292496875773062, 
43, 0000000000, 0000000000, 2.9008847301492095e-05, 4.813967861722413e-05, 0.9997112118616062 0.00028873820508412115 4.9933309611820034e-08, 
44, 0000000000, 0000000000, 2.9219395999687302e-05, 4.848009742450203e-05, 0.9997091365851519 0.0002908462451490368 1.7169698987688334e-08, 
45, 0000000000, 0000000000, 2.7722659697830343e-05, 4.5975885813934397e-05, 0.9997241446851164 0.0002758553148836064, 
46, 0000000000, 0000000000, 5.5850407033229586e-05, 7.080581648361314e-05, 0.9995752268559088 0.00042471138928073995 6.175481046949113e-08, 
47, 0000000000, 0000000000, 2.7483955104810366e-05, 4.5586539215056286e-05, 0.9997264807647096 0.00027351923529033773, 
48, 0000000000, 0000000000, 0.06709824462290122, 0.11089625399918296, 0.8702927626489114 0.00023684158194541507 0.007813157355567386 0.004782283170427481 0.01083991266555613 0.04440238793704245 0.061632654640549726, 
49, 0000000000, 0000000000, 2.8211085114840226e-05, 4.6797071256252e-05, 0.9997192177108243 0.0002807821508139228 1.3836179460797989e-10, 
50, 0000000000, 0000000000, 0.001836977539265537, 0.0030597856727948344, 0.9928060111549004 0.00026729531266183633 0.003425370786177544 0.0027646138332885783 0.0007367089129715873, 
51, 0000000000, 0000000000, 2.791668229619924e-05, 4.6303380169280774e-05, 0.9997221797189844 0.0002778202810156847, 
52, 0000000000, 0000000000, 2.6893153663360304e-05, 4.459331982217824e-05, 0.999732440081067 0.00026755991893306945, 
53, 0000000000, 0000000000, 2.7494841950327e-05, 4.559584111352184e-05, 0.9997264249533189 0.0002735750466811311, 
54, 0000000000, 0000000000, 2.7714664271997657e-05, 4.5957734899828906e-05, 0.9997242535906009 0.00027574640939897343, 
55, 0000000000, 0000000000, 2.726759563029226e-05, 4.522309705762362e-05, 0.9997286614176543 0.0002713385823457417, 
56, 0000000000, 0000000000, 2.753001704743753e-05, 4.566667229008794e-05, 0.9997259999662594 0.0002740000337405276, 
57, 0000000000, 0000000000, 3.495995423183898e-05, 5.1477460998086644e-05, 0.9996912021381682 0.0003087309576749969 6.690415676151003e-08, 
58, 0000000000, 0000000000, 2.5989534242295037e-05, 4.309304906785023e-05, 0.999741441705593 0.0002585582944071014, 
59, 0000000000, 0000000000, 2.696016212783393e-05, 4.4709785097931905e-05, 0.9997317412894124 0.00026825871058759143, 
60, 0000000000, 0000000000, 2.7103216344174063e-05, 4.4970965060818075e-05, 0.9997301939559661 0.0002697862977028419 1.974633103325253e-08, 
61, 0000000000, 0000000000, 2.6360049963439736e-05, 4.370996198492091e-05, 0.9997377402280904 0.0002622597719095255, 
62, 0000000000, 0000000000, 2.74149538672231e-05, 4.5465221072460874e-05, 0.9997272086735651 0.00027279132643476527, 
63, 0000000000, 0000000000, 0.0017272614620088068, 0.002856704882809721, 0.9932668871573125 0.0002740030779886412 0.0025115422229503447 0.00394712839402528 4.3914772328876307e-07, 
64, 0000000000, 0000000000, 2.832976012287177e-05, 4.698885057026596e-05, 0.9997180668965784 0.0002819331034215958, 
65, 0000000000, 0000000000, 2.6732036389619753e-05, 4.432086705192291e-05, 0.9997340747976884 0.00026592520231153745, 
66, 0000000000, 0000000000, 2.742243534860376e-05, 4.549291359824902e-05, 0.9997270425184106 0.00027295748158949414, 
67, 0000000000, 0000000000, 2.8064114340976406e-05, 4.643884945683258e-05, 0.9997213669032591 0.0002786330967409955, 
68, 0000000000, 0000000000, 2.6345145289305227e-05, 4.3702812507795944e-05, 0.9997378505400373 0.00026208204487868737 6.741508404413858e-08, 
69, 0000000000, 0000000000, 2.8981732596904384e-05, 4.808427192031102e-05, 0.9997114943684782 0.00028850563152186615, 
70, 0000000000, 0000000000, 2.8271191736757294e-05, 4.6897818684212364e-05, 0.9997186130878947 0.0002813869121052742, 
71, 0000000000, 0000000000, 2.9186267892497886e-05, 4.8419401433372375e-05, 0.9997094835913998 0.00029051640860023426, 
72, 0000000000, 0000000000, 2.721416431399339e-05, 4.512793640988593e-05, 0.9997292323815407 0.0002707676184593156, 
73, 0000000000, 0000000000, 2.8978017562636152e-05, 4.806649987505611e-05, 0.9997116010007496 0.0002883989992503367, 
74, 0000000000, 0000000000, 2.8369891343966852e-05, 4.7065749269196455e-05, 0.9997176055043848 0.0002823944956151787, 
75, 0000000000, 0000000000, 2.708796551325537e-05, 4.4928342869248016e-05, 0.9997304299427845 0.0002695700572154881, 
76, 0000000000, 0000000000, 2.7317700607151605e-05, 4.531250056315252e-05, 0.9997281249966211 0.0002718750033789152, 
77, 0000000000, 0000000000, 2.6690218200362828e-05, 4.426506829714584e-05, 0.9997344095902171 0.0002655904097828751, 
78, 0000000000, 0000000000, 0.000236590758383285, 0.0003941130853191159, 0.9986818437416861 0.0002716340047129565 0.0010465222536008697, 
79, 0000000000, 0000000000, 2.8091877984678872e-05, 4.659796512707172e-05, 0.9997204122092376 0.0002795877907624303, 
80, 0000000000, 0000000000, 2.8137293471554836e-05, 4.667358494313201e-05, 0.9997199584903411 0.0002800415096587921, 
81, 0000000000, 0000000000, 2.78318916407681e-05, 4.61579016449313e-05, 0.9997230525901304 0.00027694740986958786, 
82, 0000000000, 0000000000, 0.03686540308736149, 0.060934596868434596, 0.9211209436504186 0.00024664832438548026 0.003020549279133677 0.00871162141837767 0.022617856347291607 0.022980741198702564 0.021301639781690408, 
83, 0000000000, 0000000000, 2.6811437598095e-05, 4.4460363857815207e-05, 0.9997332378168531 0.0002667621831468912, 
84, 0000000000, 0000000000, 2.863169065765711e-05, 4.7508852890898904e-05, 0.9997149468826546 0.00028505311734539345, 
85, 0000000000, 0000000000, 2.8019247977093304e-05, 4.6460009472053213e-05, 0.9997212399431677 0.0002787600568323193, 
86, 0000000000, 0000000000, 2.7291772235849004e-05, 4.5271620480343165e-05, 0.9997283702771179 0.0002716297228820591, 
87, 0000000000, 0011111100, 0.033098028966546816, 0.05493984927866732, 0.9348099856362816 0.00025836758322140397 0.0005795066168755576 0.0018063217245376675 0.01588991476183857 0.02069233142940714 0.025963572247838063, 
88, 0000000000, 0000000000, 2.90735260705419e-05, 4.82366194265916e-05, 0.9997105802834405 0.0002894197165595496, 
89, 0000000000, 0000000000, 2.715829841342757e-05, 4.5050560369221576e-05, 0.9997296966377848 0.0002703033622153295, 
90, 0000000000, 0000000000, 2.7837234204137906e-05, 4.618027049010561e-05, 0.9997229183770594 0.0002770816229406337, 
91, 0000000000, 0000000000, 2.7735006832777794e-05, 4.599311524796279e-05, 0.9997240413085122 0.0002759586914877768, 
92, 0000000000, 0000000000, 2.72846494317288e-05, 4.525521703495592e-05, 0.9997284686977903 0.0002715313022097355, 
93, 0000000000, 0000000000, 0.0008491974399111063, 0.00135246513515091, 0.9962741748979018 0.0002642379407963654 0.002534208613796398 0.0009273785475054329, 
94, 0000000000, 0000000000, 2.704226091167073e-05, 4.485375837008486e-05, 0.9997308774497795 0.0002691225502205092, 
95, 0000000000, 0000000000, 2.683675980304594e-05, 4.451410502994251e-05, 0.9997331441036121 0.0002666271625961804 2.2873379173732937e-07, 
96, 0000000000, 0000000000, 2.7953438414156678e-05, 4.635543454916222e-05, 0.9997218903983085 0.0002780865960879831 2.3005603495098292e-08, 
97, 0000000000, 0000000000, 2.739941411857085e-05, 4.54539029157984e-05, 0.9997272765825052 0.0002727234174947904, 
98, 0000000000, 0000000000, 2.7785742524900628e-05, 4.60991583565305e-05, 0.9997234478392362 0.0002765093713886408 4.278937527111598e-08, 
99, 0000000000, 0000000000, 2.7050964352382847e-05, 4.4872166250611686e-05, 0.9997307670024964 0.0002692329975036701, 
100, 0000000000, 0000000000, 2.819612185568353e-05, 4.678292000760141e-05, 0.9997193024799543 0.0002806975200456085, 
run, initial grid state, final grid state, mean grid cell occupancy, mean binding site occupancy, fraction of time with N TFs bound, warning
1, 0000000000, 0000000000, 2.684160657551876e-05, 4.4510691269579805e-05, 0.9997329358523825 0.00026706414761747886, 
2, 0000000000, 0000000000, 2.859707818859917e-05, 4.745925555418008e-05, 0.9997152705778501 0.00028470331097464206 2.6111175219217934e-08, 
3, 0000000000, 0000000000, 2.6813008323906982e-05, 4.446286171400376e-05, 0.9997332244809457 0.0002667738678245328 1.6512297448657805e-09, 
4, 0000000000, 0000000000, 2.7832196073570226e-05, 4.616278564262274e-05, 0.9997230232861443 0.00027697671385573647, 
5, 0000000000, 0000000000, 2.7406781017868846e-05, 4.54573430413779e-05, 0.9997272559417517 0.0002727440582482674, 
6, 0000000000, 0000000000, 3.12494128550973e-05, 5.008908234691004e-05, 0.9997115881504915 0.00027628920493535486 1.2122644573052722e-05, 
7, 0000000000, 0000000000, 2.658227806879481e-05, 4.407042449896374e-05, 0.9997355774530062 0.00026442254699378246, 
8, 0000000000, 0000000000, 2.7452232955485527e-05, 4.551886270698553e-05, 0.9997269538043164 0.0002729792151254403 6.698055823644002e-08, 
9, 0000000000, 0000000000, 2.614951459043896e-05, 4.3370004726769506e-05, 0.9997397799716394 0.00026022002836061705, 
10, 0000000000, 0000000000, 2.879881595600928e-05, 4.778680005217808e-05, 0.9997132791996869 0.00028672080031306844, 
11, 0000000000, 0000000000, 2.8604226105456616e-05, 4.745369382728901e-05, 0.999715311487196 0.0002846548626442895 3.365015972228277e-08, 
12, 0000000000, 0000000000, 2.8147081063313665e-05, 4.668270198599172e-05, 0.9997199037880841 0.00028009621191595036, 
13, 0000000000, 0000000000, 2.7864620196612582e-05, 4.622629035349077e-05, 0.999722642257879 0.00027735774212094466, 
14, 0000000000, 0000000000, 0.18305595485076595, 0.3032357376879785, 0.645010310421491 0.00018125354820493423 0.010713894785150486 0.01599097339027365 0.048938775396754314 0.12091139349722588 0.15825339896089963, 
15, 0000000000, 0000000000, 2.8240135164098566e-05, 4.6850013258581076e-05, 0.9997188999204485 0.00028110007955148644, 
16, 0000000000, 0000000000, 0.06252383080288852, 0.1036746317649585, 0.8719531822248838 0.00023736983587025726 0.0068121371385372245 0.00955498998459918 0.02497438748722116 0.039183973399206 0.04728395992968235, 
17, 0000000000, 0000000000, 2.7639573491150118e-05, 4.583721155071279e-05, 0.9997249767306958 0.0002750232693042767, 
18, 0000000000, 0000000000, 2.7444820952520387e-05, 4.5505880254576755e-05, 0.9997269647184726 0.00027303528152746055, 
19, 0000000000, 0000000000, 2.6750070774123165e-05, 4.435212091456413e-05, 0.9997338872745126 0.00026611272548738484, 
20, 0000000000, 0000000000, 2.824363922805029e-05, 4.684478343981613e-05, 0.9997189312993612 0.0002810687006388968, 
21, 0000000000, 0000000000, 2.704950835020574e-05, 4.486388888216644e-05, 0.9997308166667069 0.00026918333329299866, 
22, 0000000000, 0000000000, 0.16896595395398087, 0.2802534221235266, 0.6501841405466201 0.00021460854661289796 0.014875830874964281 0.04102517530494383 0.05887926104751768 0.1159642097363306 0.1188567739430105, 
23, 0000000000, 0000000000, 2.7657331027377096e-05, 4.588006636034532e-05, 0.999724719601838 0.0002752803981620719, 
24, 0000000000, 0000000000, 2.8110010923122565e-05, 4.662773665531469e-05, 0.9997202672182438 0.00027969914358048063 3.363817570376254e-08, 
25, 0011111100, 0000000000, 0.027377037518764486, 0.045315541617871116, 0.9480853343585608 0.0002469741798607579 0.0008105055314259798 0.0006788615483010134 0.007900557010131572 0.01728015245123474 0.02499761492048514, 
26, 0000000000, 0000000000, 5.098648128409024e-05, 6.44934442954213e-05, 0.9996130774924006 0.0003868843494263139 3.815817310696556e-08, 
27, 0000000000, 0000000000, 2.646738940124475e-05, 4.3891483340991875e-05, 0.999736651099954 0.00026334890004595123, 
28, 0000000000, 0000000000, 2.8445390620267865e-05, 4.7195507746215005e-05, 0.9997168325519473 0.0002831618496280574 5.5984246163141155e-09, 
29, 0000000000, 0000000000, 2.637414195572613e-05, 4.373685457573539e-05, 0.9997375788725457 0.00026242112745441235, 
30, 0000000000, 0000000000, 2.8958884814476522e-05, 4.804769730971984e-05, 0.9997117138161418 0.0002882861838583191, 
31, 0000000000, 0000000000, 2.7807277976786486e-05, 4.612594538188284e-05, 0.9997232443277088 0.000276755672291297, 
32, 0000000000, 0000000000, 2.5625867294945123e-05, 4.2473345860903513e-05, 0.9997451599248346 0.00025484007516542113, 
33, 0000000000, 0000000000, 2.740369584340753e-05, 4.544568989706921e-05, 0.9997273751512964 0.00027257555802495887 4.929067872819446e-08, 
34, 0000000000, 0000000000, 2.6578321500317537e-05, 4.406459726247233e-05, 0.9997356124164251 0.000264387583574834, 
35, 0000000000, 0000000000, 2.578293566090689e-05, 4.2751824486699106e-05, 0.9997435694339422 0.0002563501851952855 8.03808624545733e-08, 
36, 0000000000, 0000000000, 2.6458428718733938e-05, 4.387676799921314e-05, 0.9997367393920047 0.0002632606079952788, 
37, 0000000000, 0000000000, 2.7161558231647003e-05, 4.5042928973171114e-05, 0.999729742426161 0.00027025757383902663, 
38, 0000000000, 0000000000, 0.14178815802011546, 0.23496602515483425, 0.7113005092721089 0.00020133496595587397 0.012803546860413323 0.027210248385126586 0.060160902813832864 0.06822738038386326 0.12009607731869923, 
39, 0000000000, 0000000000, 3.831851891068507e-05, 5.483450831756285e-05, 0.9996709929500945 0.0003290070499053771, 
40, 0000000000, 0000000000, 0.05232108713267844, 0.08669015329835864, 0.8928680973988761 0.00023337521608893857 0.004690185821381126 0.01047604084835095 0.01762154282884558 0.03605166824787883 0.03805908963857855, 
41, 0000000000, 0000000000, 2.7484482806247242e-05, 4.5579391220951934e-05, 0.9997265236526742 0.0002734763473257117, 
42, 0000000000, 0000000000, 2.7206477069912658e-05, 4.5121201908791746e-05, 0.9997292727885472 0.00027072721145275045, 
43, 0000000000, 0000000000, 2.7218313109393897e-05, 4.513581732300848e-05, 0.9997293512947223 0.00027048250661729787 1.6619866037652605e-07, 
44, 0000000000, 0000000000, 2.7710119053041304e-05, 4.5946779811990084e-05, 0.9997243944138664 0.0002755304933951152 7.509273841267539e-08, 
45, 0000000000, 0000000000, 0.1736759349943537, 0.28812121378928696, 0.6553919065184753 0.00018687600370544162 0.011562426969323527 0.022584183718956055 0.056080611979684315 0.11182341514136744 0.14237057966848782, 
46, 0000000000, 0000000000, 2.7378499948770626e-05, 4.542370440612882e-05, 0.9997274577735632 0.000272542226436773, 
47, 0000000000, 0000000000, 2.796514880404235e-05, 4.639933216969034e-05, 0.999721604006982 0.0002783959930181421, 
48, 0000000000, 0000000000, 2.73164005123393e-05, 4.5299266937012324e-05, 0.9997282849024747 0.0002716345934285243 8.050409677482786e-08, 
49, 0000000000, 0000000000, 2.7282896156481804e-05, 4.5248259483286133e-05, 0.9997285104431003 0.0002714895568997168, 
50, 0000000000, 0000000000, 2.791391144716318e-05, 4.6299538472940965e-05, 0.9997222027691625 0.0002777972308376458, 
51, 0000000000, 0000000000, 2.7536020564253424e-05, 4.567469081522299e-05, 0.9997259518551086 0.00027404814489133796, 
52, 0000000000, 0000000000, 0.31857592492403675, 0.5281601613276993, 0.3661531230402328 9.583396142259106e-05 0.00748897564306225 0.05159593633225361 0.1280887871827163 0.19271983805085197 0.2538575057894605, 
53, 0000000000, 0000000000, 2.944752442884342e-05, 4.885788088719347e-05, 0.9997068527146769 0.0002931472853231609, 
54, 0000000000, 0000000000, 0.00018095717372525132, 0.0003013954134364352, 0.9991659615058617 0.00026179014108260255 0.00017016271963147888 0.00040208563342435013, 
55, 0000000000, 0000000000, 2.731449594511434e-05, 4.530783399996907e-05, 0.9997281529960003 0.00027184700399981445, 
56, 0000000000, 0000000000, 2.596212851596109e-05, 4.305655599117811e-05, 0.999741660664053 0.0002583393359470686, 
57, 0000000000, 0000000000, 2.777919063360633e-05, 4.5703266945334184e-05, 0.9997257803983279 0.0002742196016720051, 
58, 0000000000, 0000000000, 9.478462213519633e-05, 0.00010157730551728558, 0.9993909773659388 0.000608581435018687 4.4119904251325694e-07, 
59, 0000000000, 0000000000, 2.686707787205544e-05, 4.457011002871601e-05, 0.9997325793398277 0.00026742066017229605, 
60, 0000000000, 0000000000, 0.1978550095346841, 0.3278564519322556, 0.6113076266799108 0.00016058437998687006 0.005182472096112909 0.027173728662816567 0.0734559906820543 0.1150495506900575 0.1676700468090611, 
61, 0000000000, 0000000000, 2.8413444078388656e-05, 4.714046423036985e-05, 0.9997171572146177 0.0002828427853822191, 
62, 0000000000, 0000000000, 2.6940531630861962e-05, 4.466964114804218e-05, 0.9997319821531118 0.00026801784688825305, 
63, 0000000000, 0000000000, 0.04470112358541699, 0.07411390522604085, 0.9147089703519239 0.00024408654456553624 0.0014896389046997114 0.00592109434374707 0.008381631220082668 0.02535721271917831 0.04389736591580277, 
64, 0000000000, 0000000000, 2.7446882204927913e-05, 4.551581345460386e-05, 0.9997269551694177 0.0002729947804371885 5.0050145217350545e-08, 
65, 0011111100, 0000000000, 0.04433308573796829, 0.07355107439918625, 0.9166074327840926 0.0002520936928083357 0.0043052759218277815 0.0007009239099892547 0.008104511715166608 0.022255589588672565 0.04777417238744276, 
66, 0000000000, 0000000000, 2.8677808447465294e-05, 4.7567403143090675e-05, 0.9997145955811414 0.00028540441885854405, 
67, 0000000000, 0000000000, 0.007053435632930576, 0.011721838016661138, 0.9788696570028245 0.00025866669095084136 0.0007621993826576641 0.01319749720599969 0.005604427562134947 0.0013075521554323604, 
68, 0000000000, 0000000000, 2.81347360353538e-05, 4.667063155532142e-05, 0.9997201797073353 0.0002796167959975216 2.0349666720344905e-07, 
69, 0000000000, 0000000000, 2.8243856597258512e-05, 4.6849072309531685e-05, 0.9997189055661427 0.0002810944338571901, 
70, 0000000000, 0000000000, 2.844109308380442e-05, 4.719367634112969e-05, 0.9997168379419532 0.0002831620580467781, 
71, 0000000000, 0000000000, 2.7734951662499038e-05, 4.6012501163350436e-05, 0.9997239249930199 0.0002760750069801026, 
72, 0000000000, 0000000000, 2.6049959404433164e-05, 4.321034622963033e-05, 0.9997407379226223 0.000259262077377782, 
73, 0000000000, 0000000000, 2.7172261954742518e-05, 4.50671661756311e-05, 0.9997295970029462 0.0002704029970537866, 
74, 0000000000, 0000000000, 2.6136846673854008e-05, 4.33529038150417e-05, 0.9997398825771098 0.00026011742289025025, 
75, 0000000000, 0000000000, 0.008023920787972467, 0.013296962009019935, 0.9694146035142153 0.0002710748916432483 0.015523372354180187 0.010699924829294397 0.004090944087101448 8.032356540362039e-08, 
76, 0000000000, 0000000000, 2.7381642179633096e-05, 4.542513864182729e-05, 0.999727479150188 0.00027249086777315044 2.9982038906642364e-08, 
77, 0000000000, 0000000000, 2.7744043416072475e-05, 4.602753450780863e-05, 0.9997238347929531 0.0002761652070468518, 
78, 0000000000, 0000000000, 2.7102705771591508e-05, 4.494842396985088e-05, 0.9997303195389474 0.0002696703782859941 1.0082766555604479e-08, 
79, 0000000000, 0000000000, 2.822553278402098e-05, 4.682980252617393e-05, 0.9997190211848429 0.00028097881515704357, 
80, 0000000000, 0000000000, 2.9341205881969492e-05, 4.86696585648316e-05, 0.9997082236036032 0.00029153484140436467 2.4155499231247675e-07, 
81, 0000000000, 0000000000, 2.66039064682251e-05, 4.4116944307777415e-05, 0.9997353861306948 0.00026452607276393 8.779654136725834e-08, 
82, 0000000000, 0000000000, 0.0005676314949591801, 0.0009458343824921697, 0.9970386303347207 0.0002617641237707277 0.0026855744533436634 1.4031088164988017e-05, 
83, 0000000000, 0000000000, 2.6642120430111443e-05, 4.417510746065867e-05, 0.9997349493552361 0.000265050644763952, 
84, 0000000000, 0000000000, 2.6872766991521137e-05, 4.455983587160543e-05, 0.9997326409847703 0.0002673590152296326, 
85, 0000000000, 0000000000, 0.0095166822382363, 0.015771186308760055, 0.9757546088705893 0.00026407797186010047 0.0012471165680793493 0.008372912443851856 0.0077422641792093 0.003933107102311906 0.002685912864098208, 
86, 0000000000, 0000000000, 2.655149073210194e-05, 4.4025141677511356e-05, 0.9997359578103587 0.0002639335292174433 1.0866042381241207e-07, 
87, 0000000000, 0000000000, 2.627989566162959e-05, 4.3579036984591493e-05, 0.9997385257780924 0.00026147422190754896, 
88, 0000000000, 0000000000, 2.7532527069525713e-05, 4.5656557045378755e-05, 0.9997260606577277 0.00027393934227227254, 
89, 0000000000, 0000000000, 2.714954890546165e-05, 4.50155850091134e-05, 0.9997299064899453 0.00027009351005468035, 
90, 0000000000, 0000000000, 0.023515446163040916, 0.03898442447235231, 0.9534187975522556 0.0002649720785701028 0.0010802666022896765 0.002419819143805163 0.006634257950479416 0.019406767717969415 0.016775118954630693, 
91, 0000000000, 0000000000, 0.02990667272368856, 0.049683354221495925, 0.9333686608673278 0.0002631946848600974 0.003563630524314358 0.006138192904015268 0.023512926299584364 0.020676982634285287 0.01247641208561284, 
92, 0000000000, 0000000000, 2.6040671680314322e-05, 4.318926314552506e-05, 0.9997409346742051 0.0002589950727166377 7.025307825633457e-08, 
93, 0000000000, 0000000000, 0.0001494634056763294, 0.00024889154657344915, 0.9991170082737232 0.00027263417311276393 0.0006103575531639654, 
94, 0000000000, 0000000000, 0.000286130309878139, 0.0004766491859291599, 0.9984316979896393 0.0002767964996783274 0.001291417916150692 8.759453174924211e-08, 
95, 0000000000, 0000000000, 2.5613756071381562e-05, 4.248699149114895e-05, 0.9997450780510531 0.0002549219489468937, 
96, 0000000000, 0000000000, 0.014991126967174691, 0.024940326969314263, 0.9626926432019554 0.0002773779102782224 0.006145880485610961 0.0076377766584187455 0.007685815906361738 0.009946805690567606 0.0056137001468073745, 
97, 0000000000, 0000000000, 2.7723615999131297e-05, 4.598739796137573e-05, 0.9997242084263496 0.0002756587595325737 1.3281411784035818e-07, 
98, 0000000000, 0000000000, 2.5753761843267883e-05, 4.270417665052948e-05, 0.9997437749400969 0.0002562250599031769, 
99, 0000000000, 0000000000, 0.23770704011228996, 0.3938234909038842, 0.5304892979376383 0.00013045214084325346 0.012303019420324577 0.029330517726444415 0.08611182077671085 0.14404373383259567 0.19759115816544295, 
100, 0000000000, 0000000000, 2.7387140478111986e-05, 4.542723509696789e-05, 0.9997274365894181 0.00027256341058180735, 
run, initial grid state, final grid state, mean grid cell occupancy, mean binding site occupancy, fraction of time with N TFs bound, warning
1, 0000000000, 0000000000, 2.7489409457028474e-05, 4.5599990993065896e-05, 0.9997264000540416 0.0002735999459583954, 
2, 0000000000, 0000000000, 2.8081949306682638e-05, 4.657756425711581e-05, 0.9997205346144573 0.00027946538554269484, 
3, 0000000000, 0000000000, 0.00013660077207743824, 0.00022746875736727703, 0.9991768808294365 0.00028142579692347325 0.0005416933736400944, 
4, 0000000000, 0000000000, 4.036393263063473e-05, 5.666231250968025e-05, 0.9996600261249419 0.0003399738750580815, 
5, 0000000000, 0000000000, 2.6904498184375777e-05, 4.4627185481016097e-05, 0.9997322368871138 0.0002677631128860966, 
6, 0000000000, 0000000000, 2.7184970528634942e-05, 4.508882677446915e-05, 0.9997295894102836 0.00027028821878624356 1.2237093028568086e-07, 
7, 0000000000, 0000000000, 0.001696556349521372, 0.00281871049609337, 0.993213426385022 0.00027350744259535965 0.0029005430948504944 0.0036124229658645673 1.0011166754223051e-07, 
8, 0000000000, 0000000000, 2.6192064253114815e-05, 4.3442529527523496e-05, 0.9997393459202117 0.000260652982411426 1.0973768574850898e-09, 
9, 0000000000, 0000000000, 2.701819840858792e-05, 4.4809286787345225e-05, 0.999731144279276 0.0002688557207240714, 
10, 0000000000, 0000000000, 2.7621924324188728e-05, 4.5823425038350034e-05, 0.9997250594497699 0.00027494055023010025, 
11, 0000000000, 0000000000, 2.7245511552571845e-05, 4.519592702966854e-05, 0.9997288244378221 0.0002711755621780113, 
12, 0000000000, 0000000000, 2.545880868411133e-05, 4.2203248620672276e-05, 0.9997467805082759 0.00025321949172403367, 
13, 0000000000, 0000000000, 2.730985515589644e-05, 4.530093591622387e-05, 0.9997281943845026 0.0002718056154973432, 
14, 0000000000, 0000000000, 0.2536653595506832, 0.4208225230073406, 0.5190436840581155 0.00014581336756909298 0.004715421871909584 0.023483380567177758 0.0689962040351934 0.13276945350985975 0.250846042590175, 
15, 0000000000, 0000000000, 0.00046263014058159254, 0.000770825181924727, 0.997546249305816 0.00028330056327500693 0.0021696998644534743 7.502664554686772e-07, 
16, 0000000000, 0000000000, 2.746684254050299e-05, 4.5561917768011476e-05, 0.999726628493392 0.00027337150660806887, 
17, 0000000000, 0000000000, 2.5652764983895143e-05, 4.2542097407705796e-05, 0.9997447474155537 0.0002552525844462348, 
18, 0000000000, 0000000000, 2.729703574932055e-05, 4.528125250004771e-05, 0.9997283124849997 0.00027168751500028623, 
19, 0000000000, 0000000000, 2.7900707290201664e-05, 4.6269240260301014e-05, 0.9997223845584382 0.0002776154415618061, 
20, 0000000000, 0000000000, 0.10358720988617182, 0.17188841539993324, 0.7901822203386565 0.0002178932475830225 0.004944852190255068 0.013809781198831313 0.03836183215478485 0.0885543026634628 0.0639291182064265, 
21, 0000000000, 0000000000, 2.8186220688542535e-05, 4.677997976893058e-05, 0.9997193201213864 0.00028067987861358346, 
22, 0000000000, 0000000000, 2.720508488367856e-05, 4.512397592465897e-05, 0.999729256144452 0.0002707438555479538, 
23, 0000000000, 0000000000, 2.653175017087539e-05, 4.401468230886076e-05, 0.9997359218406068 0.00026406822493320163 9.934459981464204e-09, 
24, 0000000000, 0000000000, 2.7440908186873292e-05, 4.550639187520547e-05, 0.9997272653457773 0.0002724309571942314 3.0369702850069316e-07, 
25, 0000000000, 0000000000, 0.1053593442084248, 0.17472098777120484, 0.7941438100132392 0.00021107389806290292 0.006065866139722892 0.01844073913281622 0.02127380839266913 0.06362254506034327 0.09624215736314648, 
26, 0000000000, 0000000000, 2.7243872886650947e-05, 4.5188682308864974e-05, 0.9997288679061468 0.0002711320938531899, 
27, 0000000000, 0000000000, 2.8625678055420996e-05, 4.7497180835668505e-05, 0.999715056498544 0.0002849039178982092 3.958355790092831e-08, 
28, 0000000000, 0000000000, 2.9492307076729785e-05, 4.892146328623624e-05, 0.9997064712202824 0.00029352877971741746, 
29, 0000000000, 0000000000, 2.9512347794938548e-05, 4.898329558820126e-05, 0.9997062353344313 0.00029362955760825975 1.3510796047392344e-07, 
30, 0000000000, 0000000000, 2.6333917771172075e-05, 4.3654431050836984e-05, 0.999738073413695 0.00026192658630502195, 
31, 0000000000, 0000000000, 2.735442213605319e-05, 4.536440313261911e-05, 0.9997278135812043 0.00027218641879571463, 
32, 0000000000, 0000000000, 2.669278738580447e-05, 4.42757443156066e-05, 0.9997343455341063 0.0002656544658936396, 
33, 0000000000, 0000000000, 2.7299918221153762e-05, 4.5293551768102855e-05, 0.9997282974631091 0.00027164376317331075 5.8773717653183707e-08, 
34, 0000000000, 0000000000, 2.7303149544556337e-05, 4.529033792109967e-05, 0.9997282579724734 0.000271742027526598, 
35, 0000000000, 0000000000, 2.6799811575796745e-05, 4.445602989488259e-05, 0.9997332638206307 0.00026673617936929557, 
36, 0000000000, 0000000000, 2.709999065857465e-05, 4.494876751544083e-05, 0.9997303073949073 0.00026969260509264497, 
37, 0000000000, 0000000000, 2.6835115352932257e-05, 4.4515845185122935e-05, 0.9997329049288891 0.00026709507111073765, 
38, 0000000000, 0000000000, 2.6370585427668595e-05, 4.37404311969157e-05, 0.9997375712871538 0.0002624148385108878 1.3874335303193045e-08, 
39, 0000000000, 0000000000, 2.793900625522705e-05, 4.635063041518737e-05, 0.9997219163460781 0.00027806352535259953 2.0128569262368336e-08, 
40, 0000000000, 0000000000, 2.8083256158867252e-05, 4.6587325121810184e-05, 0.9997204760492692 0.0002795239507308611, 
41, 0000000000, 0000000000, 0.019583210774459493, 0.03238808978694825, 0.9582212706479316 0.0002543982681934184 0.0028599728793262296 0.007087479442842573 0.002759929061145328 0.016849658081630865 0.011967291618930044, 
42, 0000000000, 0000000000, 2.7265979478397797e-05, 4.5230461890139084e-05, 0.9997286172286591 0.00027138277134083455, 
43, 0000000000, 0000000000, 2.7936242471945718e-05, 4.632859507270087e-05, 0.9997220442039159 0.000277940021732126 1.5774352039609635e-08, 
44, 0000000000, 0000000000, 2.7602418945292748e-05, 4.5784141844245545e-05, 0.9997252951489345 0.00027470485106547327, 
45, 0000000000, 0000000000, 3.1175804513321656e-05, 4.883788167822799e-05, 0.9997069877824609 0.0002929971450088344 1.5072530266784486e-08, 
46, 0000000000, 0000000000, 2.7359362892014155e-05, 4.537108273990973e-05, 0.9997277735035605 0.00027222649643945837, 
47, 0000000000, 0000000000, 2.5619632042716802e-05, 4.248268627431273e-05, 0.999745103882354 0.00025489611764587634, 
48, 0000000000, 0000000000, 0.00040954238976300105, 0.0006823537304171684, 0.9979097346497466 0.0002832700107729164 0.001610133646710969 0.0001968616927693855, 
49, 0000000000, 0000000000, 0.0006001019067578635, 0.0009999366851289836, 0.9974661170216841 0.00026170641937423673 0.0010787804263789312 0.00119323169160911 1.6444095361800418e-07, 
50, 0000000000, 0000000000, 2.6153245011677144e-05, 4.337498124195397e-05, 0.999739823459504 0.00026010319354039847 7.334695566268194e-08, 
51, 0000000000, 0000000000, 2.7368096114742426e-05, 4.539218658177014e-05, 0.9997276468805094 0.0002723531194906208, 
52, 0000000000, 0000000000, 2.533713086680237e-05, 4.2004709443473355e-05, 0.9997479717433392 0.00025202825666084016, 
53, 0000000000, 0000000000, 0.005030459140567066, 0.008329347679646918, 0.9855373257174932 0.0002788009319848137 0.001206463494399431 0.004809941258777436 0.007982808605959953 0.000184659991385142, 
54, 0000000000, 0000000000, 2.8474755332987294e-05, 4.7247746495492425e-05, 0.9997165229382295 0.0002834676445680092 9.417202472686767e-09, 
55, 0000000000, 0000000000, 2.8548667216523556e-05, 4.7363914631293555e-05, 0.9997158165122123 0.00028418348778776133, 
56, 0000000000, 0000000000, 2.7962960412281056e-05, 4.637812928079942e-05, 0.9997217312243152 0.0002782687756847966, 
57, 0000000000, 0000000000, 2.6079524620889457e-05, 4.3242505124354315e-05, 0.9997405449692539 0.00025945503074612593, 
58, 0000000000, 0000000000, 2.8131533506944117e-05, 4.666319874996534e-05, 0.9997200208075002 0.0002799791924997921, 
59, 0000000000, 0000000000, 0.00033496493401997496, 0.0005580415394486875, 0.9981960805514098 0.0002595896604883023 0.0015443297881019113, 
60, 0000000000, 0000000000, 2.703159776450522e-05, 4.484797101718444e-05, 0.9997309121738969 0.00026908782610310665, 
61, 0000000000, 0000000000, 2.830641635748532e-05, 4.69593034743527e-05, 0.9997182441791539 0.0002817558208461162, 
62, 0000000000, 0000000000, 2.8340182108332737e-05, 4.700784368904126e-05, 0.9997179529378658 0.00028204706213424757, 
63, 0000000000, 0000000000, 2.8620437085745907e-05, 4.7486282210345085e-05, 0.999715164402248 0.0002847535022420813 8.209550999459766e-08, 
64, 0000000000, 0000000000, 2.68381589755964e-05, 4.450701254761207e-05, 0.9997329579247142 0.00026704207528567244, 
65, 0000000000, 0000000000, 2.904454398512035e-05, 4.8199092065242607e-05, 0.9997108251435288 0.0002891551605509297 1.9695920263017925e-08, 
66, 0000000000, 0000000000, 2.7747209185116376e-05, 4.60267107311197e-05, 0.9997238397356133 0.00027616026438671815, 
67, 0000000000, 0000000000, 2.859017019030766e-05, 4.743019585046369e-05, 0.9997154188248971 0.00028458117510278216, 
68, 0000000000, 0000000000, 0.0005314807072466792, 0.0008675970475999249, 0.9975396955713465 0.00027045182690400296 0.0016344273465527805 0.0005554252551966621, 
69, 0000000000, 0000000000, 2.5941122989473963e-05, 4.299701346520054e-05, 0.9997420179192088 0.00025798208079120323, 
70, 0000000000, 0000000000, 2.7725311178468653e-05, 4.5979071589928906e-05, 0.9997242054575409 0.0002757146553786206 7.988708047639755e-08, 
71, 0000000000, 0000000000, 2.823774754035279e-05, 4.683696929790022e-05, 0.9997189819519609 0.0002810142802909621 3.7677482196262904e-09, 
72, 0000000000, 0000000000, 2.7419025731957417e-05, 4.5466697636895716e-05, 0.9997272171823169 0.00027276544954479316 1.7368138290586923e-08, 
73, 0000000000, 0000000000, 2.8561230384935108e-05, 4.739799207092185e-05, 0.9997156120475745 0.0002843879524255311, 
74, 0000000000, 0000000000, 2.716861455139083e-05, 4.5064467542378606e-05, 0.9997296131947457 0.0002703868052542717, 
75, 0000000000, 0000000000, 2.740664496328467e-05, 4.54702698063502e-05, 0.9997271783811619 0.00027282161883810123, 
76, 0000000000, 0000000000, 0.00010828974444741422, 0.00018026304811648303, 0.9993285936506875 0.00026123440992607193 0.00041017193938641314, 
77, 0000000000, 0000000000, 2.6210181153274755e-05, 4.346268415741931e-05, 0.9997392238950555 0.0002607761049445159, 
78, 0000000000, 0000000000, 0.000142895704056683, 0.00023793396227570382, 0.9991475789669365 0.0002773772460094297 0.0005749048335175286 1.389535365785871e-07, 
79, 0000000000, 0000111100, 0.2181369827026687, 0.36168960648279747, 0.5813753964835371 0.00016068974707011299 0.013285306448108127 0.021540528022281666 0.05258696372481402 0.11786979615773653 0.21318131941645246, 
80, 0000000000, 0000000000, 2.7382271681671033e-05, 4.540904691617912e-05, 0.999727609136216 0.00027232744607067036 6.341771320218131e-08, 
81, 0000000000, 0000000000, 2.8309213653832493e-05, 4.6957214080559755e-05, 0.9997182567155167 0.00028174328448335857, 
82, 0000000000, 0000000000, 2.6910672209086657e-05, 4.462459600325265e-05, 0.9997322524239804 0.000267747576019516, 
83, 0000000000, 0000000000, 2.7117745710123715e-05, 4.497702135619369e-05, 0.9997301378718628 0.0002698621281371621, 
84, 0000000000, 0000000000, 2.6564972262519702e-05, 4.4061613974877745e-05, 0.9997356303161506 0.00026436968384926647, 
85, 0000000000, 0000000000, 2.7747148908709043e-05, 4.6009511230801195e-05, 0.9997239429326151 0.00027605706738480717, 
86, 0000000000, 0000000000, 2.7971481970440965e-05, 4.639690081603213e-05, 0.9997216185951039 0.00027838140489619276, 
87, 0000000000, 0000000000, 2.6467677133675434e-05, 4.38921147042697e-05, 0.9997366473117744 0.00026335268822561827, 
88, 0000000000, 0000000000, 2.7482250829762243e-05, 4.5598129659530345e-05, 0.9997265591317568 0.00027329295852932857 1.4790971392676942e-07, 
89, 0000000000, 0000000000, 2.752910207348888e-05, 4.566822195193307e-05, 0.9997259906682884 0.0002740093317115984, 
90, 0000000000, 0000000000, 2.8398259990375466e-05, 4.7100302829624014e-05, 0.9997173981830223 0.0002826018169777441, 
