run, initial grid state, final grid state, mean grid cell occupancy, mean binding site occupancy, fraction of time with N TFs bound, warning
1, 000000, 000000, 8.826456267034361e-05, 8.826456267034361e-05, 0.9994704964048372 0.0005294198143034387 8.37808593114217e-08, 
2, 000000, 000000, 9.003311130624647e-05, 9.003311130624647e-05, 0.9994601025810882 0.0005395961699860844 3.012489256972358e-07, 
3, 000000, 000000, 8.646138627006522e-05, 8.646138627006522e-05, 0.9994816907420301 0.000517850198319389 4.590596505010589e-07, 
4, 000000, 000000, 0.00710708382931431, 0.00710708382931431, 0.9841030357230144 0.0005058595043303857 0.005725682021313621 0.007976411576438403 0.0016890111749032564, 
5, 000000, 000000, 8.75222584573751e-05, 8.75222584573751e-05, 0.9994748664492558 0.0005251335507442506, 
6, 000000, 000000, 8.774456148664528e-05, 8.774456148664528e-05, 0.9994736767811393 0.0005261790688016524 1.4415005910964239e-07, 
7, 000000, 000000, 8.418059013873874e-05, 8.418059013873874e-05, 0.9994949164591677 0.0005050835408324325, 
8, 000000, 000000, 0.006848128672334527, 0.006848128672334527, 0.9860397515664598 0.0005387188846749564 0.0018721142294857046 0.009391836587157249 0.002157578732222262, 
9, 000000, 000000, 9.340258399027074e-05, 9.340258399027074e-05, 0.9994395844960584 0.0005604155039416245, 
10, 000000, 000000, 8.517202018390526e-05, 8.517202018390526e-05, 0.9994889678788965 0.0005110321211034317, 
11, 000000, 000000, 9.2276953113382e-05, 9.2276953113382e-05, 0.9994463382813196 0.000553661718680292, 
12, 000000, 000000, 9.061797902119677e-05, 9.061797902119677e-05, 0.9994562921258727 0.0005437078741271806, 
13, 000000, 000000, 9.177149024836499e-05, 9.177149024836499e-05, 0.9994497564862287 0.000549858086052531 3.8542771882954093e-07, 
14, 000000, 000000, 8.648318351843102e-05, 8.648318351843102e-05, 0.9994811091485662 0.0005188826017568254 8.249676880382355e-09, 
15, 000000, 000000, 8.903068617911515e-05, 8.903068617911515e-05, 0.9994659594780299 0.0005338969268656882 1.4359510450136094e-07, 
16, 000000, 000000, 0.0005168750153559471, 0.0005168750153559471, 0.9981982365218355 0.0005024663459300573 0.0012991076504977543 1.894817367054167e-07, 
17, 000000, 000000, 8.811000684125285e-05, 8.811000684125285e-05, 0.9994713399589524 0.000528660041047517, 
18, 000000, 000000, 0.10856697177274902, 0.10856697177274902, 0.8598537199580232 0.00042665839297723 0.012254303020458447 0.011180280115293206 0.030153550484540912 0.044477404253685585 0.04165408377502146, 
19, 000000, 000000, 8.74266646797076e-05, 8.74266646797076e-05, 0.9994754400119218 0.0005245599880782457, 
20, 000000, 000000, 0.029521161984337716, 0.029521161984337716, 0.9543514221097968 0.0004955324619674676 0.005350679536622138 0.003949717495252404 0.025437713450197942 0.010159535592713355 0.00025539935344979874, 
21, 000000, 000000, 8.957244348304601e-05, 8.957244348304601e-05, 0.9994626842549116 0.000537196829278582 1.189158098470597e-07, 
22, 000000, 000000, 8.484625919526316e-05, 8.484625919526316e-05, 0.9994909224448285 0.000509077555171579, 
23, 000000, 000000, 0.029920287583978505, 0.029920287583978505, 0.9567497028570685 0.00047216242208785483 0.00588042221004926 0.006366482938544167 0.011405484187456637 0.012187139212536087 0.006938606172257534, 
24, 000000, 000000, 8.517902407920425e-05, 8.517902407920425e-05, 0.9994890460255735 0.0005108338043777074 1.2017004875909712e-07, 
25, 000000, 000000, 8.411089119409212e-05, 8.411089119409212e-05, 0.9994953346528355 0.0005046653471645528, 
26, 000000, 000000, 8.63089838576891e-05, 8.63089838576891e-05, 0.9994821460968538 0.0005178539031461347, 
27, 000000, 000000, 0.0005087833866086266, 0.0005087833866086266, 0.998238052759698 0.00047119416095222434 0.0012907530793497674, 
28, 000000, 000000, 8.86473374006696e-05, 8.86473374006696e-05, 0.999468382826756 0.0005313503220841004 2.6685115995861234e-07, 
29, 000000, 000000, 9.173208497730156e-05, 9.173208497730156e-05, 0.9994496074901361 0.0005503925098638094, 
30, 000000, 000000, 8.549504029860711e-05, 8.549504029860711e-05, 0.9994874086898815 0.0005122123784453612 3.7893167314075284e-07, 
31, 000000, 000000, 8.723050049942011e-05, 8.723050049942011e-05, 0.9994766169970034 0.0005233830029965206, 
32, 000000, 000000, 9.185572261183412e-05, 9.185572261183412e-05, 0.9994488690386666 0.0005511275869958401 3.37433758236113e-09, 
33, 000000, 000000, 0.004912556939152574, 0.004912556939152574, 0.9872698172366569 0.0005202097330544214 0.007675595714880284 0.004533568789533546 8.085258749553134e-07, 
34, 000000, 000000, 8.47439673189509e-05, 8.47439673189509e-05, 0.9994915361960863 0.0005084638039137055, 
35, 000000, 000000, 8.7738466183956e-05, 8.7738466183956e-05, 0.999474028748833 0.00052551170523034 4.5954593669800527e-07, 
36, 000000, 000000, 8.345253246846982e-05, 8.345253246846982e-05, 0.9994992848051892 0.0005007151948108189, 
37, 000000, 000000, 9.225156056697941e-05, 9.225156056697941e-05, 0.9994465170280196 0.0005534565805591042 2.6391421386173792e-08, 
38, 000000, 000000, 9.229067181129118e-05, 9.229067181129118e-05, 0.9994465823351834 0.0005530912987655573 3.2636605109487256e-07, 
39, 000000, 000000, 9.218549959730007e-05, 9.218549959730007e-05, 0.9994468870024162 0.0005531129975838004, 
40, 000000, 000000, 0.2799961513608476, 0.2799961513608476, 0.628165287568598 0.00034204282954125836 0.019959757274036406 0.06215963342050665 0.07884923689558473 0.1253047491267847 0.08521929288494819, 
41, 000000, 000000, 0.0010268508520058658, 0.0010268508520058658, 0.9966393220863351 0.0005619987306092807 0.002796931167740935 1.7480153146811893e-06, 
42, 000000, 000000, 8.67555871121987e-05, 8.67555871121987e-05, 0.9994795363614655 0.0005203937543960409 6.988413857562201e-08, 
43, 000000, 000000, 8.961062845541776e-05, 8.961062845541776e-05, 0.9994623362292675 0.0005376637707325066, 
44, 000000, 000000, 8.97590204844257e-05, 8.97590204844257e-05, 0.9994616597005694 0.0005381264759546518 2.1382347595124015e-07, 
45, 000000, 000000, 0.025405716155854133, 0.025405716155854133, 0.9515215300518396 0.0004833022301261315 0.010352920526731922 0.02172625846968815 0.013513565365600754 0.002402423356013468, 
46, 000000, 000000, 8.89494869951934e-05, 8.89494869951934e-05, 0.999466366837902 0.0005335694022248654 6.375987314752169e-08, 
47, 000000, 000000, 8.816411817542503e-05, 8.816411817542503e-05, 0.9994717263357007 0.0005275626195461341 7.110447532080468e-07, 
48, 000000, 000000, 9.02500546981953e-05, 9.02500546981953e-05, 0.9994584996718108 0.0005415003281891718, 
49, 000000, 000000, 8.679338100802402e-05, 8.679338100802402e-05, 0.9994792968733243 0.0005206459673031781 5.7159372482980994e-08, 
50, 000000, 000000, 8.554418122104736e-05, 8.554418122104736e-05, 0.9994867349126737 0.0005132650873262842, 
51, 000000, 000000, 0.08391682444697, 0.08391682444697, 0.8833218517150372 0.0004314004791255735 0.019986325924888505 0.01881295896622164 0.018052416279235452 0.02192192747563969 0.037473119159852034, 
52, 000000, 000000, 8.560840251000341e-05, 8.560840251000341e-05, 0.9994866769133468 0.0005129957582464217 3.273284067994072e-07, 
53, 000000, 000000, 8.833392507061937e-05, 8.833392507061937e-05, 0.9994700622761027 0.0005298718973710343 6.582652634098415e-08, 
54, 000000, 000000, 8.776965128847154e-05, 8.776965128847154e-05, 0.9994733820922691 0.0005266179077308293, 
55, 000000, 000000, 9.419780115109867e-05, 9.419780115109867e-05, 0.9994350476411447 0.0005647179108039138 2.3444805133910404e-07, 
56, 000000, 000000, 0.006350808861450308, 0.006350808861450308, 0.9844436325380753 0.0005216703986005151 0.009741890626781553 0.0034081511621900963 0.0015483283417946382 0.000336326932557878, 
57, 000000, 000000, 9.188189787617021e-05, 9.188189787617021e-05, 0.999448708612743 0.0005512913872570213, 
58, 000000, 000000, 0.0043783303022763035, 0.0043783303022763035, 0.9878635583544956 0.0005009602704739699 0.009137422581907488 0.0024980587931229597, 
59, 000000, 000000, 8.273441606488743e-05, 8.273441606488743e-05, 0.9995039051188915 0.0004957832658275687 3.1161528087797613e-07, 
60, 000000, 000000, 8.958992329845184e-05, 8.958992329845184e-05, 0.9994624604602093 0.0005375395397907111, 
61, 000000, 000000, 9.014555099317658e-05, 9.014555099317658e-05, 0.999459126694041 0.0005408733059590595, 
62, 000000, 000000, 8.597634878794691e-05, 8.597634878794691e-05, 0.9994841419072723 0.0005158580927276814, 
63, 000000, 000000, 8.23577543729432e-05, 8.23577543729432e-05, 0.9995059484314193 0.0004939566109239385 9.495765686035155e-08, 
64, 000000, 000000, 8.80546823624627e-05, 8.80546823624627e-05, 0.9994716719058252 0.0005283280941747762, 
65, 000000, 000000, 8.899208568551426e-05, 8.899208568551426e-05, 0.9994660474858869 0.0005339525141130855, 
66, 000000, 000000, 8.495761502475425e-05, 8.495761502475425e-05, 0.9994902543098514 0.0005097456901485255, 
67, 000000, 000000, 8.968397797603697e-05, 8.968397797603697e-05, 0.9994619222511564 0.0005380516298310107 2.6119012605576284e-08, 
68, 000000, 000000, 8.560503017524558e-05, 8.560503017524558e-05, 0.9994863698189485 0.0005136301810514736, 
69, 000000, 000000, 8.486918724590296e-05, 8.486918724590296e-05, 0.9994907848765247 0.0005092151234754178, 
70, 000000, 000000, 8.50909403556306e-05, 8.50909403556306e-05, 0.9994900405220065 0.0005093733138532894 5.861641402471633e-07, 
71, 000000, 000000, 8.020028775133423e-05, 8.020028775133423e-05, 0.999518798273492 0.00048120172650800534, 
72, 000000, 000000, 8.416786793829418e-05, 8.416786793829418e-05, 0.9994949927923703 0.0005050072076297651, 
73, 000000, 000000, 0.020559282559739475, 0.020559282559739475, 0.9681730455335239 0.0005214535778796692 0.005969185342721513 0.0036945860435310994 0.013400283677883543 0.003237696693774745 0.005003749130685499, 
74, 000000, 000000, 8.691950654561918e-05, 8.691950654561918e-05, 0.9994785509913194 0.0005213809780873788 6.803059316816783e-08, 
75, 000000, 000000, 9.218105046592105e-05, 9.218105046592105e-05, 0.9994469136972045 0.0005530863027955264, 
76, 000000, 000000, 8.547944521403918e-05, 8.547944521403918e-05, 0.9994871233287158 0.0005128766712842351, 
77, 000000, 000000, 9.115609534242779e-05, 9.115609534242779e-05, 0.9994530634279455 0.0005469365720545667, 
78, 000000, 000000, 8.447225982786212e-05, 8.447225982786212e-05, 0.9994931664410329 0.0005068335589671727, 
79, 000000, 000000, 8.718910806791836e-05, 8.718910806791836e-05, 0.9994769242873622 0.000523016776868031 5.8935769739605123e-08, 
80, 000000, 000000, 8.785241994985116e-05, 8.785241994985116e-05, 0.9994728854803009 0.000527114519699107, 
81, 000000, 000000, 8.653775785134396e-05, 8.653775785134396e-05, 0.999480773452892 0.0005192265471080637, 
82, 000000, 000000, 8.469330994724042e-05, 8.469330994724042e-05, 0.9994920581292727 0.0005077238817711529 2.1798895614487782e-07, 
83, 000000, 000000, 8.177377358664245e-05, 8.177377358664245e-05, 0.9995093573584801 0.0004906426415198547, 
84, 000000, 000000, 8.501116881723706e-05, 8.501116881723706e-05, 0.9994899329870965 0.0005100670129034224, 
85, 000000, 000000, 0.0001256803249742818, 0.0001256803249742818, 0.9993545462055389 0.0005368256390765417 0.00010862815538457461, 
86, 000000, 000000, 8.880365516310204e-05, 8.880365516310204e-05, 0.9994673393842971 0.0005324993004271833 1.6131527571451094e-07, 
87, 000000, 000000, 8.398416742739901e-05, 8.398416742739901e-05, 0.9994960949954357 0.0005039050045643941, 
88, 000000, 111111, 0.05708791367822857, 0.05708791367822857, 0.9282940058387411 0.0004914587087172318 0.0028369363234041697 0.009326245809127623 0.012158553173524423 0.021607600286547114 0.025285199859938278, 
89, 000000, 000000, 8.695863882793523e-05, 8.695863882793523e-05, 0.9994782989787219 0.0005216502095886761 5.0811689467657176e-08, 
90, 000000, 000000, 8.294019562957703e-05, 8.294019562957703e-05, 0.9995023588262226 0.0004976411737774622, 
91, 000000, 000000, 8.373209765199722e-05, 8.373209765199722e-05, 0.9994982010694621 0.0005012052751638831 5.936553740501404e-07, 
92, 000000, 000000, 8.684689909829984e-05, 8.684689909829984e-05, 0.9994790410080634 0.0005208365892832908 1.2240265325421378e-07, 
93, 000000, 000000, 8.642664142408377e-05, 8.642664142408377e-05, 0.9994814401514556 0.0005185598485445027, 
94, 000000, 000000, 8.6027456520663e-05, 8.6027456520663e-05, 0.999483835260876 0.000516164739123978, 
95, 000000, 000000, 0.05588378843448087, 0.05588378843448087, 0.9042847808434308 0.00045496780997396797 0.010104352057863019 0.03681803380366745 0.03750437015514061 0.010833495329924083, 
96, 000000, 000000, 0.0002531832685724785, 0.0002531832685724785, 0.9989855248674971 0.0005098506535708819 0.0005046244789319946, 
97, 000000, 000000, 9.086354755247191e-05, 9.086354755247191e-05, 0.9994550495488136 0.0005447196170579696 2.3083412843091144e-07, 
98, 000000, 000000, 8.496304204854472e-05, 8.496304204854472e-05, 0.9994903135704948 0.0005095946067190885 9.182278608991985e-08, 
99, 000000, 000000, 9.508758571636731e-05, 9.508758571636731e-05, 0.9994294744857019 0.000570525514298204, 
100, 000000, 000000, 0.17149396469340392, 0.17149396469340392, 0.7772657595520545 0.00041166188713123443 0.016906547613761792 0.031832708795108876 0.033514800948156724 0.07522942635490679 0.06483909484888016, 
run, initial grid state, final grid state, mean grid cell occupancy, mean binding site occupancy, fraction of time with N TFs bound, warning
1, 000000, 000000, 8.66281931638536e-05, 8.66281931638536e-05, 0.9994802308410169 0.0005197691589831217, 
2, 000000, 000000, 8.6759133418709e-05, 8.6759133418709e-05, 0.9994794451994876 0.000520554800512254, 
3, 000000, 000000, 8.502581296256054e-05, 8.502581296256054e-05, 0.9994898451222246 0.0005101548777753633, 
4, 000000, 000000, 8.66069486512899e-05, 8.66069486512899e-05, 0.9994803583080922 0.0005196416919077395, 
5, 000000, 000000, 8.980592888130279e-05, 8.980592888130279e-05, 0.9994613541725971 0.0005384560815181169 1.8974588484991163e-07, 
6, 000000, 000000, 8.716784025305396e-05, 8.716784025305396e-05, 0.999477347526691 0.0005222979050994817 3.5456820942106695e-07, 
7, 000000, 000000, 8.557490251710049e-05, 8.557490251710049e-05, 0.9994865505848974 0.0005134494151026029, 
8, 000000, 000000, 8.577860993731842e-05, 8.577860993731842e-05, 0.9994853283403761 0.0005146716596239105, 
9, 000000, 000000, 9.019026776679206e-05, 9.019026776679206e-05, 0.9994588583933992 0.0005411416066007524, 
10, 000000, 000000, 8.791369036175845e-05, 8.791369036175845e-05, 0.9994726264400033 0.0005272649778225842 1.08582173983256e-07, 
11, 000000, 000000, 8.240522882605365e-05, 8.240522882605365e-05, 0.9995055686270437 0.000494431372956322, 
12, 000000, 000000, 8.199440177110034e-05, 8.199440177110034e-05, 0.9995083248112625 0.0004913839668484278 2.91221889087132e-07, 
13, 000000, 000000, 8.828053746748931e-05, 8.828053746748931e-05, 0.9994703239714605 0.0005296688322739042 7.1962655158269965e-09, 
14, 000000, 000000, 8.982719909908855e-05, 8.982719909908855e-05, 0.9994613496634914 0.0005383374784226424 3.12858085944539e-07, 
15, 000000, 000000, 8.531640866224289e-05, 8.531640866224289e-05, 0.9994885393482251 0.0005110228515762111 4.378001986231122e-07, 
16, 000000, 000000, 0.00024751575613584986, 0.00024751575613584986, 0.9990073573234121 0.0005001908163606107 0.0004924518602272442, 
17, 000000, 000000, 8.519922159101796e-05, 8.519922159101796e-05, 0.9994888046704539 0.0005111953295461078, 
18, 000000, 000000, 8.331743809259955e-05, 8.331743809259955e-05, 0.9995006904630165 0.0004987144454113572 5.950915721200761e-07, 
19, 000000, 000000, 8.807685569050638e-05, 8.807685569050638e-05, 0.999471538865857 0.0005284611341430383, 
20, 000000, 000000, 8.386758189519296e-05, 8.386758189519296e-05, 0.9994968104383662 0.0005031736318962945 1.5929737431662422e-08, 
21, 000000, 000000, 8.844330445347566e-05, 8.844330445347566e-05, 0.9994693401732792 0.000530659826720854, 
22, 111111, 000000, 0.06538234779878192, 0.06538234779878192, 0.9109109265960272 0.0004731464023246509 0.0028989747637012103 0.011410017314507215 0.030941329017926605 0.03216601258534264 0.011199593320170526, 
23, 000000, 000000, 8.589898788419504e-05, 8.589898788419504e-05, 0.9994846060726948 0.0005153939273051703, 
24, 000000, 000000, 8.209607380541032e-05, 8.209607380541032e-05, 0.9995075144446586 0.000492394667850248 9.088749110698699e-08, 
25, 000000, 000000, 0.03765566227323329, 0.03765566227323329, 0.9451441857606208 0.0005056518681969686 0.011947510094505547 0.006180079275113401 0.006400978025779837 0.021540418200968785 0.008281176774814696, 
26, 000000, 000000, 8.576842662757689e-05, 8.576842662757689e-05, 0.9994853894402345 0.0005146105597654613, 
27, 000000, 000000, 8.698842238091738e-05, 8.698842238091738e-05, 0.9994781529174025 0.0005217636309093791 8.345168806257701e-08, 
28, 000000, 000000, 9.074820232020149e-05, 9.074820232020149e-05, 0.9994555107860789 0.000544489213921209, 
29, 000000, 000000, 8.535401111891296e-05, 8.535401111891296e-05, 0.9994878759332866 0.0005121240667134778, 
30, 000000, 000000, 8.796923288606506e-05, 8.796923288606506e-05, 0.9994722166483402 0.0005277513060031646 3.2045656612941195e-08, 
31, 000000, 000000, 0.016299032950199875, 0.016299032950199875, 0.9750486197566951 0.0004976319225132059 0.004889528656100091 0.002641990045657952 0.008065656294247877 0.005810526796194257 0.003046046528591542, 
32, 000000, 000000, 9.065312682626916e-05, 9.065312682626916e-05, 0.9994561441775512 0.0005437928839398671 6.293850887389409e-08, 
33, 000000, 000000, 8.32806387816597e-05, 8.32806387816597e-05, 0.9995003161673099 0.0004996838326899582, 
34, 000000, 000000, 9.088401545450373e-05, 9.088401545450373e-05, 0.9994546960510339 0.0005453038052051152 1.4376095363071984e-10, 
35, 000000, 000000, 8.470482553947948e-05, 8.470482553947948e-05, 0.9994917710467631 0.0005082289532368768, 
36, 000000, 000000, 8.239402832697031e-05, 8.239402832697031e-05, 0.9995056358300382 0.0004943641699618219, 
37, 000000, 000000, 0.00044606813635834295, 0.00044606813635834295, 0.9983928092803118 0.0005379726212263478 0.0010692180984618548, 
38, 000000, 000000, 8.948611263734287e-05, 8.948611263734287e-05, 0.9994630833241759 0.0005369166758240572, 
39, 000000, 000000, 0.006669026449369604, 0.006669026449369604, 0.985193536787872 0.0005307680069931106 0.003346160718576567 0.010927068694161914 2.465792396409171e-06, 
40, 000000, 000000, 9.549169331086163e-05, 9.549169331086163e-05, 0.9994270498401348 0.0005729501598651697, 
41, 000000, 000000, 9.200192104629269e-05, 9.200192104629269e-05, 0.9994481144558701 0.0005517595619819375 1.2598214790934606e-07, 
42, 000000, 000000, 8.67259313546984e-05, 8.67259313546984e-05, 0.9994796444118719 0.0005203555881281904, 
43, 000000, 000000, 8.699944964803247e-05, 8.699944964803247e-05, 0.9994780033021118 0.0005219966978881949, 
44, 000000, 000000, 9.399866863623976e-05, 9.399866863623976e-05, 0.9994362851995586 0.0005634375890653762 2.772113760312398e-07, 
45, 000000, 000000, 0.0016175935133211639, 0.0016175935133211639, 0.994896303817424 0.0005019952611139125 0.004601536945573375 1.639758887745085e-07, 
46, 000000, 000000, 0.13841473800664655, 0.13841473800664655, 0.8333466234563225 0.00043776609084314065 0.0019930947742983272 0.015573552791634058 0.029403337333933792 0.05374328862800694 0.06550233692496123, 
47, 000000, 000000, 0.0007906982610926113, 0.0007906982610926113, 0.9973499106969113 0.0005561149846262804 0.002093848373457931 1.2594500450860884e-07, 
48, 000000, 000000, 9.086380942227424e-05, 9.086380942227424e-05, 0.9994548171434664 0.0005451828565336455, 
49, 000000, 000000, 0.00035618612776933963, 0.00035618612776933963, 0.9986708934636589 0.0005210963060662188 0.0008080102302749099, 
50, 000000, 000000, 8.80467668331982e-05, 8.80467668331982e-05, 0.9994717193990009 0.0005282806009991892, 
51, 000000, 000000, 8.809262806438637e-05, 8.809262806438637e-05, 0.9994714442316137 0.0005285557683863183, 
52, 000000, 000000, 8.618577179279381e-05, 8.618577179279381e-05, 0.9994828853692432 0.0005171146307567628, 
53, 000000, 000000, 8.442974750264954e-05, 8.442974750264954e-05, 0.9994936763877756 0.0005060687394329307 2.548727914832887e-07, 
54, 000000, 000000, 9.554733556316651e-05, 9.554733556316651e-05, 0.9994274426257639 0.0005718307350933367 7.266391428311665e-07, 
55, 000000, 000000, 8.435695301395392e-05, 8.435695301395392e-05, 0.9994938582819163 0.0005061417180837236, 
56, 000000, 000000, 9.212529098299339e-05, 9.212529098299339e-05, 0.9994476541457056 0.0005519399626909299 4.0589160351526166e-07, 
57, 000000, 000000, 8.534360741338517e-05, 8.534360741338517e-05, 0.9994879383555196 0.0005120616444803111, 
58, 000000, 000000, 0.21948383434521077, 0.21948383434521077, 0.7190193090917735 0.00035917871630499956 0.018836460572476243 0.025426283226331867 0.06271053941236827 0.09013947500293205 0.08350875397781303, 
59, 000000, 000000, 8.34328151606616e-05, 8.34328151606616e-05, 0.9994994171954851 0.0005005687180659041 1.4086449032738093e-08, 
60, 000000, 000000, 8.024812586549402e-05, 8.024812586549402e-05, 0.9995188507903091 0.00048080966418888776 3.3954550203822907e-07, 
61, 000000, 000000, 0.0003550243365263947, 0.0003550243365263947, 0.9986837620261886 0.0005023299284644405 0.0008139080453469638, 
62, 111000, 111111, 0.06668107071413903, 0.06668107071413903, 0.9126446542244142 0.0005079094620117616 0.004793125383717772 0.022527036511328802 0.004913275043734235 0.024925941902295974 0.029688057472497278, 
63, 000000, 000000, 8.231550618683325e-05, 8.231550618683325e-05, 0.9995063627780117 0.0004933814068554003 2.5581513279960264e-07, 
64, 000000, 000000, 9.003141263497562e-05, 9.003141263497562e-05, 0.9994598115241901 0.0005401884758098538, 
65, 000000, 000000, 9.022949957882444e-05, 9.022949957882444e-05, 0.999458623002527 0.0005413769974729467, 
66, 000000, 000000, 8.66837372143245e-05, 8.66837372143245e-05, 0.9994798975767141 0.000520102423285947, 
67, 000000, 000000, 8.534535187194593e-05, 8.534535187194593e-05, 0.9994879278887684 0.0005120721112316756, 
68, 000000, 000000, 8.573312600132579e-05, 8.573312600132579e-05, 0.9994856523033725 0.00051429663724721 5.105938037236531e-08, 
69, 000000, 000000, 8.299353649333008e-05, 8.299353649333008e-05, 0.99950203878104 0.0004979612189599805, 
70, 000000, 000000, 8.522952006461918e-05, 8.522952006461918e-05, 0.9994887685428956 0.0005110857938210643 1.4566328332537695e-07, 
71, 000000, 000000, 8.400336477604832e-05, 8.400336477604832e-05, 0.9994959798113436 0.00050402018865629, 
72, 000000, 000000, 8.735530955594711e-05, 8.735530955594711e-05, 0.9994758681426643 0.0005241318573356828, 
73, 000000, 000000, 8.745496537236392e-05, 8.745496537236392e-05, 0.9994753214050621 0.0005246273976415351 5.119729632423037e-08, 
74, 000000, 000000, 8.939226698397071e-05, 8.939226698397071e-05, 0.9994636463980962 0.0005363536019038244, 
75, 000000, 000000, 8.381990030752325e-05, 8.381990030752325e-05, 0.9994970805981549 0.0005029194018451395, 
76, 000000, 000000, 0.015435585989369333, 0.015435585989369333, 0.9771473649333499 0.000500598280998804 0.0018735737277480531 0.006169610942972841 0.002453180013197263 0.011089815292385872 0.000765856809347357, 
77, 000000, 000000, 8.662054586780417e-05, 8.662054586780417e-05, 0.9994802767247932 0.000519723275206825, 
78, 000000, 000000, 8.813110305953431e-05, 8.813110305953431e-05, 0.999471391944614 0.0005284294924146123 1.7856297129676454e-07, 
79, 000000, 000000, 8.154305664375817e-05, 8.154305664375817e-05, 0.9995107416601374 0.0004892583398625491, 
80, 000000, 000000, 8.84014647460713e-05, 8.84014647460713e-05, 0.9994695912115236 0.0005304087884764278, 
81, 000000, 000000, 8.44358293690276e-05, 8.44358293690276e-05, 0.9994934681309896 0.0005064487618064264 8.310720386959257e-08, 
82, 000000, 000000, 8.706291941900252e-05, 8.706291941900252e-05, 0.9994776318559859 0.0005223587715141352 9.372499939941223e-09, 
83, 000000, 000000, 8.411755911817858e-05, 8.411755911817858e-05, 0.9994954962878915 0.0005043020695077945 2.0164260063852581e-07, 
84, 000000, 000000, 8.664734778226092e-05, 8.664734778226092e-05, 0.9994801159133064 0.0005198840866935655, 
85, 000000, 000000, 8.629318237442891e-05, 8.629318237442891e-05, 0.9994822409057534 0.0005177590942465736, 
86, 000000, 000000, 9.008867866484112e-05, 9.008867866484112e-05, 0.9994595146574798 0.0005404386130512429 4.67294689019521e-08, 
87, 000000, 000000, 8.904466034305024e-05, 8.904466034305024e-05, 0.9994657320379418 0.0005342679620583016, 
88, 000000, 000000, 7.821303209683043e-05, 7.821303209683043e-05, 0.999530721807419 0.00046927819258098263, 
89, 000000, 000000, 0.03528538917513575, 0.03528538917513575, 0.9510650533175166 0.000533884812473228 0.0026118599588259342 0.010419148356063933 0.013794257426922262 0.00993452122438022 0.011641274903817913, 
90, 000000, 000000, 8.767824863083806e-05, 8.767824863083806e-05, 0.999473930508215 0.0005260694917850284, 
91, 000000, 000000, 8.812801996513108e-05, 8.812801996513108e-05, 0.9994712398047172 0.0005287522707747332 7.924508026668002e-09, 
92, 000000, 000000, 0.00036357744034981197, 0.00036357744034981197, 0.9986517366676045 0.0005152530600041575 0.0008328192350791748 1.9103731212161835e-07, 
93, 000000, 000000, 8.879187695416442e-05, 8.879187695416442e-05, 0.9994672487382749 0.0005327512617249866, 
94, 000000, 000000, 7.793321559498873e-05, 7.793321559498873e-05, 0.9995325710776107 0.00046725855120850036 1.7037118071601503e-07, 
95, 000000, 000000, 8.67005177505505e-05, 8.67005177505505e-05, 0.9994797968934968 0.0005202031065033029, 
96, 000000, 000000, 8.156226271635845e-05, 8.156226271635845e-05, 0.9995106264237019 0.0004893735762981508, 
97, 000000, 000000, 9.178129047920195e-05, 9.178129047920195e-05, 0.9994493122571249 0.0005506877428752117, 
98, 000000, 000000, 8.480236515744358e-05, 8.480236515744358e-05, 0.9994911858090554 0.0005088141909446616, 
99, 000000, 000000, 8.524068054078023e-05, 8.524068054078023e-05, 0.9994885559167553 0.0005114440832446814, 
100, 000000, 000000, 9.007759766305179e-05, 9.007759766305179e-05, 0.9994595344140217 0.0005404655859783108, 
run, initial grid state, final grid state, mean grid cell occupancy, mean binding site occupancy, fraction of time with N TFs bound, warning
1, 000000, 000000, 0.012661314179837171, 0.012661314179837171, 0.9803792924244665 0.0005095505584058855 0.003765571166983445 0.00171185484451152 0.005377027375047547 0.008256703630585102, 
2, 000000, 000000, 8.994390208092988e-05, 8.994390208092988e-05, 0.9994603365875144 0.0005396634124855793, 
3, 000000, 000000, 8.825934001744584e-05, 8.825934001744584e-05, 0.9994704439598953 0.000529556040104675, 
4, 000000, 000000, 0.0017417629140509098, 0.0017417629140509098, 0.9945152639628814 0.0005197577925874952 0.004964115041875498 8.63202655655997e-07, 
5, 000000, 000000, 8.629504340005368e-05, 8.629504340005368e-05, 0.9994822297395995 0.0005177702604003222, 
6, 000000, 000000, 9.044872319458329e-05, 9.044872319458329e-05, 0.9994573076608325 0.0005426923391674998, 
7, 000000, 000000, 0.00047011720689475896, 0.00047011720689475896, 0.9983300830590293 0.0005191306405728997 0.0011507863003978275, 
8, 000000, 000000, 8.342507214604253e-05, 8.342507214604253e-05, 0.9994994495671237 0.0005005504328762552, 
9, 000000, 000000, 9.175306414604563e-05, 9.175306414604563e-05, 0.9994494816151237 0.0005505183848762738, 
10, 000000, 000000, 9.020808523407554e-05, 9.020808523407554e-05, 0.9994591437368218 0.0005404640149517584 3.922482263474237e-07, 
11, 000000, 000000, 8.788042703540476e-05, 8.788042703540476e-05, 0.9994727174377876 0.0005272825622124286, 
12, 000000, 000000, 0.002391469668053155, 0.002391469668053155, 0.9938789687983625 0.0005395713275347091 0.0029450716435382475 0.0026264495285508744 9.938702013776414e-06, 
13, 000000, 000000, 8.327959166710209e-05, 8.327959166710209e-05, 0.9995003224499974 0.0004996775500026125, 
14, 000000, 000000, 0.02046906252072733, 0.02046906252072733, 0.9687746825108552 0.00045776353859182243 0.0011491596467062403 0.006682519543957823 0.01551956271415256 0.006565389470542611 0.0008509225751938137, 
15, 000000, 000000, 8.42210240560122e-05, 8.42210240560122e-05, 0.999494673855664 0.0005053261443360732, 
16, 000000, 000000, 0.0017998861176517984, 0.0017998861176517984, 0.9943355857619366 0.000530225034903317 0.005133475938472804 7.13264687288375e-07, 
17, 000000, 000000, 8.494114667423202e-05, 8.494114667423202e-05, 0.9994903531199546 0.0005096468800453921, 
18, 000000, 000000, 7.998406399757988e-05, 7.998406399757988e-05, 0.9995200956160144 0.0004799043839854793, 
19, 000000, 111000, 0.06545976805584576, 0.06545976805584576, 0.913618112751233 0.00048286214772912995 0.002510005834221921 0.011760518576332955 0.028166258944970424 0.02146430746305511 0.0219979342824576, 
20, 000000, 000000, 8.757711990173559e-05, 8.757711990173559e-05, 0.9994745372805897 0.0005254627194104136, 
21, 000000, 000000, 8.713789305266513e-05, 8.713789305266513e-05, 0.9994773686261333 0.0005224353894172176 1.9598444938659667e-07, 
22, 000000, 000000, 8.796684312956689e-05, 8.796684312956689e-05, 0.9994721989412226 0.0005278010587774013, 
23, 000000, 000000, 8.564046719184817e-05, 8.564046719184817e-05, 0.9994861571968489 0.0005138428031510891, 
24, 000000, 000000, 9.375430982841534e-05, 9.375430982841534e-05, 0.9994374741410296 0.0005625258589704921, 
25, 000000, 000000, 8.889805711988211e-05, 8.889805711988211e-05, 0.9994666116572806 0.0005333883427192926, 
26, 000000, 000000, 8.555972158562953e-05, 8.555972158562953e-05, 0.999487057806719 0.000512526057048119 4.1613623282916485e-07, 
27, 000000, 000000, 8.542875050740965e-05, 8.542875050740965e-05, 0.9994875690580315 0.0005122893808927652 1.4156107584635414e-07, 
28, 000000, 000000, 8.486210297095826e-05, 8.486210297095826e-05, 0.9994908273821743 0.0005091726178257494, 
29, 000000, 000000, 8.395896286629703e-05, 8.395896286629703e-05, 0.9994962462228022 0.0005037537771977821, 
30, 000000, 000000, 8.847141950679307e-05, 8.847141950679307e-05, 0.9994691714829592 0.0005308285170407585, 
31, 000000, 000000, 8.251624928471245e-05, 8.251624928471245e-05, 0.9995049025042917 0.0004950974957082748, 
32, 000000, 000000, 0.027399547345582843, 0.027399547345582843, 0.9621374904533049 0.0004915499173903395 0.001780757799155201 0.006691660207217988 0.009104379554234515 0.014913252692977982 0.004880909375719058, 
33, 000000, 000000, 8.410100442503723e-05, 8.410100442503723e-05, 0.9994956760655245 0.0005040418424008899 2.820920746667044e-07, 
34, 000000, 000000, 9.01916681094312e-05, 9.01916681094312e-05, 0.9994588499913434 0.0005411500086565873, 
35, 000000, 000000, 9.598816935134991e-05, 9.598816935134991e-05, 0.9994240709838919 0.0005759290161080995, 
36, 000000, 000000, 8.623953911484838e-05, 8.623953911484838e-05, 0.999482562765311 0.0005174372346890904, 
37, 000000, 000000, 9.16281174104629e-05, 9.16281174104629e-05, 0.9994502820658886 0.0005496671637599122 5.077035143261864e-08, 
38, 000000, 000000, 8.199970446306006e-05, 8.199970446306006e-05, 0.9995080017732216 0.0004919982267783603, 
39, 000000, 000000, 8.733161407125376e-05, 8.733161407125376e-05, 0.9994760103155725 0.0005239896844275227, 
40, 000000, 000000, 8.762208582803725e-05, 8.762208582803725e-05, 0.9994742674850318 0.0005257325149682234, 
41, 000000, 000000, 8.542107231374914e-05, 8.542107231374914e-05, 0.9994874735661176 0.0005125264338824948, 
42, 000000, 000000, 8.266435304724328e-05, 8.266435304724328e-05, 0.9995040753946655 0.0004958630923856615 6.151294889904203e-08, 
43, 000000, 000000, 8.4089664415809e-05, 8.4089664415809e-05, 0.9994954620135051 0.0005045379864948539, 
44, 000000, 000000, 8.428849889892016e-05, 8.428849889892016e-05, 0.9994942690066065 0.0005057309933935209, 
45, 000000, 000000, 8.887905198508047e-05, 8.887905198508047e-05, 0.9994668055245922 0.0005331146389052255 7.9836502628667e-08, 
46, 000000, 000000, 8.491104801265523e-05, 8.491104801265523e-05, 0.9994905337119241 0.0005094662880759315, 
47, 000000, 000000, 8.842445809184567e-05, 8.842445809184567e-05, 0.999469453251449 0.000530546748551074, 
48, 000000, 000000, 0.001066459804823073, 0.001066459804823073, 0.9967524309480552 0.0005080113593130353 0.0023279256082694728 0.000411632084362152, 
49, 000000, 000000, 0.17742181573989088, 0.17742181573989088, 0.7715480281913029 0.00040316924354604617 0.006662249653198661 0.02311976696657175 0.06511509161053124 0.07792660746153467 0.05522508687331471, 
50, 000000, 000000, 8.817653479458857e-05, 8.817653479458857e-05, 0.9994709407912324 0.0005290592087675316, 
51, 000000, 000000, 8.523734463118077e-05, 8.523734463118077e-05, 0.999488714046526 0.0005111478391609412 1.3811431307168232e-07, 
52, 000000, 000000, 8.313318266061411e-05, 8.313318266061411e-05, 0.9995012009040364 0.0004987990959636847, 
53, 000000, 000000, 0.00012374403054856513, 0.00012374403054856513, 0.9993683849424859 0.0005207659317366519 0.00011084912577736944, 
54, 000000, 000000, 8.940782272610189e-05, 8.940782272610189e-05, 0.9994635530636434 0.0005364469363566114, 
55, 000000, 000000, 0.16976558694210578, 0.16976558694210578, 0.7894111216734359 0.00039843652972636786 0.004061135419737242 0.029093049065009976 0.03802722779204056 0.06336942120005848 0.07563960831999153, 
56, 000000, 000000, 9.482195693442743e-05, 9.482195693442743e-05, 0.9994310682583935 0.0005689317416065645, 
57, 000000, 000000, 8.713935565089043e-05, 8.713935565089043e-05, 0.9994771638660946 0.0005228361339053427, 
58, 000000, 000000, 0.001699704113336063, 0.001699704113336063, 0.9946506329663276 0.0005023987739967145 0.004845078873007354 1.8893866683187938e-06, 
59, 000000, 000000, 8.903377772748003e-05, 8.903377772748003e-05, 0.999465797333635 0.0005342026663648802, 
60, 000000, 000000, 8.364050516841908e-05, 8.364050516841908e-05, 0.9994981569689895 0.0005018430310105143, 
61, 000000, 000000, 8.594924058795498e-05, 8.594924058795498e-05, 0.9994845993192972 0.0005151059178777282 2.947628250008537e-07, 
62, 000000, 000000, 9.480113646373567e-05, 9.480113646373567e-05, 0.9994311931812176 0.0005688068187824142, 
63, 000000, 000000, 8.914977219696496e-05, 8.914977219696496e-05, 0.9994657585618809 0.000533584243056288 6.571950627508617e-07, 
64, 000000, 000000, 8.608263900400327e-05, 8.608263900400327e-05, 0.9994835303514191 0.0005164434631376711 2.6185443174271353e-08, 
65, 000000, 000000, 8.518083396469294e-05, 8.518083396469294e-05, 0.9994889149962118 0.0005110850037881576, 
66, 000000, 000000, 0.00029996936336543656, 0.00029996936336543656, 0.9988297112517751 0.0005407613162574215 0.000629527431967599, 
67, 000000, 000000, 8.412763381900922e-05, 8.412763381900922e-05, 0.999495234197086 0.0005047658029140553, 
68, 000000, 000000, 8.442359579611632e-05, 8.442359579611632e-05, 0.9994934584252234 0.0005065415747766979, 
69, 000000, 000000, 0.002253957325816987, 0.002253957325816987, 0.9951776545726402 0.0005159480944665299 0.0005011157936225618 0.0032155618838927854 0.0005897196553779783, 
70, 000000, 011100, 0.05635527269047173, 0.05635527269047173, 0.9203854140960047 0.0004876869196288398 0.010583333829414163 0.004856043362389859 0.023913718480425106 0.03238854231732016 0.0073852609948170745, 
71, 000000, 000000, 8.515948970380029e-05, 8.515948970380029e-05, 0.9994893284885231 0.000510386084730837 2.8542674598239716e-07, 
72, 000000, 000000, 8.930288059480139e-05, 8.930288059480139e-05, 0.9994641827164311 0.0005358172835688084, 
73, 000000, 000000, 8.59342373306933e-05, 8.59342373306933e-05, 0.999484453839439 0.0005154868971378191 5.9263423170362193e-08, 
74, 000000, 000000, 0.0003377545863352113, 0.0003377545863352113, 0.9987459189573764 0.00048163456723587214 0.000772446475387698, 
75, 000000, 000000, 8.516266516952933e-05, 8.516266516952933e-05, 0.9994890240089829 0.000510975991017176, 
76, 000000, 000000, 9.241354549418793e-05, 9.241354549418793e-05, 0.9994455187270348 0.0005544812729651276, 
77, 000000, 000000, 9.567929407394941e-05, 9.567929407394941e-05, 0.9994259242355563 0.0005740757644436966, 
78, 000000, 000000, 8.870473306323966e-05, 8.870473306323966e-05, 0.9994677716016205 0.000532228398379438, 
79, 000000, 000000, 8.970669940311256e-05, 8.970669940311256e-05, 0.9994617598035813 0.0005382401964186754, 
80, 000000, 000000, 8.711281431562329e-05, 8.711281431562329e-05, 0.9994773231141063 0.0005226768858937398, 
81, 000000, 000000, 0.04476427268015402, 0.04476427268015402, 0.9360674609655706 0.0004925794548402596 0.005934955485545396 0.01667065058114795 0.013964134659500858 0.010866657846823816 0.016003561006571108, 
82, 000000, 000000, 8.64895777770784e-05, 8.64895777770784e-05, 0.9994810625333375 0.0005189374666624704, 
83, 000000, 000000, 8.92761273246994e-05, 8.92761273246994e-05, 0.9994644681787999 0.0005354068784520113 1.249427480924697e-07, 
84, 000000, 000000, 8.75555493127794e-05, 8.75555493127794e-05, 0.9994746667041233 0.0005253332958766765, 
85, 000000, 000000, 0.0003527702677923909, 0.0003527702677923909, 0.9986854507865641 0.0005124768201175163 0.0008020723933184146, 
86, 000000, 000000, 8.7424091283788e-05, 8.7424091283788e-05, 0.9994754554522973 0.0005245445477027281, 
87, 000000, 000000, 9.163028540604891e-05, 9.163028540604891e-05, 0.9994509960914029 0.0005482261047579709 7.778038391612824e-07, 
88, 000000, 000000, 8.909602230943922e-05, 8.909602230943922e-05, 0.9994655627814563 0.0005342983032306926 1.3891531297138757e-07, 
89, 000000, 000000, 8.997091120676179e-05, 8.997091120676179e-05, 0.9994601745327594 0.0005398254672405707, 
90, 000000, 000000, 8.421012166906704e-05, 8.421012166906704e-05, 0.9994947392699856 0.0005052607300144023, 
91, 000000, 000000, 8.621103016940279e-05, 8.621103016940279e-05, 0.9994830623265992 0.0005166091657854205 3.2850761549813404e-07, 
92, 000000, 000000, 8.855522361667141e-05, 8.855522361667141e-05, 0.9994686686583 0.0005313313417000285, 
93, 000000, 000000, 0.13884362636347333, 0.13884362636347333, 0.8155645895116674 0.00044079752025024153 0.007774777320759182 0.03962027399913356 0.046473826773655975 0.028439132320154506 0.06168660255437907, 
94, 000000, 000000, 8.56091686258998e-05, 8.56091686258998e-05, 0.9994863449882446 0.0005136550117553989, 
95, 000000, 000000, 8.64637489550945e-05, 8.64637489550945e-05, 0.9994814050645673 0.0005184073771349128 1.8755829782713025e-07, 
96, 000000, 000000, 8.764165482272405e-05, 8.764165482272405e-05, 0.9994741500710637 0.0005258499289363444, 
97, 000000, 000000, 8.290723493276099e-05, 8.290723493276099e-05, 0.9995025565904034 0.0004974434095965661, 
98, 000000, 000000, 8.978314475059843e-05, 8.978314475059843e-05, 0.9994613011314964 0.0005386988685035907, 
99, 000000, 000000, 0.00022848840792656403, 0.00022848840792656403, 0.9990442300800764 0.0005408543342038838 0.00041467064380373267 2.4494191601162863e-07, 
100, 000000, 000000, 8.801234377983386e-05, 8.801234377983386e-05, 0.9994719259373209 0.0005280740626790032, 
run, initial grid state, final grid state, mean grid cell occupancy, mean binding site occupancy, fraction of time with N TFs bound, warning
1, 000000, 000000, 8.339302176139675e-05, 8.339302176139675e-05, 0.999500132788652 0.0004993762921275342 4.909192204231623e-07, 
2, 000000, 000000, 8.461108987413146e-05, 8.461108987413146e-05, 0.9994923334607553 0.0005076665392447888, 
3, 000000, 000000, 8.572254425301581e-05, 8.572254425301581e-05, 0.9994857305908763 0.0005142035527293541 6.585639437039692e-08, 
4, 000000, 000000, 8.783126601205434e-05, 8.783126601205434e-05, 0.9994732454007581 0.0005265216024113538 2.3299683048611594e-07, 
5, 000000, 000000, 8.364467307466878e-05, 8.364467307466878e-05, 0.999498131961552 0.0005018680384480128, 
6, 000000, 000000, 8.548661350834393e-05, 8.548661350834393e-05, 0.99948708031895 0.0005129196810500636, 
7, 000000, 000000, 8.967026439111343e-05, 8.967026439111343e-05, 0.9994619805810961 0.0005380172514609472 2.1674428667340956e-09, 
8, 000000, 000000, 9.19219424818575e-05, 9.19219424818575e-05, 0.9994489299491542 0.0005506084468001131 4.6160404551596865e-07, 
9, 000000, 000000, 9.183571008376892e-05, 9.183571008376892e-05, 0.9994489857394974 0.0005510142605026135, 
