run, initial grid state, final grid state, mean grid cell occupancy, mean binding site occupancy, fraction of time with N TFs bound, warning
1, 1111111100, 0111111110, 0.7271513011542992, 0.968124321639624, 0.0 0.0 0.0 0.003173367551410368 0.023896084231929775 0.13394179904416595 0.838988749172494, 
2, 0111111100, 0111111111, 0.7515438280225258, 0.9835652345372233, 0.0 0.0 0.0 0.0 0.003615788180126803 0.09137701641640705 0.9050071954034661, 
3, 0000000000, 0000000000, 3.5323066359726874e-06, 5.462664722299871e-06, 0.9999672240116662 3.277598833379923e-05, 
4, 0000000000, 0000000000, 3.5205728072915533e-06, 5.481989484047088e-06, 0.9999671080630957 3.289193690428252e-05, 
5, 0000000000, 0000000000, 3.5648198344190224e-06, 5.532214151666535e-06, 0.99996680671509 3.319328490999921e-05, 
6, 0000000000, 0000000000, 3.437686765309506e-06, 5.32847974190639e-06, 0.9999680291215486 3.197087845143834e-05, 
7, 0000000000, 0000000000, 3.5481336241101007e-06, 5.485962714302579e-06, 0.9999670842237142 3.291577628581548e-05, 
8, 0000000000, 0000000000, 3.598614538108115e-06, 5.594302092309816e-06, 0.9999664341874462 3.35658125538589e-05, 
9, 0000000000, 0000000000, 3.461143208177918e-06, 5.350714425270404e-06, 0.9999678957134484 3.2104286551622426e-05, 
10, 0000000000, 0000000000, 3.5684609972546237e-06, 5.5689649208595955e-06, 0.9999665862104749 3.341378952515757e-05, 
11, 0000000000, 0000000000, 3.4774319552049256e-06, 5.399829586876104e-06, 0.9999676010224787 3.2398977521256625e-05, 
12, 0111111100, 1111111111, 0.733610299988579, 0.9669150224648145, 0.0 0.0 0.00047713155482706563 0.002673068105294988 0.03860841859672015 0.11136529748247934 0.8468760842606784, 
13, 0000000000, 0000000000, 3.5045156562556122e-06, 5.442279806372012e-06, 0.9999673463211618 3.2653678838232074e-05, 
14, 0000000000, 0000000000, 3.449714932825907e-06, 5.345741220132668e-06, 0.9999679255526791 3.207444732079601e-05, 
15, 0000000000, 0000000000, 3.4645822560634807e-06, 5.374568163187359e-06, 0.999967780569445 3.2191452130888797e-05 2.7978424117678685e-08, 
16, 0011111110, 1111111111, 0.731052714730042, 0.9751808289687444, 0.0 0.0 0.0 0.0024071413985889295 0.01724844463493035 0.10719671272190637 0.8731477012445744, 
17, 0011111110, 0011111111, 0.7351515651492115, 0.9734167832571297, 0.0 0.0 0.0 0.004003379188082445 0.02325836422094169 0.10097243445109183 0.8717658221398841, 
18, 0000000000, 0000000000, 3.52958488159884e-06, 5.485002611664276e-06, 0.99996708998433 3.291001566998566e-05, 
19, 0000000000, 0000000000, 3.5040922836346328e-06, 5.425467473975007e-06, 0.9999674471951562 3.2552804843850043e-05, 
20, 0000000000, 0000000000, 3.4244403919238994e-06, 5.3054911417845865e-06, 0.9999681670531492 3.1832946850707516e-05, 
21, 0000000000, 0000000000, 3.6270661492617797e-06, 5.629113542361827e-06, 0.9999662253187458 3.377468125417097e-05, 
22, 0000000000, 0000000000, 3.5654224441649075e-06, 5.558652713379031e-06, 0.9999666480837196 3.335191628027419e-05, 
23, 0000000000, 0000000000, 3.5729478078093934e-06, 5.528226765405455e-06, 0.9999668306394076 3.3169360592432724e-05, 
24, 0000000000, 0000000000, 3.3415288880401827e-06, 5.1516255977900415e-06, 0.9999690902464132 3.090975358674025e-05, 
25, 0000000000, 0000000000, 3.444473213400331e-06, 5.3485802195130956e-06, 0.9999679085186829 3.2091481317078575e-05, 
26, 0000000000, 0000000000, 3.514925940914125e-06, 5.444382209979867e-06, 0.9999673337067402 3.2666293259879205e-05, 
27, 0000000000, 0000000000, 3.504823998362696e-06, 5.434134512162731e-06, 0.9999673951929271 3.260480707297639e-05, 
28, 0111111100, 0111111111, 0.7295582820193269, 0.9633230693780551, 0.0 0.0 0.0 0.006815747007988705 0.037548028230473866 0.12451828624675533 0.831117938514782, 
29, 0111111110, 1111111110, 0.7404885452922957, 0.97112465542016, 0.0 0.0 0.0 0.008605297962732883 0.022526336885645145 0.1023834998195503 0.8664848653320717, 
30, 0111111100, 0011111100, 0.7312494537392005, 0.9676581779688449, 0.0 0.0 0.0 0.0032124781766964846 0.03139676370597476 0.12161997024489177 0.843770787872437, 
31, 0000000000, 0000000000, 3.4893830051357252e-06, 5.396340896730211e-06, 0.9999676219546196 3.2378045380381264e-05, 
32, 0000000000, 0000000000, 3.4896520159920796e-06, 5.413716117081865e-06, 0.9999675215489333 3.247460543090228e-05 3.8456357944579344e-09, 
33, 0000000000, 0000000000, 3.5015589178548274e-06, 5.427751310295782e-06, 0.9999674334921382 3.2566507861774695e-05, 
34, 0000000000, 0000000000, 3.464728707901995e-06, 5.360882718682089e-06, 0.9999678347036879 3.2165296312092546e-05, 
35, 0000000000, 0000000000, 3.6761121758196493e-06, 5.716840334545089e-06, 0.9999656989579927 3.4301042007270535e-05, 
36, 0111111110, 0011111100, 0.7351995045084321, 0.9750468884885177, 0.0 0.0 0.00104782911584593 0.005955938921479838 0.02346239938819363 0.08073473706468354 0.8887990955097971, 
37, 0000000000, 0000000000, 3.481442021020189e-06, 5.381840294172103e-06, 0.999967708958235 3.229104176503262e-05, 
38, 0000000000, 0000000000, 3.4978548117418176e-06, 5.41867468399277e-06, 0.999967487951896 3.251204810395662e-05, 
39, 0111111100, 1111111111, 0.7374199577329796, 0.977695386811741, 0.0 0.0 0.00027088741297171226 0.0015371258303855146 0.014022958562230072 0.10008683486205071 0.8840821933323619, 
40, 0111111110, 0011111111, 0.7326674204961509, 0.9717583847338049, 0.0 0.0 0.0 0.0008445436784679264 0.015191998500992395 0.13653206355978129 0.8474313942607583, 
41, 0000000000, 0000000000, 3.487470802049391e-06, 5.400078819435327e-06, 0.9999675995270834 3.2400472916611967e-05, 
42, 0011111100, 0000000000, 0.6653232384319676, 0.880650526903898, 0.09163214015335025 2.745491644654955e-06 0.0010863129387068747 0.004145114264162555 0.01773100910384728 0.11404765744327694 0.7713550206050115, 
43, 0000000000, 0000000000, 3.5759151474972036e-06, 5.524388295172963e-06, 0.999966853670229 3.314632977103778e-05, 
44, 0000000000, 0000000000, 3.4545302756438386e-06, 5.345988060150198e-06, 0.9999679240716391 3.2075928360901195e-05, 
45, 0000000000, 0000000000, 3.646860920546044e-06, 5.6666002736527224e-06, 0.999966000398358 3.399960164191633e-05, 
46, 0000000000, 0000000000, 3.476399888830038e-06, 5.396549145765084e-06, 0.9999676207051255 3.237929487459051e-05, 
47, 0000000000, 0000000000, 3.5048652348281505e-06, 5.407697030829767e-06, 0.999967553817815 3.2446182184978604e-05, 
48, 0000000000, 0000000000, 3.483176764442048e-06, 5.388657812402594e-06, 0.9999676680531256 3.2331946874415565e-05, 
49, 0000000000, 0000000000, 3.4024112412852716e-06, 5.2464760424597904e-06, 0.9999685211437452 3.1478856254758746e-05, 
50, 0000000000, 0000000000, 3.479657327418198e-06, 5.397017741682902e-06, 0.9999676178935499 3.238210645009741e-05, 
51, 0000000000, 0000000000, 3.4967012635346188e-06, 5.4135706723554104e-06, 0.9999675185759659 3.248142403413246e-05, 
52, 0000000000, 0000000000, 3.5141309642758206e-06, 5.458574240026728e-06, 0.9999672523098588 3.2743934842341e-05 3.75529890968686e-09, 
53, 0111111111, 0001111110, 0.7228447512082278, 0.9652510441258908, 0.0 0.00032483751103105994 0.0033691354439131416 0.008808153261486035 0.018452666388879397 0.13006321335163049 0.83898199404306, 
54, 0000000000, 0000000000, 3.5303346540049636e-06, 5.469436991919137e-06, 0.9999671833780484 3.281662195151483e-05, 
55, 0111111110, 0011111111, 0.7199524590453283, 0.9697740685299847, 0.0 0.0 0.0 0.002893560030481361 0.02175435027498663 0.1291662081786743 0.8461858815158577, 
56, 0011111100, 0000000000, 0.3505292772090673, 0.47285219070374557, 0.5155514073906632 1.666049847494988e-05 0.00020920147800019808 0.00042842271288877435 0.010914932839830272 0.04554316921084456 0.42733620586929805, 
57, 0000000000, 0000000000, 3.4721327264188075e-06, 5.40452273655801e-06, 0.9999675728635807 3.242713641934806e-05, 
58, 0000000000, 0000000000, 3.610525034854009e-06, 5.603620245116319e-06, 0.9999663782785293 3.362172147069792e-05, 
59, 0000000000, 0000000000, 3.3433099402479235e-06, 5.184149979128241e-06, 0.9999688951001251 3.1104899874769446e-05, 
60, 0000000000, 0000000000, 3.5531929151022004e-06, 5.530161695393958e-06, 0.9999668190298276 3.318097017236375e-05, 
61, 0000000000, 0000000000, 3.4682692126379543e-06, 5.366253503804075e-06, 0.9999678024789772 3.219752102282445e-05, 
62, 0000000000, 0000000000, 3.394219961154928e-06, 5.247700858812146e-06, 0.9999685137948472 3.148620515287288e-05, 
63, 0111111111, 0111111100, 0.7287158838622751, 0.9702981378902523, 0.0 0.0 0.0 0.005828071167354867 0.014696270618519872 0.13133441791938197 0.8481412402947432, 
64, 0000000000, 0000000000, 3.3744254384851415e-06, 5.208823437184069e-06, 0.9999687470593769 3.1252940623104415e-05, 
65, 0000000000, 0000000000, 3.6083242441471606e-06, 5.629681228296304e-06, 0.9999662219126302 3.377808736977782e-05, 
66, 1111111111, 0000000000, 0.5865459663830136, 0.7672061074289918, 0.20596387246405373 6.56902154184523e-06 0.0005283545288292566 0.007085310728372505 0.014642164641400375 0.10829359595078263 0.6634801326650196, 
67, 0000000000, 0000000000, 3.483088585594561e-06, 5.376267082369202e-06, 0.9999677423975057 3.225760249421521e-05, 
68, 0000000000, 0000000000, 3.516520143219724e-06, 5.4595826200722335e-06, 0.9999672425042796 3.27574957204334e-05, 
69, 0000000000, 0000000000, 3.4378463868837843e-06, 5.335648267252799e-06, 0.999967990114717 3.200588096245547e-05 4.004320530664352e-09, 
70, 0000000000, 0000000000, 3.498497129392274e-06, 5.416702014523832e-06, 0.9999674997879128 3.2500212087143e-05, 
71, 0000000000, 0000000000, 3.4551387454260262e-06, 5.3459023415725475e-06, 0.9999679245859506 3.207541404943528e-05, 
72, 0111111100, 0011111000, 0.7344582942924445, 0.96464020812534, 0.0 0.0002590094677111648 0.0038404047044406048 0.007004083668810753 0.037184469426980726 0.10012089523124817 0.8515911375008086, 
73, 0000000000, 0000000000, 3.495976826765614e-06, 5.4339436626307735e-06, 0.9999673963380241 3.2603661975784646e-05, 
74, 0000000000, 0000000000, 3.4279241801230513e-06, 5.326594200597757e-06, 0.9999680404347964 3.1959565203586546e-05, 
75, 0000000000, 0000000000, 3.4506400264616437e-06, 5.346346651232331e-06, 0.9999679368193058 3.2048281480765876e-05 1.4899213314056394e-08, 
76, 1111111110, 1111111111, 0.7275419901744731, 0.9756334376099774, 0.0 0.0 0.0 0.002766334589191902 0.019376268180045286 0.09914783421246817 0.8787095630182946, 
77, 0000000000, 0000000000, 3.5228116715601933e-06, 5.471925237024708e-06, 0.9999671684485778 3.283155142214825e-05, 
78, 0011111111, 0111111110, 0.7132538421228969, 0.9648953587456741, 0.0 0.0 0.0 0.009377175466563204 0.01613766167831627 0.15022099776963366 0.8242641650854868, 
79, 0000000000, 0000000000, 3.3590305229331833e-06, 5.203531629119799e-06, 0.9999687788102253 3.122118977471879e-05, 
80, 0000000000, 0000000000, 3.513751923093993e-06, 5.44027891891611e-06, 0.9999673583264865 3.264167351349667e-05, 
81, 1111111100, 0111111100, 0.7372752466909767, 0.974349920935836, 0.0 0.0 0.0 0.0031812448048121585 0.017890264163631278 0.10857621164328578 0.8703522793882708, 
82, 0000000000, 0000000000, 3.4540446223776862e-06, 5.358311546933273e-06, 0.9999678501307184 3.214986928159964e-05, 
83, 0000000000, 0000000000, 3.3969852888569926e-06, 5.271035836041993e-06, 0.9999683737849837 3.162621501625197e-05, 
84, 0000000000, 0000000000, 3.4036768171950744e-06, 5.264637242518928e-06, 0.9999684121765449 3.158782345511357e-05, 
85, 0000000000, 0000000000, 3.4378501995911134e-06, 5.306370804916424e-06, 0.9999681617751706 3.183822482949854e-05, 
86, 0000000000, 0000000000, 3.520759117348529e-06, 5.46755596698306e-06, 0.9999671988864774 3.279689124311897e-05 4.2222793896992996e-09, 
87, 0000000000, 0000000000, 3.484501294265195e-06, 5.4137348332187335e-06, 0.9999675175910008 3.2482408999312396e-05, 
88, 0011111110, 0111111110, 0.7420311906414181, 0.9763671490317274, 0.0 0.0 0.0 0.007102112503359203 0.010014586359132265 0.1004615955812939 0.8824217055562147, 
89, 0000000000, 0000000000, 3.3239730070748314e-06, 5.125400567048589e-06, 0.9999692475965977 3.075240340229154e-05, 
90, 0000000000, 0000000000, 3.5188327291501503e-06, 5.458479374528726e-06, 0.9999672491237528 3.275087624717236e-05, 
91, 0000000000, 0000000000, 3.4252515509377085e-06, 5.306781734356125e-06, 0.9999681593095938 3.1840690406136754e-05, 
92, 0000000000, 0000000000, 3.5927655987323977e-06, 5.562487649542079e-06, 0.9999666250741027 3.337492589725247e-05, 
93, 0000000000, 0000000000, 3.4800521160847608e-06, 5.391635495463297e-06, 0.9999676501870273 3.234981297277978e-05, 
94, 0000000000, 0000000000, 3.450478157618447e-06, 5.3387338360873805e-06, 0.9999679675969835 3.203240301652429e-05, 
95, 0111111111, 0000000000, 0.12398206855352135, 0.16170266740156514, 0.8340961130311457 2.6418344606047582e-05 0.000320086880386046 0.0010129378755684409 0.0013538382897558096 0.018048387952943522 0.14514221762559443, 
96, 0000000000, 0000000000, 3.421228529067496e-06, 5.286349951103653e-06, 0.9999682819002934 3.171809970662192e-05, 
97, 0000000000, 0000000000, 3.595102439919104e-06, 5.576539707236696e-06, 0.9999665407617565 3.345923824342017e-05, 
98, 0000000000, 0000000000, 3.4392854816143378e-06, 5.335152420203854e-06, 0.9999679890854788 3.201091452122312e-05, 
99, 0000000000, 0000000000, 3.383950372783864e-06, 5.245799887646262e-06, 0.999968525200674 3.147479932587758e-05, 
100, 0000000000, 0000000000, 3.457058441353134e-06, 5.351551711814713e-06, 0.9999678906897291 3.210931027088828e-05, 
run, initial grid state, final grid state, mean grid cell occupancy, mean binding site occupancy, fraction of time with N TFs bound, warning
1, 0000000000, 0000000000, 3.519953948467242e-06, 5.427932069911731e-06, 0.9999674324075806 3.256759241947039e-05, 
2, 0000000000, 0000000000, 3.423828368049675e-06, 5.293848162558618e-06, 0.9999682369110245 3.1763088975351705e-05, 
3, 0000000000, 0000000000, 3.4561894719769755e-06, 5.350955402510118e-06, 0.9999678942675849 3.210573241506071e-05, 
4, 0000000000, 0000000000, 3.42448545266929e-06, 5.295535545505585e-06, 0.999968226786727 3.1773213273033506e-05, 
5, 0000000000, 0000000000, 3.4841040936522333e-06, 5.411325597392035e-06, 0.9999675320464155 3.2467953584352214e-05, 
6, 0000000000, 0000000000, 3.361645982777445e-06, 5.204142093917036e-06, 0.9999687751474364 3.1224852563502216e-05, 
7, 0111111110, 0011111111, 0.7257289016367028, 0.9748797379190324, 0.0 0.0 0.0 0.0004382335676905938 0.011426763095650232 0.12655334559143389 0.8615816577452252, 
8, 0111111100, 0011111111, 0.7409545189195821, 0.9708664866052457, 0.0 0.0 0.0013014385182148216 0.003915687010287458 0.028963156417188628 0.09992195243042706 0.8658977656238821, 
9, 0000000000, 0000000000, 3.5711445067827252e-06, 5.555261287603707e-06, 0.9999666684322744 3.333156772562225e-05, 
10, 0000000000, 0000000000, 3.479585636207013e-06, 5.402261768076826e-06, 0.99996758845151 3.240952637132412e-05 2.0221185684204098e-09, 
11, 0000000000, 0000000000, 3.4694680181688406e-06, 5.3561447911392215e-06, 0.9999678631312532 3.213686874683533e-05, 
12, 1111111100, 0000000000, 0.7152610821487501, 0.9394654366808975, 0.03063800585459141 1.1129004261607214e-06 0.00030447004803998127 0.0006075641497940676 0.029234817940007957 0.11786357176337713 0.8213504573437633, 
13, 0000000000, 0000000000, 3.4847238417620487e-06, 5.4106351597278026e-06, 0.9999675361890416 3.2463810958366815e-05, 
14, 0000000000, 0000000000, 3.5051749932545823e-06, 5.431559666052352e-06, 0.9999674106420037 3.2589357996314114e-05, 
15, 0001111111, 0011111111, 0.7249775561738845, 0.9663628693242386, 0.0 0.0 0.0 0.0 0.031507561189112535 0.13880766167634323 0.8296847771345441, 
16, 1111111100, 0111111100, 0.7287673469742474, 0.9718606431957348, 0.0 0.0 0.0 0.0036423696599773986 0.023432685366965276 0.11104366111172839 0.8618812838613289, 
17, 0000000000, 0000000000, 3.649360362818837e-06, 5.655118921405205e-06, 0.9999660692864716 3.393071352843124e-05, 
18, 0001111111, 0011111100, 0.7249930465508113, 0.9659386895829459, 0.0 0.0 0.0 0.00917106185452569 0.040254871239131955 0.09634493446048319 0.8542291324458592, 
19, 0000000000, 0000000000, 3.503714369460539e-06, 5.438495346009024e-06, 0.9999673690279239 3.263097207605414e-05, 
20, 0000000000, 0000000000, 3.4894466788710473e-06, 5.405728813822658e-06, 0.9999675656271171 3.243437288293595e-05, 
21, 0011111111, 0111111110, 0.7325371234771864, 0.9721243976806918, 0.0 0.0 0.0006509256980400993 0.003410684216210785 0.028048067401024526 0.09832172367300786 0.8695685990117168, 
22, 0000000000, 0000000000, 3.356767909917201e-06, 5.1802887258120656e-06, 0.9999689182676451 3.1081732354872393e-05, 
23, 0011111100, 0011111000, 0.7232913667607057, 0.9661686468605045, 0.0 0.0 0.001111206907161985 0.006056410903703484 0.026029297027336383 0.12831546444254174 0.8384876207192564, 
24, 0000000000, 0000000000, 3.4818553783323454e-06, 5.381359385981161e-06, 0.9999677118436842 3.2288156315886965e-05, 
25, 0000000000, 0000000000, 3.5120033903912405e-06, 5.432153146588362e-06, 0.9999674070811204 3.259291887953018e-05, 
26, 0111111100, 0011111111, 0.7383762561905747, 0.9738513836844046, 0.0 0.0 0.0 0.007138513296174435 0.010178445311028956 0.11511926738299173 0.8675637740098049, 
27, 0000000000, 0000000000, 3.4730941225897097e-06, 5.383719652406889e-06, 0.9999676976820856 3.230231791444134e-05, 
28, 0000000000, 0000000000, 3.520239308547769e-06, 5.47686014830708e-06, 0.99996713883911 3.286116088984248e-05, 
29, 0011111111, 0111111110, 0.7366712263407889, 0.9727776537436994, 0.0 0.0 0.0 0.0034476502695650144 0.020839834480090677 0.11131145776892737 0.8644010574814168, 
30, 0000000000, 0000000000, 3.492647897130018e-06, 5.4228763828536e-06, 0.9999674627417029 3.2537258297121603e-05, 
31, 0000000000, 0000000000, 3.58498700499712e-06, 5.5487727248422115e-06, 0.9999667092371882 3.32888892743357e-05 1.87353735878354e-09, 
32, 0000000000, 0000000000, 3.517890293846639e-06, 5.470697190951765e-06, 0.9999671758168543 3.2824183145710595e-05, 
33, 0011111100, 0011111100, 0.7323781768313156, 0.9761725568821705, 0.0 0.0 0.0 0.0017552399337362105 0.025504010722161286 0.0866909174614457 0.8860498318826567, 
34, 0000000000, 0011111000, 0.16448789139540002, 0.21858315484043597, 0.7732363214419617 2.5236640897305844e-05 0.00013576256824379874 0.004915273349172501 0.0032978727476293697 0.027072343285376114 0.19131718996671923, 
35, 0000000000, 0000000000, 3.5210198523921206e-06, 5.4545540984395605e-06, 0.9999672726754094 3.272732459063737e-05, 
36, 0000000000, 0000000000, 3.4888684339490135e-06, 5.418854074669591e-06, 0.999967486875552 3.251312444801755e-05, 
37, 0000000000, 0000000000, 3.647264996315244e-06, 5.705263604871241e-06, 0.9999657684183708 3.423158162922745e-05, 
38, 0000000000, 0000000000, 3.4795550465169818e-06, 5.374315216625038e-06, 0.9999677541087003 3.224589129975022e-05, 
39, 0000000000, 0000000000, 3.4727497977485848e-06, 5.3828609924265706e-06, 0.9999677028340455 3.229716595455943e-05, 
40, 0000000000, 0000000000, 3.5283862953351382e-06, 5.462270882268238e-06, 0.9999672263747064 3.2773625293609425e-05, 
41, 0011111111, 0011111110, 0.7366982590689011, 0.9727005595773605, 0.0 0.0 0.0 0.0030455998593417375 0.021918631415805013 0.11082258012620136 0.8642131885986519, 
42, 0111111111, 1111111100, 0.7379836468281518, 0.977268120822908, 0.0 0.0 0.0 6.853363539241608e-05 0.012941785459573155 0.11030210323722815 0.8766875776678063, 
43, 0000000000, 0000000000, 3.4648681732309212e-06, 5.3502946075578e-06, 0.9999678982323547 3.210176764534681e-05, 
44, 0001111110, 0011111111, 0.7414633407789527, 0.9823555076852221, 0.0 0.0 0.0 0.0 0.008557729531299244 0.08875149482606876 0.902690775642632, 
45, 1111111110, 0011111100, 0.7253167034171563, 0.9729290730929622, 0.0 0.0 0.0 0.005144318654906125 0.03026132632537078 0.08646995282676674 0.8781244021929564, 
46, 0000000000, 0000000000, 3.5430537340734014e-06, 5.4790628778120485e-06, 0.999967125622733 3.2874377266872294e-05, 
47, 0000000000, 0000000000, 3.4224438105903205e-06, 5.292867628787292e-06, 0.9999682427942272 3.175720577272376e-05, 
48, 0000000000, 0000000000, 3.477170274506848e-06, 5.3839885208210116e-06, 0.9999676960688751 3.230393112492607e-05, 
49, 0000000000, 0000000000, 3.3197835952390313e-06, 5.12835366346396e-06, 0.9999692298780193 3.077012198078376e-05, 
50, 0000000000, 0000000000, 3.508117062834483e-06, 5.424640793347874e-06, 0.99996745215524 3.2547844760087245e-05, 
51, 0000000000, 0000000000, 3.513554821823036e-06, 5.45394544304378e-06, 0.999967276353614 3.2723620113873227e-05 2.6272194726126532e-11, 
52, 0000000000, 0000000000, 3.4943913733013653e-06, 5.413827497116058e-06, 0.9999675170350174 3.248296498269635e-05, 
53, 0000000000, 0000000000, 3.493396284561931e-06, 5.4114610138586395e-06, 0.9999675312339168 3.246876608315184e-05, 
54, 0000000000, 0000000000, 3.584208937783218e-06, 5.561509913920151e-06, 0.9999666374096176 3.3356121281298715e-05 6.469101111094156e-09, 
55, 0000000000, 0000000000, 3.5523682488592676e-06, 5.5082800156607216e-06, 0.999966950319906 3.3049680093964335e-05, 
56, 1111111111, 1111111110, 0.7363490004139849, 0.9699288394556475, 0.0 0.0 7.278847991988772e-05 0.0066783192629703446 0.02244533798740107 0.1152101755827225 0.8555933786869862, 
57, 0000000000, 0000000000, 3.4327788483110147e-06, 5.310016824879529e-06, 0.9999681398990508 3.186010094927718e-05, 
58, 1111111111, 0011111100, 0.7313077366084078, 0.9689868547953963, 0.0 0.0 0.0 0.005551913686204098 0.026613923428299963 0.11619528331241023 0.8516388795730858, 
59, 0000000000, 0000000000, 3.365674031353511e-06, 5.219742304820174e-06, 0.9999686815461711 3.131845382892105e-05, 
60, 0000000000, 0000000000, 3.439187392489283e-06, 5.305128019515378e-06, 0.9999681692318829 3.1830768117092275e-05, 
61, 0000000000, 0000000000, 3.347058355139904e-06, 5.174688328077678e-06, 0.9999689518700314 3.104812996846607e-05, 
62, 0000000000, 0000000000, 3.4941356024602213e-06, 5.422249690661852e-06, 0.9999674665018561 3.2533498143971116e-05, 
63, 0011111111, 1111111110, 0.7314134050112567, 0.9742479301652385, 0.0 0.0 0.0 0.0017452760118894348 0.015996323277144373 0.11728394441861273 0.8649744562923535, 
64, 1111111111, 0011111111, 0.7236821187254369, 0.9764896078517972, 0.0 0.0 0.0 0.0022008748532992314 0.01704165618143185 0.1003764159664562 0.8803810529988126, 
65, 0000000000, 0000000000, 3.4736066570899117e-06, 5.373759089444453e-06, 0.9999677574454633 3.2242554536666715e-05, 
66, 0000000000, 0000000000, 3.427967053714674e-06, 5.287403311548599e-06, 0.9999682755801307 3.1724419869291593e-05, 
67, 0000000000, 0000000000, 3.3786714429137227e-06, 5.213341954870681e-06, 0.9999687199482707 3.1280051729224086e-05, 
68, 0000000000, 0000000000, 3.328986683786397e-06, 5.141527197212876e-06, 0.9999691508368167 3.084916318327726e-05, 
69, 0111111100, 0111111110, 0.7353929660351198, 0.973717930769414, 0.0 0.0 0.0 0.0015719998151601778 0.02097544766250081 0.11102552061303415 0.8664270319093049, 
70, 0000000000, 0000000000, 3.651606895358012e-06, 5.686452402706705e-06, 0.9999658812855837 3.411871441624023e-05, 
71, 0000000000, 0000000000, 3.5729283303693756e-06, 5.554422454042378e-06, 0.9999666734652758 3.332653472425427e-05, 
72, 0000000000, 0000000000, 3.4720505774241093e-06, 5.372761451934361e-06, 0.9999677634312883 3.223656871160616e-05, 
73, 0000000000, 0000000000, 3.369057742950426e-06, 5.215060749721945e-06, 0.9999687096355017 3.129036449833167e-05, 
74, 0000000000, 0000000000, 3.5282090430924217e-06, 5.4635998880235874e-06, 0.9999672184006719 3.278159932814153e-05, 
75, 0000000000, 0000000000, 3.4824963730713917e-06, 5.377905146411209e-06, 0.9999677325691215 3.226743087846726e-05, 
76, 0111111100, 0011111100, 0.7224486968086354, 0.9727425162257385, 0.0 0.0 0.0 0.0021772565253837333 0.021329018795818437 0.11435509547778076 0.862138629201017, 
77, 1111111100, 0011111100, 0.7207279311176925, 0.9686938033464105, 0.0 0.0 0.0008524742707261584 0.004608203307230699 0.02765300302392159 0.11529666686909702 0.8515896525290245, 
78, 0000000000, 0000000000, 3.5505025194898036e-06, 5.514425651078206e-06, 0.9999669134460936 3.3086553906469236e-05, 
79, 0000000000, 0000000000, 3.542404748907806e-06, 5.5157025298488496e-06, 0.9999669057848208 3.30942151790931e-05, 
80, 0000000000, 0000000000, 3.5033689071819013e-06, 5.421143169684976e-06, 0.9999674731409819 3.252685901810986e-05, 
81, 0000000000, 0000000000, 3.4308131039755334e-06, 5.310931880857114e-06, 0.9999681344087148 3.186559128514269e-05, 
82, 1111111100, 1111111100, 0.7310813534893503, 0.9763092236970144, 0.0 0.0 0.0 0.0036668982015006877 0.01617564951581586 0.09879266418177982 0.8813647881009036, 
83, 0000000000, 0000000000, 3.5397522188912164e-06, 5.481746220965204e-06, 0.9999671095226742 3.289047732579122e-05, 
84, 0000000000, 0000000000, 3.413253239587863e-06, 5.281355482970468e-06, 0.9999683118671021 3.1688132897822805e-05, 
85, 0011111110, 0011111110, 0.7338058294563994, 0.9756796677115571, 0.0 0.0 0.0 0.0 0.014278141530015533 0.11736571067062657 0.8683561477993579, 
86, 0000000000, 0000000000, 3.5841136953324252e-06, 5.546389868535204e-06, 0.9999667216607887 3.3278339211211226e-05, 
87, 0000000000, 0000000000, 3.5068012237883708e-06, 5.409201305627218e-06, 0.9999675447921662 3.245520783376331e-05, 
88, 0000000000, 0000000000, 3.6314868163432024e-06, 5.635702559382215e-06, 0.9999661857846437 3.3814215356293296e-05, 
89, 0000000000, 0000000000, 3.5124844384858716e-06, 5.463655061613959e-06, 0.9999672180696302 3.2781930369683756e-05, 
90, 0000000000, 0000000000, 3.4135397116421176e-06, 5.296268435959279e-06, 0.9999682223893842 3.1777610615755676e-05, 
91, 0011111110, 0011111100, 0.7327284813455193, 0.9736932827970983, 0.0 0.0 0.0 0.0027374578466699802 0.01621571110207353 0.11719650747325339 0.8638503235780032, 
92, 0000000000, 0000000000, 3.4282113325796756e-06, 5.306366832232424e-06, 0.9999681617990066 3.1838200993394545e-05, 
93, 1111111100, 0011111110, 0.7353432563507754, 0.978807310975045, 0.0 0.0 0.0 0.0008277620509090877 0.01448654645849943 0.09569975508000388 0.8889859364105875, 
94, 0000000000, 0000000000, 3.466717363724612e-06, 5.3623447121324885e-06, 0.9999678259317272 3.217406827279493e-05, 
95, 0000000000, 0000000000, 3.451025976043399e-06, 5.358060026287095e-06, 0.9999678516398423 3.214836015772257e-05, 
96, 0000000000, 0000000000, 3.5381275351776123e-06, 5.4811438246790516e-06, 0.999967113137052 3.288686294807431e-05, 
97, 0011111100, 0111111110, 0.7325023620589934, 0.9683858654068291, 0.0 0.0 0.0 0.001961792234568681 0.03481377030982589 0.11417189023566754 0.8490525472199378, 
98, 0001111100, 0011111111, 0.7396473766426319, 0.9773461658193949, 0.0 0.0 0.0 0.0007329213751731599 0.013696610867216968 0.10633101922367777 0.879239448533932, 
99, 0000000000, 0000000000, 3.542479155931245e-06, 5.493889498899742e-06, 0.9999670366630066 3.2963336993398453e-05, 
100, 0000000000, 0000000000, 3.5529127519514523e-06, 5.514639524060264e-06, 0.9999669121628556 3.308783714436159e-05, 
run, initial grid state, final grid state, mean grid cell occupancy, mean binding site occupancy, fraction of time with N TFs bound, warning
1, 0000000000, 0000000000, 3.543062353621692e-06, 5.494225663408481e-06, 0.9999670346460194 3.296535398045089e-05, 
2, 0000000000, 0000000000, 3.492571579719547e-06, 5.419817060241743e-06, 0.9999674971496237 3.248679839105905e-05 1.6051985195704867e-08, 
3, 0011111110, 0011111111, 0.7315903103463102, 0.973980934582449, 0.0 0.0 0.0 0.006741662633478045 0.013503370378819135 0.10888266384723332 0.8708723031404695, 
4, 1111111111, 0011111111, 0.7309955041217188, 0.9734874869322998, 0.0 0.0 0.0 0.0031054137970197198 0.015353442219146972 0.119051952576848 0.8624891914069853, 
5, 0000000000, 0000000000, 3.4240732350545777e-06, 5.3085648041843085e-06, 0.9999681486111749 3.185138882510585e-05, 
6, 0000000000, 0000000000, 3.455765273491766e-06, 5.337477764638481e-06, 0.9999679751334121 3.202486658783089e-05, 
7, 0000000000, 0000000000, 3.5574651309256077e-06, 5.49786961252389e-06, 0.999967013537959 3.298570640669792e-05 7.556342227118355e-10, 
8, 0000000000, 0000000000, 3.552753955442512e-06, 5.492841137676674e-06, 0.9999670429531738 3.295704682606005e-05, 
9, 0000000000, 0000000000, 3.401533768950124e-06, 5.254507239134307e-06, 0.9999684729565652 3.152704343480584e-05, 
10, 0000000000, 0000000000, 3.5009621645497858e-06, 5.438928143055236e-06, 0.9999673664311417 3.2633568858331416e-05, 
11, 0000000000, 0000000000, 3.53458786334177e-06, 5.485409502719769e-06, 0.9999670875429837 3.2912457016318614e-05, 
12, 0000000000, 0000000000, 3.5366040939727153e-06, 5.4833109016313455e-06, 0.9999671001345901 3.289986540978807e-05, 
13, 0000000000, 0000000000, 3.4660171277858813e-06, 5.365228654066301e-06, 0.9999678090944686 3.219043913850078e-05 4.663929485139392e-10, 
14, 0000000000, 0000000000, 3.3749164234510942e-06, 5.219047617970536e-06, 0.9999686857142922 3.1314285707823216e-05, 
15, 0000000000, 0000000000, 3.477500397266632e-06, 5.3948822670485654e-06, 0.9999676307063977 3.236929360229139e-05, 
16, 0000000000, 0000000000, 3.403799273098898e-06, 5.28526840929502e-06, 0.9999682883895442 3.171161045577012e-05, 
17, 0000000000, 0000000000, 3.451550174698755e-06, 5.341408841045552e-06, 0.9999679515469537 3.2048453046273316e-05, 
18, 0000000000, 0000000000, 3.4069299183247243e-06, 5.266412766614363e-06, 0.9999684015234004 3.159847659968618e-05, 
19, 0000000000, 0000000000, 3.396373166109541e-06, 5.253133605884855e-06, 0.9999684811983647 3.151880163530913e-05, 
20, 0000000000, 0000000000, 3.386177120049168e-06, 5.233684916805497e-06, 0.9999685978904991 3.1402109500832984e-05, 
21, 0000000000, 0000000000, 3.532772825589487e-06, 5.471364078997233e-06, 0.9999671718155261 3.28281844739834e-05, 
22, 0000000000, 0000000000, 3.592483990362238e-06, 5.579410439701724e-06, 0.9999665235373618 3.347646263821035e-05, 
23, 0111111110, 0001111100, 0.7354769428491245, 0.9767891240405622, 0.0 0.0 0.0 0.0011012406087698254 0.01895837370771429 0.09804478651488842 0.8818955991686275, 
24, 0011111100, 0111111111, 0.7343265539927581, 0.9699401038679533, 0.0 0.0 0.0 0.004534747312266486 0.030797776266275015 0.10515958232293145 0.859507894098527, 
25, 0000000000, 0000000000, 3.391261001078399e-06, 5.235277118068511e-06, 0.9999685883372916 3.1411662708411064e-05, 
26, 0000000000, 0000000000, 0.00024234934590079384, 0.0002820233362092318, 0.998928006148412 0.00045184768592064126 0.0006201461656673748, 
27, 0011111100, 0011111111, 0.7285893583356396, 0.9688624087913104, 0.0 0.0 0.0 0.0030276322484180506 0.019255142775854918 0.13923236495517455 0.8384848600205524, 
28, 0000000000, 0000000000, 3.42010642039762e-06, 5.287274919432699e-06, 0.9999682763504834 3.17236495165962e-05, 
29, 0000000000, 0000000000, 3.5181139122115536e-06, 5.4663789970211545e-06, 0.9999672017260179 3.279827398212693e-05, 
30, 0000000000, 0000000000, 3.4044916472448747e-06, 5.273018579429813e-06, 0.9999683618885234 3.163811147657888e-05, 
31, 0000000000, 0000000000, 3.500303982759082e-06, 5.42858981565114e-06, 0.9999674284611061 3.257153889390684e-05, 
32, 0011111110, 0111111100, 0.7337820395773756, 0.9733969976833696, 0.0 0.0 0.0 0.002902776980996472 0.02771785137045203 0.09547398021588843 0.873905391432663, 
33, 0000000000, 0000000000, 3.4860193920602264e-06, 5.4157378207680675e-06, 0.9999675055730753 3.249442692460841e-05, 
34, 0111111100, 0011111111, 0.7381327520400037, 0.9777384018709573, 0.0 0.0 0.0 0.00150645024634699 0.012769996214836678 0.1035102456055418 0.8822133079332746, 
35, 0000000000, 0000000000, 3.4924904441401925e-06, 5.412054017604788e-06, 0.9999675276758945 3.247232410562873e-05, 
36, 0000000000, 0000000000, 3.4443558873696945e-06, 5.320493195224743e-06, 0.9999680770408287 3.1922959171348464e-05, 
37, 0000000000, 0000000000, 3.529796971127147e-06, 5.467348024761506e-06, 0.9999671959118515 3.2804088148569044e-05, 
38, 0000000000, 0000000000, 3.4696207553519763e-06, 5.360341589919133e-06, 0.9999678379504604 3.2162049539514805e-05, 
39, 0000000000, 0000000000, 3.370467772666287e-06, 5.2177103096176395e-06, 0.9999686937381423 3.130626185770584e-05, 
40, 0000000000, 0000000000, 3.373903951183261e-06, 5.219812839167554e-06, 0.999968681122965 3.1318877035005324e-05, 
41, 0000000000, 0000000000, 3.489538300165963e-06, 5.4296084173528816e-06, 0.9999674223494959 3.257765050411729e-05, 
42, 0000000000, 0000000000, 3.483693359995853e-06, 5.413677816034316e-06, 0.9999675179331037 3.24820668962059e-05, 
43, 0000000000, 0000000000, 3.509407104139402e-06, 5.445953343476215e-06, 0.9999673242799392 3.267572006085729e-05, 
44, 0011111110, 1111111100, 0.7505992110061345, 0.9798432337134817, 0.0 0.0 0.0 0.0013272961982944748 0.00981872207617893 0.0973212649718687 0.8915327167536579, 
45, 1111111111, 0000000000, 0.4737679828199251, 0.6273175424582162, 0.3505272163289987 1.128699500288282e-05 0.0013090651103849636 0.0018105260932797474 0.01753623157670902 0.08713471042689902 0.5416709634687258, 
46, 0011111110, 1111111111, 0.7411424582324397, 0.9726399732108233, 0.0 0.0 0.0012948766825296764 0.005183498800474348 0.027281109755979596 0.08886793809155975 0.8773725766694567, 
47, 0000000000, 0000000000, 3.517346391045868e-06, 5.463282865725446e-06, 0.9999672203028057 3.2779697194352685e-05, 
48, 0000000000, 0000000000, 3.468613909983591e-06, 5.371907805043505e-06, 0.9999677685531697 3.2231446830261034e-05, 
49, 0000000000, 0000000000, 3.5440664099074477e-06, 5.496057667829675e-06, 0.999967023653993 3.297634600697806e-05, 
50, 0000000000, 0000000000, 3.54616923947099e-06, 5.493321327870074e-06, 0.9999670400720327 3.2959927967220454e-05, 
51, 1111111111, 0111111100, 0.7365308767838915, 0.9757223363476754, 0.0 0.0 0.0 0.0004798942018722352 0.013200809537886557 0.1178246802325588 0.8684946160276824, 
52, 0000000000, 0000000000, 3.4767301689622636e-06, 5.386846581710028e-06, 0.9999676789205099 3.232107949026017e-05, 
53, 0000000000, 0000000000, 3.5080494147432274e-06, 5.45582158422266e-06, 0.9999672650704947 3.273492950533597e-05, 
54, 0000000000, 0000000000, 3.5427568383834905e-06, 5.486767902651724e-06, 0.999967079392584 3.292060741591034e-05, 
55, 0011111111, 1111111111, 0.7364729111020719, 0.9729703795864265, 0.0 0.0 0.0 0.0018821020434850737 0.01746670419901038 0.12159800795296485 0.8590531858045397, 
56, 0001111110, 0011111111, 0.7380970467589981, 0.9728989261186768, 0.0 0.0 0.0 0.002733375415499721 0.021769637885197604 0.11086704127104499 0.8646299454282577, 
57, 0000000000, 0000000000, 3.4456401749388923e-06, 5.336876881638133e-06, 0.9999679787387102 3.2021261289828794e-05, 
58, 0000000000, 0000000000, 3.600042876983676e-06, 5.583770226236387e-06, 0.9999664973786425 3.350262135741833e-05, 
59, 0000000000, 0000000000, 3.5589078642185354e-06, 5.519758693343462e-06, 0.99996688144784 3.3118552160060774e-05, 
60, 0000000000, 0000000000, 3.6391022904907693e-06, 5.6368418327624255e-06, 0.9999661789490033 3.382105099657456e-05, 
61, 0000000000, 0000000000, 3.4566455868286473e-06, 5.361714801779191e-06, 0.9999678297111894 3.217028881067515e-05, 
62, 0000000000, 0000000000, 3.521418078687815e-06, 5.4552728963437955e-06, 0.999967268362622 3.273163737806278e-05, 
63, 0000000000, 0000000000, 3.357835756023512e-06, 5.1854396433664005e-06, 0.9999688873621398 3.11126378601984e-05, 
64, 0000000000, 0000000000, 3.371020556606591e-06, 5.195436207336744e-06, 0.9999688273827559 3.117261724402047e-05, 
65, 0000000000, 0000000000, 3.420779233061353e-06, 5.305199227693216e-06, 0.9999681688046338 3.18311953661593e-05, 
66, 0000000000, 0000000000, 3.4117894816858133e-06, 5.289677851518545e-06, 0.9999682640278774 3.1733877136006706e-05 2.0949865522838773e-09, 
67, 0111111100, 0000000000, 0.3971711914363346, 0.5389193281772374, 0.43433471659988365 1.4251522116093407e-05 0.0004632828791171028 0.006149023370657577 0.030125461930602625 0.07985334823704691 0.44905991546057605, 
68, 0000000000, 0000000000, 3.566867890829661e-06, 5.5427158027352295e-06, 0.9999667437051836 3.325629481641138e-05, 
69, 0000000000, 0000000000, 3.6175672572609374e-06, 5.630148803077652e-06, 0.9999662191071814 3.378089281846592e-05, 
70, 0000000000, 0000000000, 3.4963669974936022e-06, 5.400067510188155e-06, 0.9999675995949389 3.2400405061128934e-05, 
71, 0000000000, 0000000000, 3.5563258965126574e-06, 5.5104252408929064e-06, 0.9999669374485546 3.3062551445357445e-05, 
72, 0011111111, 0111111110, 0.7248083221521662, 0.9693548201460879, 0.0 0.0 0.0 0.003463375305628606 0.020908901490348162 0.13166315022589037 0.8439645729781329, 
73, 0000000000, 0000000000, 8.500658194155415e-06, 9.636648271412324e-06, 0.9999421801103715 5.781988962847395e-05, 
74, 0000000000, 0000000000, 3.548886212376833e-06, 5.505240959720703e-06, 0.9999669685542417 3.3031445758324223e-05, 
75, 0000000000, 0000000000, 3.55940397435014e-06, 5.523276586979649e-06, 0.9999668603404782 3.31396595218779e-05, 
76, 0000000000, 0000000000, 3.4640466576187617e-06, 5.357229682395441e-06, 0.9999678566219056 3.2143378094372644e-05, 
77, 0000000000, 0000000000, 3.5687265425265785e-06, 5.529225577132384e-06, 0.9999668246465372 3.3175353462794305e-05, 
78, 0000000000, 0000000000, 3.5412089462964447e-06, 5.50377691960097e-06, 0.9999669773384824 3.3022661517605827e-05, 
79, 0000000000, 0000000000, 3.4763249044478646e-06, 5.3818672437495165e-06, 0.9999677087965375 3.22912034624971e-05, 
80, 0000000000, 0000000000, 3.5207895705841337e-06, 5.4654208729012555e-06, 0.9999672074747626 3.279252523740753e-05, 
81, 0011111111, 0011111111, 0.7275965894162043, 0.9666071080972051, 0.0 0.0 0.000599420612888109 0.010370788918182395 0.021314638925376852 0.12421802435991648 0.8434971271836361, 
82, 0000000000, 0000000000, 3.454199660732812e-06, 5.340571596631673e-06, 0.9999679565704203 3.204342957979004e-05, 
83, 0000000000, 0000000000, 3.5038873479041043e-06, 5.4218317953683684e-06, 0.9999674690092277 3.253099077221021e-05, 
84, 1111111111, 0001111100, 0.7321355651745475, 0.9711692515843385, 0.0 0.0 0.0 0.0029646055139936787 0.021618702651230427 0.12085326864952704 0.8545634231852488, 
85, 0000000000, 0000000000, 3.4896812768507985e-06, 5.397545589534818e-06, 0.9999676147264628 3.238527353720892e-05, 
86, 0000000000, 0000000000, 3.6374177375868667e-06, 5.65626775097124e-06, 0.9999660623934941 3.3937606505827444e-05, 
87, 0000000000, 0000000000, 3.520179429212092e-06, 5.444855759650919e-06, 0.9999673308654421 3.2669134557905517e-05, 
88, 0000000000, 0000000000, 3.560198907189032e-06, 5.523724682646556e-06, 0.9999668599878503 3.313767620332719e-05 2.3359462760743637e-09, 
89, 1111111000, 0111111100, 0.7315167854047886, 0.9705388015600966, 0.0 0.0 0.0 0.005971991134590251 0.024135956212749173 0.11057930481015125 0.8593127478425093, 
90, 0000000000, 0000000000, 3.4272748056157614e-06, 5.282344976228629e-06, 0.9999683059301426 3.169406985737178e-05, 
91, 0000000000, 0000000000, 3.44506069028388e-06, 5.33365946321089e-06, 0.9999679980432207 3.200195677926535e-05, 
92, 0000000000, 0000000000, 3.492051794397001e-06, 5.400797761384571e-06, 0.9999675952134316 3.2404786568307425e-05, 
93, 0000000000, 0000000000, 3.4664638450741245e-06, 5.379074914246423e-06, 0.9999677255505145 3.2274449485478544e-05, 
94, 0011111111, 1111111100, 0.7339165391969421, 0.9760482893856756, 0.0 0.0 0.0 0.0008759345880770967 0.014087813931857788 0.11290683205799927 0.8721294194220659, 
95, 0000000000, 0000000000, 3.461236101070186e-06, 5.352408273248953e-06, 0.9999678855503605 3.211444963949372e-05, 
96, 0000000000, 0000000000, 3.700104825375734e-06, 5.757834186753044e-06, 0.9999654529948795 3.454700512051826e-05, 
97, 0111111000, 0011111111, 0.7229844546038467, 0.9729478067793965, 0.0 0.0 0.0 0.0012715746496361777 0.01865150742917842 0.12119542051635582 0.8588814974048296, 
98, 0000000000, 0000000000, 3.4457118075588313e-06, 5.323663602559734e-06, 0.9999680580183845 3.1941981615358406e-05, 
99, 0000000000, 0111111110, 0.4139563967053624, 0.5466367332688179, 0.44132262476690753 1.3729245168913037e-05 0.0002156243467648824 0.00026076614158028645 0.011387433796895231 0.047755542154212106 0.499044279548471, 
