run, initial grid state, final grid state, mean grid cell occupancy, mean binding site occupancy, fraction of time with N TFs bound, warning
1, 000000, 000000, 0.00019138248772205264, 0.00019138248772205264, 0.9988517050736677 0.001148294926332316, 
2, 000000, 000000, 0.0001740191742222955, 0.0001740191742222955, 0.9989558849546661 0.001044115045333773, 
3, 000000, 000000, 0.00016272143659877856, 0.00016272143659877856, 0.9990236713804074 0.0009763286195926713, 
4, 000000, 000000, 0.00018011342456915826, 0.00018011342456915826, 0.9989201496727047 0.0010790201071757247 8.302201196125574e-07, 
5, 000000, 000000, 0.00015308960807399458, 0.00015308960807399458, 0.999081462351556 0.0009185376484439677, 
6, 000000, 000000, 0.0001926411998327354, 0.0001926411998327354, 0.9988441528010036 0.0011558471989964124, 
7, 000000, 000000, 0.00017915248602637726, 0.00017915248602637726, 0.9989250850838417 0.0010749149161582634, 
8, 000000, 000000, 0.00019832877224827848, 0.00019832877224827848, 0.9988125720722144 0.0011848832220815076 2.544705704081626e-06, 
9, 000000, 000000, 0.0001696905437471942, 0.0001696905437471942, 0.9989818567375168 0.0010181432624831652, 
10, 000000, 000000, 0.00018870504428256357, 0.00018870504428256357, 0.9988688200183088 0.0011301296976869587 1.0502840042114257e-06, 
11, 000000, 000000, 0.00017757365265139833, 0.00017757365265139833, 0.9989345580840917 0.00106544191590839, 
12, 000000, 000000, 0.00015350360748929906, 0.00015350360748929906, 0.9990789783550642 0.0009210216449357945, 
13, 000000, 000000, 0.0001646688134586963, 0.0001646688134586963, 0.9990119871192479 0.000988012880752178, 
14, 000000, 000000, 0.00026802160899463186, 0.00026802160899463186, 0.9985788731604204 0.0012341240251914677 0.00018700281438816159, 
15, 000000, 000000, 0.0001542545120953063, 0.0001542545120953063, 0.9990744729274281 0.0009255270725718379, 
16, 000000, 000000, 0.00015303052849663685, 0.00015303052849663685, 0.9990818168290201 0.0009181831709798212, 
17, 000000, 000000, 0.00017583589261061357, 0.00017583589261061357, 0.9989465815057018 0.0010518216329329767 1.596861365352358e-06, 
18, 000000, 000000, 0.00017825883848719652, 0.00017825883848719652, 0.998930446969077 0.0010695530309231792, 
19, 000000, 000000, 0.00018624110852769111, 0.00018624110852769111, 0.9988825533488338 0.0011174466511661464, 
20, 000000, 000000, 0.00016851182901114206, 0.00016851182901114206, 0.9989898779014987 0.0010091732229357948 9.488755655288695e-07, 
21, 000000, 000000, 0.00018800614177329447, 0.00018800614177329447, 0.9988719631493602 0.001128036850639767, 
22, 000000, 000000, 0.00015318162124114968, 0.00015318162124114968, 0.9990809102725531 0.0009190897274468982, 
23, 000000, 000000, 0.00018650297802576713, 0.00018650297802576713, 0.9988809821318455 0.0011190178681546026, 
24, 000000, 000000, 0.0001804090448133209, 0.0001804090448133209, 0.9989175457311201 0.0010824542688799253, 
25, 000000, 000000, 0.0009114210632704695, 0.0009114210632704695, 0.9966738063075916 0.0011838610051941591 0.0021423326872143287, 
26, 000000, 000000, 0.00019795183588314683, 0.00019795183588314683, 0.9988122889847011 0.001187711015298881, 
27, 000000, 000000, 0.00016502774960024802, 0.00016502774960024802, 0.9990098335023985 0.000990166497601488, 
28, 000000, 000000, 0.00016041136626087895, 0.00016041136626087895, 0.9990375318024347 0.0009624681975652738, 
29, 000000, 000000, 0.00015219192527560603, 0.00015219192527560603, 0.9990868484483464 0.0009131515516536362, 
30, 000000, 000000, 0.00016132322267347116, 0.00016132322267347116, 0.9990320606639592 0.000967939336040827, 
31, 000000, 000000, 0.00016180933622859524, 0.00016180933622859524, 0.9990291439826284 0.0009708560173715715, 
32, 000000, 000000, 0.00016400230673794037, 0.00016400230673794037, 0.9990159861595722 0.0009840138404276424, 
33, 000000, 000000, 0.0009351219330135047, 0.0009351219330135047, 0.9966757321164076 0.001041729839684971 0.0022786123733265625 3.9256705809774845e-06, 
34, 000000, 000000, 0.0001370631979582438, 0.0001370631979582438, 0.9991776208122506 0.0008223791877494629, 
35, 000000, 000000, 0.00017345725672837173, 0.00017345725672837173, 0.9989592564596298 0.0010407435403702306, 
36, 000000, 000000, 0.00014704295659365897, 0.00014704295659365897, 0.999117742260438 0.000882257739561954, 
37, 000000, 000000, 0.00016638856114666243, 0.00016638856114666243, 0.99900166863312 0.0009983313668799744, 
38, 000000, 000000, 0.00016925608039122228, 0.00016925608039122228, 0.9989844635176527 0.0010155364823473338, 
39, 000000, 000000, 0.00015907493487281717, 0.00015907493487281717, 0.9990455503907631 0.0009544496092369031, 
40, 000000, 000000, 0.0001559695197264187, 0.0001559695197264187, 0.9990641828816414 0.0009358171183585121, 
41, 000000, 000000, 0.0001795034091504595, 0.0001795034091504595, 0.9989229795450972 0.001077020454902757, 
42, 000000, 000000, 0.00019586577509673537, 0.00019586577509673537, 0.9988248053494195 0.0011751946505804123, 
43, 000000, 000000, 0.00016762336147198363, 0.00016762336147198363, 0.9989942598311681 0.0010057401688319018, 
44, 000000, 000000, 0.00017891686828264367, 0.00017891686828264367, 0.9989264987903042 0.001073501209695862, 
45, 000000, 000000, 0.0001433176478036964, 0.0001433176478036964, 0.9991400941131778 0.0008599058868221787, 
46, 000000, 000000, 0.0001885777210337162, 0.0001885777210337162, 0.9988685336737977 0.0011314663262022972, 
47, 000000, 000000, 0.00016473685797043834, 0.00016473685797043834, 0.9990115788521775 0.00098842114782263, 
48, 000000, 000000, 0.00021455452885415398, 0.00021455452885415398, 0.9987129746453824 0.0012867235361101262 3.018185073988778e-07, 
49, 000000, 000000, 0.00016199830651373573, 0.00016199830651373573, 0.9990280101609177 0.0009719898390824145, 
50, 000000, 000000, 0.00017665138779250666, 0.00017665138779250666, 0.9989400916732449 0.00105990832675504, 
51, 000000, 000000, 0.00017584947816515445, 0.00017584947816515445, 0.9989472426031654 0.0010504179246784082 2.3394721562592755e-06, 
52, 000000, 000000, 0.00020942564252282383, 0.00020942564252282383, 0.9987435120190831 0.0012564221066970179 6.587421996252876e-08, 
53, 000000, 000000, 0.00017519007767778506, 0.00017519007767778506, 0.9989488595339333 0.0010511404660667105, 
54, 000000, 000000, 0.00017858714685874195, 0.00017858714685874195, 0.9989284771188476 0.0010715228811524519, 
55, 000000, 000000, 0.00020691075538763136, 0.00020691075538763136, 0.9987585354676742 0.0012414645323257883, 
56, 000000, 000000, 0.00019299486324558769, 0.00019299486324558769, 0.9988420308205265 0.0011579691794735263, 
57, 000000, 000000, 0.00017870824216568513, 0.00017870824216568513, 0.9989277505470059 0.001072249452994111, 
58, 000000, 000000, 0.0001925672741723842, 0.0001925672741723842, 0.9988448437930038 0.0011549087689581518 2.474380380766732e-07, 
59, 000000, 000000, 0.00020160606856755062, 0.00020160606856755062, 0.9987934824269421 0.0012033987347105132 3.1188383473952607e-06, 
60, 000000, 000000, 0.00016594389840614605, 0.00016594389840614605, 0.999004336609563 0.0009956633904368763, 
61, 000000, 000000, 0.00015406104903839364, 0.00015406104903839364, 0.9990756337057696 0.0009243662942303619, 
62, 000000, 000000, 0.00018033061416553714, 0.00018033061416553714, 0.9989180163150068 0.0010819836849932229, 
63, 000000, 000000, 0.00017918450382819201, 0.00017918450382819201, 0.9989248929770307 0.0010751070229691518, 
64, 000000, 000000, 0.0001739775704787825, 0.0001739775704787825, 0.9989561345771273 0.0010438654228726951, 
65, 000000, 000000, 0.00017160953278469104, 0.00017160953278469104, 0.9989703428032918 0.0010296571967081465, 
66, 000000, 000000, 0.0001734082732537765, 0.0001734082732537765, 0.9989595503604773 0.0010404496395226592, 
67, 000000, 000000, 0.00017481462162957672, 0.00017481462162957672, 0.9989511122702225 0.0010488877297774603, 
68, 000000, 000000, 0.0001643225237680253, 0.0001643225237680253, 0.999014064857392 0.000985935142608152, 
69, 000000, 000000, 0.00018377958561668776, 0.00018377958561668776, 0.9988973224862999 0.0011026775137001265, 
70, 000000, 000000, 0.00017020466239334766, 0.00017020466239334766, 0.9989799335408968 0.0010189049438462773 1.1615152569044204e-06, 
71, 000000, 000000, 0.00017557251693624314, 0.00017557251693624314, 0.9989465648983826 0.0010534351016174587, 
72, 000000, 000000, 0.00019607734903258502, 0.00019607734903258502, 0.9988235359058045 0.0011764640941955104, 
73, 000000, 000000, 0.00017210056650414173, 0.00017210056650414173, 0.9989687884125027 0.0010298197759698012 1.3918115275246754e-06, 
74, 000000, 000000, 0.000160740389176126, 0.000160740389176126, 0.9990355576649433 0.000964442335056756, 
75, 000000, 000000, 0.0001941200841457834, 0.0001941200841457834, 0.9988352794951254 0.0011647205048747004, 
76, 000000, 000000, 0.00018927401891003916, 0.00018927401891003916, 0.9988643558865399 0.0011356441134602348, 
77, 000000, 000000, 0.00017622021816843508, 0.00017622021816843508, 0.9989427946951245 0.0010570893007405286 1.160041350410098e-07, 
78, 000000, 000000, 0.00016521473846738239, 0.00016521473846738239, 0.9990087115691957 0.0009912884308042943, 
79, 000000, 000000, 0.0001980629723792681, 0.0001980629723792681, 0.9988116221657244 0.0011883778342756087, 
80, 000000, 000000, 0.00020673019382311334, 0.00020673019382311334, 0.9987596188370612 0.00124038116293868, 
81, 000000, 000000, 0.00017020610367359236, 0.00017020610367359236, 0.9989787633779584 0.0010212366220415541, 
82, 000000, 000000, 0.00018207908037599764, 0.00018207908037599764, 0.998907525517744 0.001092474482255986, 
83, 000000, 000000, 0.00018059377774378013, 0.00018059377774378013, 0.9989164373335374 0.001083562666462681, 
84, 000000, 000000, 0.00015892168100503537, 0.00015892168100503537, 0.9990464807496985 0.0009535084145729216 1.0835728645324706e-08, 
85, 000000, 000000, 0.00018383298197631803, 0.00018383298197631803, 0.9988970021081421 0.0011029978918579081, 
86, 000000, 000000, 0.00016521719566841826, 0.00016521719566841826, 0.9990086968259895 0.0009913031740105098, 
87, 000000, 000000, 0.0001940917544999886, 0.0001940917544999886, 0.9988354494730002 0.0011645505269999316, 
88, 000000, 000000, 0.00017503468021222912, 0.00017503468021222912, 0.9989497919187267 0.0010502080812733747, 
89, 000000, 000000, 0.0001669486311752202, 0.0001669486311752202, 0.9990018357087155 0.0009946367955178206 3.5274957667504032e-06, 
90, 000000, 000000, 0.00017749936358744248, 0.00017749936358744248, 0.9989350038184753 0.0010649961815246548, 
91, 000000, 000000, 0.0006424717127967138, 0.0006424717127967138, 0.9975986226574538 0.0009479244083119987 0.0014534529342341421, 
92, 000000, 000000, 0.00017862426092110818, 0.00017862426092110818, 0.9989315242766726 0.0010652058811281343 3.2698421992574416e-06, 
93, 000000, 000000, 0.0034958413647514564, 0.0034958413647514564, 0.9911047434605614 0.001144479662556014 0.0034217621046948995 0.004329014772187641, 
94, 000000, 000000, 0.00016999081618487627, 0.00016999081618487627, 0.9989800551028908 0.0010199448971092578, 
95, 000000, 000000, 0.00017808048322766025, 0.00017808048322766025, 0.9989315171006341 0.0010684828993659616, 
96, 000000, 000000, 0.00017502206822925272, 0.00017502206822925272, 0.9989498675906245 0.0010501324093755164, 
97, 000000, 000000, 0.00016715728174061215, 0.00016715728174061215, 0.9989970563095564 0.001002943690443673, 
98, 000000, 000000, 0.00017849324170043769, 0.00017849324170043769, 0.9989290405497975 0.0010709594502026263, 
99, 000000, 000000, 0.00020034852538649534, 0.00020034852538649534, 0.998797908847681 0.0012020911523189723, 
100, 000000, 000000, 0.00019283633276641655, 0.00019283633276641655, 0.9988429820034015 0.0011570179965984992, 
run, initial grid state, final grid state, mean grid cell occupancy, mean binding site occupancy, fraction of time with N TFs bound, warning
1, 000000, 000000, 0.00017851188763321797, 0.00017851188763321797, 0.9989289286742007 0.0010710713257993077, 
2, 000000, 000000, 0.0001654334269713043, 0.0001654334269713043, 0.9990073994381722 0.000992600561827826, 
3, 000000, 000000, 0.00019007116136961688, 0.00019007116136961688, 0.9988595730317823 0.0011404269682177013, 
4, 000000, 000000, 0.00016679961910571624, 0.00016679961910571624, 0.9989992022853658 0.0010007977146342974, 
5, 000000, 000000, 0.00017844102991324259, 0.00017844102991324259, 0.9989293538205206 0.0010706461794794556, 
6, 000000, 000000, 0.00017957765013736375, 0.00017957765013736375, 0.9989225340991758 0.0010774659008241825, 
7, 000000, 000000, 0.00018145787290020353, 0.00018145787290020353, 0.9989141389393611 0.0010829748838765136 2.886176762353806e-06, 
8, 000000, 000000, 0.00020362943570279148, 0.00020362943570279148, 0.9987802798677233 0.0012176636503363918 2.0564819401786437e-06, 
9, 000000, 000000, 0.00018691882610409532, 0.00018691882610409532, 0.9988784870433755 0.001121512956624572, 
10, 000000, 000000, 0.0001727658364272833, 0.0001727658364272833, 0.9989634049814363 0.0010365950185636998, 
11, 000000, 000000, 0.0007749612498318963, 0.0007749612498318963, 0.997133832935367 0.0010825666302746843 0.0017836004343583468, 
12, 000000, 000000, 0.00018079363860856309, 0.00018079363860856309, 0.9989152381683486 0.0010847618316513787, 
13, 000000, 000000, 0.00019510612724717998, 0.00019510612724717998, 0.9988293632365168 0.00117063676348308, 
14, 000000, 000000, 0.0001689576528774985, 0.0001689576528774985, 0.998986254082735 0.001013745917264991, 
15, 000000, 000000, 0.00018470266149818275, 0.00018470266149818275, 0.998891784031011 0.0011082159689890965, 
16, 000000, 000000, 0.00015914781488740443, 0.00015914781488740443, 0.9990451131106756 0.0009548868893244266, 
17, 000000, 000000, 0.0001964723890091, 0.0001964723890091, 0.9988211656659455 0.0011788343340546, 
18, 000000, 000000, 0.00018017983734037083, 0.00018017983734037083, 0.9989189209759577 0.001081079024042225, 
19, 000000, 000000, 0.00014940347165555106, 0.00014940347165555106, 0.9991035791700666 0.0008964208299333064, 
20, 000000, 000000, 0.00017280013620824526, 0.00017280013620824526, 0.9989631991827504 0.0010368008172494717, 
21, 000000, 000000, 0.00020643704237046907, 0.00020643704237046907, 0.9987613777457772 0.0012386222542228144, 
22, 000000, 000000, 0.00017202893187950375, 0.00017202893187950375, 0.998967826408723 0.0010321735912770227, 
23, 000000, 000000, 0.0001900339197160912, 0.0001900339197160912, 0.9988597964817034 0.0011402035182965474, 
24, 000000, 000000, 0.00017437373998605954, 0.00017437373998605954, 0.9989537575600836 0.0010462424399163572, 
25, 000000, 000000, 0.00017923328957140404, 0.00017923328957140404, 0.9989246002625716 0.0010753997374284244, 
26, 000000, 000000, 0.00018478937792726835, 0.00018478937792726835, 0.9988912637324364 0.0011087362675636103, 
27, 000000, 000000, 0.00018462357619392097, 0.00018462357619392097, 0.9988922585428365 0.0011077414571635258, 
28, 000000, 000000, 0.00018578409030742187, 0.00018578409030742187, 0.9988852954581555 0.0011147045418445313, 
29, 000000, 000000, 0.00019627366809997986, 0.00019627366809997986, 0.9988223579914001 0.001177642008599879, 
30, 000000, 000000, 0.00017507436825554867, 0.00017507436825554867, 0.9989495537904667 0.001050446209533292, 
31, 000000, 000000, 0.0001719821725844876, 0.0001719821725844876, 0.998968106964493 0.0010318930355069258, 
32, 000000, 000000, 0.00019245731830485162, 0.00019245731830485162, 0.9988452560901708 0.0011547439098291098, 
33, 000000, 000000, 0.00015106142150956187, 0.00015106142150956187, 0.9990936314709427 0.0009063685290573713, 
34, 000000, 000000, 0.00016103873245897594, 0.00016103873245897594, 0.9990348267204288 0.0009641141643885114 1.059115182672228e-06, 
35, 000000, 000000, 0.00018904853613231298, 0.00018904853613231298, 0.9988726632164284 0.0011203823503493358 6.9544332222711466e-06, 
36, 000000, 000000, 0.00018037762126886162, 0.00018037762126886162, 0.9989177342723868 0.00108226572761317, 
37, 000000, 000000, 0.00018661660243744047, 0.00018661660243744047, 0.9988804410260584 0.0011194183332585218 1.4064068306060064e-07, 
38, 000000, 000000, 0.0001534074466636246, 0.0001534074466636246, 0.9990795553200182 0.0009204446799817476, 
39, 000000, 000000, 0.00017933016718450144, 0.00017933016718450144, 0.998924018996893 0.0010759810031070087, 
40, 000000, 000000, 0.00018051100649183786, 0.00018051100649183786, 0.9989169339610491 0.0010830660389510272, 
41, 000000, 000000, 0.0002017467087965498, 0.0002017467087965498, 0.9987895197472207 0.0012104802527792987, 
42, 000000, 000000, 0.00019720061745197537, 0.00019720061745197537, 0.9988189221018441 0.0011789520916001294 2.1258065558615183e-06, 
43, 000000, 000000, 0.00020038267929868458, 0.00020038267929868458, 0.998797703924208 0.0012022960757921077, 
44, 000000, 000000, 0.000171785273918241, 0.000171785273918241, 0.9989692883564905 0.001030711643509446, 
45, 000000, 000000, 0.00045412508952357973, 0.00045412508952357973, 0.9981333818749046 0.0010084857130492043 0.0008581324120461372, 
46, 000000, 000000, 0.00018171873492656265, 0.00018171873492656265, 0.9989096875904406 0.001090312409559376, 
47, 000000, 000000, 0.00019744145906107138, 0.00019744145906107138, 0.9988153512456336 0.0011846487543664282, 
48, 000000, 000000, 0.0001605477476459764, 0.0001605477476459764, 0.9990367135141243 0.0009632864858758586, 
49, 000000, 000000, 0.0010353567932800058, 0.0010353567932800058, 0.996358425820446 0.0010710075994279182 0.002570566580126058, 
50, 000000, 000000, 0.00015705937261944485, 0.00015705937261944485, 0.9990576437642833 0.0009423562357166693, 
51, 000000, 000000, 0.00017350030066592972, 0.00017350030066592972, 0.9989589981960044 0.0010410018039955784, 
52, 000000, 000000, 0.00018289982888626327, 0.00018289982888626327, 0.9989026010266824 0.0010973989733175796, 
53, 000000, 000000, 0.0001755824764959682, 0.0001755824764959682, 0.9989465051410241 0.001053494858975809, 
54, 000000, 000000, 0.0001707469175047093, 0.0001707469175047093, 0.9989755184949717 0.0010244815050282558, 
55, 000000, 000000, 0.00017672488655071463, 0.00017672488655071463, 0.9989396506806956 0.0010603493193042878, 
56, 000000, 000000, 0.00018857648072135335, 0.00018857648072135335, 0.998875590679759 0.001117359756153906 7.049564087107068e-06, 
57, 000000, 000000, 0.00019268580813061365, 0.00019268580813061365, 0.9988438851512162 0.0011561148487836818, 
58, 000000, 000000, 0.00018229545836252745, 0.00018229545836252745, 0.9989062272498249 0.001093772750175165, 
59, 000000, 000000, 0.0001816986275816315, 0.0001816986275816315, 0.9989098082345101 0.0010901917654897893, 
60, 000000, 000000, 0.0001707666172987789, 0.0001707666172987789, 0.9989754002962072 0.0010245997037926734, 
61, 000000, 000000, 0.00019825748507274358, 0.00019825748507274358, 0.9988107870304428 0.0011888810286778964 3.319408792824972e-07, 
62, 000000, 000000, 0.0007744153523439324, 0.0007744153523439324, 0.997217234317684 0.0009190392505681319 0.0018637264317477315, 
63, 000000, 000000, 0.00019581422539008807, 0.00019581422539008807, 0.9988251146476594 0.0011748853523405286, 
64, 000000, 000000, 0.0001705275006701067, 0.0001705275006701067, 0.9989768349959793 0.0010231650040206403, 
65, 000000, 000000, 0.0001726175090114377, 0.0001726175090114377, 0.9989642949459314 0.001035705054068626, 
66, 000000, 000000, 0.0001625331637695165, 0.0001625331637695165, 0.9990248010173828 0.0009751989826170989, 
67, 000000, 000000, 0.00016874739904349802, 0.00016874739904349802, 0.9989875156057391 0.0010124843942609881, 
68, 000000, 000000, 0.00017108934381374657, 0.00017108934381374657, 0.9989734639371176 0.0010265360628824796, 
69, 000000, 000000, 0.00017821161809970594, 0.00017821161809970594, 0.9989307302914017 0.0010692697085982357, 
70, 000000, 000000, 0.00017778841558525307, 0.00017778841558525307, 0.9989341715353944 0.0010649264356996223 9.02028905948003e-07, 
71, 000000, 000000, 0.00018625517173152592, 0.00018625517173152592, 0.99888310271048 0.0011162635486508833 6.337408691360837e-07, 
72, 000000, 000000, 0.00018858380904414036, 0.00018858380904414036, 0.9988684971457352 0.0011315028542648424, 
73, 000000, 000000, 0.00017265833046385838, 0.00017265833046385838, 0.9989640500172169 0.0010359499827831504, 
74, 000000, 000000, 0.00018932895909249528, 0.00018932895909249528, 0.9988655176215101 0.0011329910024248267 1.491376065072559e-06, 
75, 000000, 000000, 0.00019939261527406627, 0.00019939261527406627, 0.9988036443083556 0.0011963556916443976, 
76, 000000, 000000, 0.00017983954282005418, 0.00017983954282005418, 0.9989209627430796 0.0010790372569203252, 
77, 000000, 000000, 0.0001780279197251211, 0.0001780279197251211, 0.9989318324816492 0.0010681675183507266, 
78, 000000, 000000, 0.00019596131243511305, 0.00019596131243511305, 0.9988242321253894 0.0011757678746106785, 
79, 000000, 000000, 0.00018507490125333002, 0.00018507490125333002, 0.9988895505924801 0.0011104494075199801, 
80, 000000, 000000, 0.00017003669899875366, 0.00017003669899875366, 0.9989797798060075 0.001020220193992522, 
81, 000000, 000000, 0.00017764387197661757, 0.00017764387197661757, 0.9989341367681402 0.0010658632318597055, 
82, 000000, 000000, 0.00017333181536296498, 0.00017333181536296498, 0.9989618449122253 0.0010363192833715658 1.835804403112048e-06, 
83, 000000, 000000, 0.00014383407535170095, 0.00014383407535170095, 0.9991369955478897 0.0008630044521102057, 
84, 000000, 000000, 0.00017685100793183973, 0.00017685100793183973, 0.998938893952409 0.0010611060475910386, 
85, 000000, 000000, 0.00016860819019151192, 0.00016860819019151192, 0.9989883508588508 0.0010116491411490715, 
86, 000000, 000000, 0.0001615306045622455, 0.0001615306045622455, 0.9990308163726265 0.0009691836273734731, 
87, 000000, 000000, 0.00019672048265616766, 0.00019672048265616766, 0.998819677104063 0.0011803228959370062, 
88, 000000, 000000, 0.00017472745414496066, 0.00017472745414496066, 0.9989525592005734 0.001046516873983578 9.239254430929819e-07, 
89, 000000, 000000, 0.00016651001016565277, 0.00016651001016565277, 0.9990009399390061 0.0009990600609939167, 
90, 000000, 000000, 0.0001821922802203132, 0.0001821922802203132, 0.9989068463186781 0.0010931536813218793, 
91, 000000, 000000, 0.00014876326573862574, 0.00014876326573862574, 0.9991074204055683 0.0008925795944317545, 
92, 000000, 000000, 0.000199794708043116, 0.000199794708043116, 0.998801314453226 0.0011986028452894038 8.270148464611598e-08, 
93, 000000, 000000, 0.00018974248193677465, 0.00018974248193677465, 0.9988615451083793 0.001138454891620648, 
94, 000000, 000000, 0.00019013061730526165, 0.00019013061730526165, 0.9988592162961684 0.0011407837038315699, 
95, 000000, 000000, 0.0004891056821179026, 0.0004891056821179026, 0.9979209871808163 0.0012233915456599206 0.0008556212735237475, 
96, 000000, 000000, 0.00019798411881053756, 0.00019798411881053756, 0.9988120952871368 0.0011879047128632255, 
97, 000000, 000000, 0.00016892007082424168, 0.00016892007082424168, 0.9989864795750545 0.00101352042494545, 
98, 000000, 000000, 0.00017391918260455577, 0.00017391918260455577, 0.9989564849043727 0.0010435150956273347, 
99, 000000, 000000, 0.00017413895942271972, 0.00017413895942271972, 0.9989551662434636 0.0010448337565363184, 
100, 000000, 000000, 0.0001625080234918613, 0.0001625080234918613, 0.9990249518590488 0.0009750481409511679, 
run, initial grid state, final grid state, mean grid cell occupancy, mean binding site occupancy, fraction of time with N TFs bound, warning
1, 000000, 000000, 0.0001846762063579838, 0.0001846762063579838, 0.9988919427618521 0.001108057238147903, 
2, 000000, 000000, 0.0001624090704367767, 0.0001624090704367767, 0.9990255455773793 0.0009744544226206603, 
3, 000000, 000000, 0.0001483273410530009, 0.0001483273410530009, 0.9991100359536821 0.0008899640463180055, 
4, 000000, 000000, 0.00018570282917559938, 0.00018570282917559938, 0.9988857830249463 0.0011142169750535964, 
5, 000000, 000000, 0.0001672724297687686, 0.0001672724297687686, 0.9989963654213874 0.0010036345786126116, 
6, 000000, 000000, 0.00018632025699795928, 0.00018632025699795928, 0.9988820784580122 0.001117921541987756, 
7, 000000, 000000, 0.00017569475401005695, 0.00017569475401005695, 0.9989458314759396 0.0010541685240603419, 
8, 000000, 000000, 0.00020089160003035342, 0.00020089160003035342, 0.998794650399818 0.0012053496001821205, 
9, 000000, 000000, 0.00018484893504541508, 0.00018484893504541508, 0.9988909063897274 0.0011090936102724908, 
10, 000000, 000000, 0.00018371158749856307, 0.00018371158749856307, 0.9988977304750086 0.0011022695249913784, 
11, 000000, 000000, 0.00016965760796388736, 0.00016965760796388736, 0.9989820543522167 0.0010179456477833245, 
12, 000000, 000000, 0.00015819560843242415, 0.00015819560843242415, 0.9990508263494055 0.0009491736505945451, 
13, 000000, 000000, 0.00015219648155167064, 0.00015219648155167064, 0.99908682111069 0.0009131788893100239, 
14, 000000, 000000, 0.000151981278270589, 0.000151981278270589, 0.9990881123303764 0.0009118876696235339, 
15, 000000, 000000, 0.00017593539674629722, 0.00017593539674629722, 0.9989443876195222 0.0010556123804777832, 
16, 000000, 000000, 0.0001560837727734119, 0.0001560837727734119, 0.9990634973633594 0.0009365026366404713, 
17, 000000, 000000, 0.0001544322182183613, 0.0001544322182183613, 0.9990734066906899 0.0009265933093101678, 
18, 000000, 000000, 0.0001821365857861111, 0.0001821365857861111, 0.9989071804852834 0.0010928195147166665, 
19, 000000, 000000, 0.00018586523841181165, 0.00018586523841181165, 0.9988848085695292 0.00111519143047087, 
20, 000000, 000000, 0.0001787327878292631, 0.0001787327878292631, 0.9989276032730244 0.0010723967269755787, 
21, 000000, 000000, 0.0001798754961659283, 0.0001798754961659283, 0.9989207470230045 0.00107925297699557, 
22, 000000, 000000, 0.0001917572848919275, 0.0001917572848919275, 0.9988494562906485 0.001150543709351565, 
23, 000000, 000000, 0.00017532419328675542, 0.00017532419328675542, 0.9989526349647795 0.001042784910720483 4.580124500024886e-06, 
24, 000000, 000000, 0.0005210370278221057, 0.0005210370278221057, 0.9979917172074295 0.0008903434182083162 0.0011179393743621592, 
25, 000000, 000000, 0.00017877644944366686, 0.00017877644944366686, 0.9989273413033379 0.0010726586966620013, 
26, 000000, 000000, 0.00018583430396499598, 0.00018583430396499598, 0.9988853915962601 0.0011142109836900509 3.9742004996254324e-07, 
27, 000000, 000000, 0.0002057828023468277, 0.0002057828023468277, 0.998765303185919 0.0012346968140809662, 
28, 000000, 000000, 0.00015854062299148385, 0.00015854062299148385, 0.9990487562620511 0.0009512437379489032, 
29, 000000, 000000, 0.00018675898075158352, 0.00018675898075158352, 0.9988794461154905 0.001120553884509501, 
30, 000000, 000000, 0.00017067830792408316, 0.00017067830792408316, 0.9989759301524556 0.001024069847544499, 
31, 000000, 000000, 0.00017684273564411767, 0.00017684273564411767, 0.9989389435861352 0.001061056413864706, 
32, 000000, 000000, 0.00019888115785898335, 0.00019888115785898335, 0.9988067130528461 0.0011932869471539004, 
33, 000000, 000000, 0.0002022938423840027, 0.0002022938423840027, 0.9987881084537278 0.001210020038240644 1.8715080316861469e-06, 
34, 000000, 000000, 0.00015540484835323683, 0.00015540484835323683, 0.9990682600486239 0.0009310508126327519 6.891387433345828e-07, 
35, 000000, 000000, 0.0001966831484063769, 0.0001966831484063769, 0.9988199011095618 0.0011800988904382616, 
36, 000000, 000000, 0.0001694839543677805, 0.0001694839543677805, 0.9989830962737933 0.0010169037262066829, 
37, 000000, 000000, 0.00017737690797484844, 0.00017737690797484844, 0.9989357385521508 0.0010642614478490909, 
38, 000000, 000000, 0.00018662714386337008, 0.00018662714386337008, 0.9988802371368198 0.0011197628631802203, 
39, 000000, 000000, 0.00018827293517809386, 0.00018827293517809386, 0.9988703623889315 0.0011296376110685633, 
40, 000000, 000000, 0.00016312330247851288, 0.00016312330247851288, 0.9990212601851289 0.0009787398148710773, 
41, 000000, 000000, 0.0001866431253813866, 0.0001866431253813866, 0.9988801412477117 0.0011198587522883198, 
42, 000000, 000000, 0.0001748730052408598, 0.0001748730052408598, 0.9989507619685549 0.0010492380314451588, 
43, 000000, 000000, 0.00017681860665406374, 0.00017681860665406374, 0.9989391317746759 0.0010608248107239955 4.3414600193500515e-08, 
44, 000000, 000000, 0.00017387104734936068, 0.00017387104734936068, 0.9989567737159037 0.001043226284096164, 
45, 000000, 000000, 0.0002023696179299029, 0.0002023696179299029, 0.9987857822924205 0.0012142177075794174, 
46, 000000, 000000, 0.0014721663922783962, 0.0014721663922783962, 0.9951082411581789 0.0009533674694860799 0.003935543232820658 2.848139514327049e-06, 
47, 000000, 000000, 0.0001683448655454528, 0.0001683448655454528, 0.9989915906981877 0.0010067494103519249 1.6598914603959944e-06, 
48, 000000, 000000, 0.0001932132937921344, 0.0001932132937921344, 0.9988407202372472 0.0011592797627528063, 
49, 000000, 000000, 0.00018055401891558265, 0.00018055401891558265, 0.9989166758865065 0.001083324113493496, 
50, 000000, 000000, 0.0010719391000659868, 0.0010719391000659868, 0.9962065085286189 0.0011553483423663532 0.002638143129014784, 
51, 000000, 000000, 0.0010154591649620909, 0.0010154591649620909, 0.9964064471246864 0.0010943507608547878 0.0024992021144588784, 
52, 000000, 000000, 0.00018861124698807473, 0.00018861124698807473, 0.9988683325180716 0.0011316674819284486, 
53, 000000, 000000, 0.00018219444311578866, 0.00018219444311578866, 0.9989068333413053 0.001093166658694732, 
54, 000000, 000000, 0.0002065840526752688, 0.0002065840526752688, 0.9987604956839484 0.0012395043160516128, 
55, 000000, 000000, 0.00017412153561231983, 0.00017412153561231983, 0.9989552707863262 0.001044729213673919, 
56, 000000, 000000, 0.00016452261685310108, 0.00016452261685310108, 0.9990128642988814 0.0009871357011186064, 
57, 000000, 000000, 0.00015989303556426218, 0.00015989303556426218, 0.9990406417866143 0.0009593582133855732, 
58, 000000, 000000, 0.00016821575191760317, 0.00016821575191760317, 0.9989907054884943 0.0010092945115056189, 
59, 000000, 000000, 0.00020458048093842287, 0.00020458048093842287, 0.9987725171143694 0.0012274828856305372, 
60, 000000, 000000, 0.00014694346894925897, 0.00014694346894925897, 0.9991183391863044 0.0008816608136955538, 
61, 000000, 000000, 0.00017201238920413982, 0.00017201238920413982, 0.9989679256647751 0.001032074335224839, 
62, 000000, 000000, 0.00017395716490626332, 0.00017395716490626332, 0.9989562570105625 0.00104374298943758, 
63, 000000, 000000, 0.00023803930292372663, 0.00023803930292372663, 0.9987435913266106 0.0010845815292362373 0.00017182714415306133, 
64, 000000, 000000, 0.00017017950478174563, 0.00017017950478174563, 0.9989789229713095 0.0010210770286904738, 
65, 000000, 000000, 0.0001676203512350503, 0.0001676203512350503, 0.9989942778925897 0.0010057221074103017, 
66, 000000, 000000, 0.00016552766814471515, 0.00016552766814471515, 0.99900956916913 0.0009876956528718866 2.7351779982021873e-06, 
67, 000000, 000000, 0.00018042218796549206, 0.00018042218796549206, 0.998917466872207 0.0010825331277929525, 
68, 000000, 000000, 0.0023685908554525303, 0.0023685908554525303, 0.993439147204096 0.0011536815505851343 0.003163650153826418 0.0022435210914924027, 
69, 000000, 000000, 0.001067001623135214, 0.001067001623135214, 0.9962625557179701 0.0010749130130189655 0.002660497081240472 2.0341877704574946e-06, 
70, 000000, 000000, 0.00016240475585143464, 0.00016240475585143464, 0.9990255714648915 0.0009744285351086079, 
71, 000000, 000000, 0.0001753570580316605, 0.0001753570580316605, 0.99894785765181 0.0010521423481899632, 
72, 000000, 000000, 0.0001838862424134532, 0.0001838862424134532, 0.9988966825455192 0.0011033174544807195, 
73, 000000, 000000, 0.00017978763383178468, 0.00017978763383178468, 0.9989212741970093 0.001078725802990708, 
74, 000000, 000000, 0.00044187882299625176, 0.00044187882299625176, 0.9980586811613135 0.0012313647393954064 0.0007099540992910521, 
75, 000000, 000000, 0.0001847147947081871, 0.0001847147947081871, 0.9988917112317509 0.0011082887682491228, 
76, 000000, 000000, 0.00015749597699804319, 0.00015749597699804319, 0.9990550241380118 0.0009449758619882591, 
77, 000000, 000000, 0.000179885263879007, 0.000179885263879007, 0.9989206884167259 0.0010793115832740422, 
78, 000000, 000000, 0.00019270600919986603, 0.00019270600919986603, 0.9988437639448008 0.0011562360551991963, 
79, 000000, 000000, 0.00019873818493564425, 0.00019873818493564425, 0.9988081507562139 0.0011912693779582905 5.798658277874901e-07, 
80, 000000, 000000, 0.0005151485689628585, 0.0005151485689628585, 0.9979350747703276 0.0010389590455676756 0.0010259661841047376, 
81, 000000, 000000, 0.00015847616797825498, 0.00015847616797825498, 0.9990491429921304 0.0009508570078695298, 
82, 000000, 000000, 0.00017624029912860758, 0.00017624029912860758, 0.9989425582052284 0.0010574417947716455, 
83, 000000, 000000, 0.00017977907468762563, 0.00017977907468762563, 0.9989213255518742 0.001078674448125754, 
84, 000000, 000000, 0.0001827765651478253, 0.0001827765651478253, 0.998903340609113 0.0010966593908869518, 
85, 000000, 000000, 0.0001984854455816505, 0.0001984854455816505, 0.9988090873265101 0.001190912673489903, 
86, 000000, 000000, 0.0001606460708446104, 0.0001606460708446104, 0.9990361235749324 0.0009638764250676625, 
87, 000000, 000000, 0.0001793306308914301, 0.0001793306308914301, 0.9989240162146514 0.0010759837853485806, 
88, 000000, 000000, 0.00017911181761834429, 0.00017911181761834429, 0.99892532909429 0.0010746709057100658, 
89, 000000, 000000, 0.000168721530151723, 0.000168721530151723, 0.9989876708190898 0.0010123291809103379, 
90, 000000, 000000, 0.00016443376899039254, 0.00016443376899039254, 0.9990133973860577 0.0009866026139423551, 
91, 000000, 000000, 0.00018271312302718155, 0.00018271312302718155, 0.9989037212618369 0.0010962787381630895, 
92, 000000, 000000, 0.0001854566220048695, 0.0001854566220048695, 0.9988872602679708 0.001112739732029217, 
93, 000000, 000000, 0.00018510198972530143, 0.00018510198972530143, 0.9988893880616482 0.0011106119383518086, 
94, 000000, 000000, 0.00017373061046973475, 0.00017373061046973475, 0.9989605682476193 0.0010364798419433769 2.9519104375158034e-06, 
95, 000000, 000000, 0.000177081869314116, 0.000177081869314116, 0.9989385306318054 0.001060447520504576 1.021847690060025e-06, 
96, 000000, 000000, 0.0001956551433702205, 0.0001956551433702205, 0.9988260691397786 0.001173930860221323, 
97, 000000, 000000, 0.0001728646727547327, 0.0001728646727547327, 0.9989628119634717 0.0010371880365283963, 
98, 000000, 000000, 0.0002038585738249729, 0.0002038585738249729, 0.9987768485570502 0.0012231514429498376, 
99, 000000, 000000, 0.00019206647303478565, 0.00019206647303478565, 0.9988480840176783 0.0011514331264346825 4.828558870156605e-07, 
100, 000000, 000000, 0.00018897705256846575, 0.00018897705256846575, 0.9988661376845892 0.0011338623154107945, 
run, initial grid state, final grid state, mean grid cell occupancy, mean binding site occupancy, fraction of time with N TFs bound, warning
1, 000000, 000000, 0.00016506665187682084, 0.00016506665187682084, 0.9990096000887391 0.000990399911260925, 
2, 000000, 000000, 0.0001638491461634646, 0.0001638491461634646, 0.9990169051230192 0.0009830948769807876, 
3, 000000, 000000, 0.00016216893857574354, 0.00016216893857574354, 0.9990269863685455 0.0009730136314544613, 
4, 000000, 000000, 0.0001828198216171385, 0.0001828198216171385, 0.9989030810702972 0.0010969189297028311, 
5, 000000, 000000, 0.0001930030806770289, 0.0001930030806770289, 0.9988419815159378 0.0011580184840621736, 
6, 000000, 000000, 0.00019088090602602852, 0.00019088090602602852, 0.9988596674883062 0.001135379587231398 4.95292446238654e-06, 
7, 000000, 000000, 0.00017567052858866994, 0.00017567052858866994, 0.998945976828468 0.0010540231715320196, 
8, 000000, 000000, 0.0001705619731056984, 0.0001705619731056984, 0.9989784686912889 0.0010196907787877667 1.8405299232119603e-06, 
9, 000000, 000000, 0.00015100701056572395, 0.00015100701056572395, 0.9990939579366056 0.000906042063394344, 
10, 000000, 000000, 0.00015323987324420904, 0.00015323987324420904, 0.9990805607605348 0.0009194392394652545, 
11, 000000, 000000, 0.0011682836805700385, 0.0011682836805700385, 0.9959893967665155 0.0010115043835484878 0.002999098849935872, 
12, 000000, 000000, 0.00017230616651854724, 0.00017230616651854724, 0.9989661630008887 0.0010338369991112837, 
13, 000000, 000000, 0.00018278088503150626, 0.00018278088503150626, 0.998903314689811 0.0010966853101890375, 
14, 000000, 000000, 0.0002188807366005817, 0.0002188807366005817, 0.9986867155803966 0.0013132844196034905, 
15, 000000, 000000, 0.00015975261518058265, 0.00015975261518058265, 0.9990414843089166 0.0009585156910834959, 
16, 000000, 000000, 0.00015623337380244506, 0.00015623337380244506, 0.9990625997571854 0.0009374002428146703, 
17, 000000, 000000, 0.0001725113051304096, 0.0001725113051304096, 0.9989652562642655 0.0010344196406867562 3.2409504785069396e-07, 
18, 000000, 000000, 0.0001702038575682187, 0.0001702038575682187, 0.9989787768545907 0.0010212231454093123, 
19, 000000, 000000, 0.00017907410231326603, 0.00017907410231326603, 0.9989255553861205 0.0010744446138795962, 
20, 000000, 000000, 0.0001724258152896077, 0.0001724258152896077, 0.9989654451082624 0.0010345548917376462, 
21, 000000, 000000, 0.00017875297009499778, 0.00017875297009499778, 0.99892748217943 0.0010725178205699868, 
22, 000000, 000000, 0.00018911861772765692, 0.00018911861772765692, 0.9988655866790406 0.001134114935553044 2.9838540644872753e-07, 
23, 000000, 000000, 0.00018062785732293114, 0.00018062785732293114, 0.9989162328560623 0.001083767143937587, 
24, 000000, 000000, 0.0006108600067665555, 0.0006108600067665555, 0.9976454783328698 0.0010438832936609911 0.001310638373469171, 
25, 000000, 000000, 0.00016682493401897814, 0.00016682493401897814, 0.9989990503958862 0.001000949604113869, 
26, 000000, 000000, 0.00019697998798577385, 0.00019697998798577385, 0.9988181200720854 0.0011818799279146432, 
27, 000000, 000000, 0.00016128339681727405, 0.00016128339681727405, 0.9990322996190963 0.0009677003809036444, 
28, 000000, 000000, 0.00018678485391981128, 0.00018678485391981128, 0.9988792908764812 0.0011207091235188678, 
29, 000000, 000000, 0.00018762632371287154, 0.00018762632371287154, 0.9988742420577228 0.0011257579422772293, 
30, 000000, 000000, 0.00018188133151366816, 0.00018188133151366816, 0.998908712010918 0.001091287989082009, 
31, 000000, 000000, 0.00018440413587160844, 0.00018440413587160844, 0.9988937348598059 0.0011061054651584704 1.5967503559021722e-07, 
32, 000000, 000000, 0.00030875011731168884, 0.00030875011731168884, 0.9984649392132948 0.0012176208695402217 0.0003174399171649558, 
33, 000000, 000000, 0.00017668453249795288, 0.00017668453249795288, 0.9989398928050123 0.0010601071949877172, 
34, 000000, 000000, 0.00017723703290091253, 0.00017723703290091253, 0.9989392282581212 0.0010581212863519994 2.6504555267379394e-06, 
35, 000000, 000000, 0.0001850658280090816, 0.0001850658280090816, 0.998896295981449 0.0010970130690473813 6.690949503554119e-06, 
36, 000000, 000000, 0.00024034764490466452, 0.00024034764490466452, 0.998557914130572 0.0014420858694279874, 
37, 000000, 000000, 0.0001868198209886567, 0.0001868198209886567, 0.9988790810740681 0.0011209189259319403, 
38, 000000, 000000, 0.00015538921042987215, 0.00015538921042987215, 0.9990676647374208 0.000932335262579233, 
39, 000000, 000000, 0.00016566195166430476, 0.00016566195166430476, 0.9990060282900143 0.0009939717099858288, 
40, 000000, 000000, 0.0001975167935639553, 0.0001975167935639553, 0.9988148992386163 0.0011851007613837318, 
41, 000000, 000000, 0.0001890261333967252, 0.0001890261333967252, 0.9988658431996197 0.0011341568003803513, 
42, 000000, 000000, 0.00017983568523745433, 0.00017983568523745433, 0.9989209858885753 0.001079014111424726, 
43, 000000, 000000, 0.00016852837270821798, 0.00016852837270821798, 0.9989888297637507 0.001011170236249308, 
