run, initial grid state, final grid state, mean grid cell occupancy, mean binding site occupancy, fraction of time with N TFs bound, warning
1, 0000000000, 0000000000, 6.789825123267806e-07, 7.443988551293399e-07, 0.9999955336068692 4.466393130776039e-06, 
2, 0000000000, 0000000000, 6.868554875221271e-07, 7.648425113673908e-07, 0.9999954109449318 4.589055068204345e-06, 
3, 1111111111, 1111111111, 1.0, 1.0, 0.0 0.0 0.0 0.0 0.0 0.0 1.0, 
4, 0000000000, 0000000000, 7.389771216469678e-07, 8.114771541488487e-07, 0.999995131137075 4.868862924893092e-06, 
5, 0000000000, 0000000000, 7.153907154537959e-07, 7.780481842970326e-07, 0.9999953317108943 4.668289105782196e-06, 
6, 0000000000, 0000000000, 7.107356101509329e-07, 7.672409588055862e-07, 0.9999953965542471 4.6034457528335175e-06, 
7, 0000000000, 0000000000, 7.058928851408722e-07, 7.765701728445589e-07, 0.999995340578963 4.659421037067354e-06, 
8, 0000000000, 0000000000, 7.114500404676551e-07, 7.554356352423055e-07, 0.9999954673861885 4.532613811453833e-06, 
9, 0000000000, 0000000000, 7.084074079476691e-07, 7.741002682156053e-07, 0.9999953553983908 4.644601609293631e-06, 
10, 0000000000, 0000000000, 7.420746549593557e-07, 8.09063141368651e-07, 0.9999951456211518 4.854378848211906e-06, 
11, 1111111111, 1111111111, 1.0, 1.0, 0.0 0.0 0.0 0.0 0.0 0.0 1.0, 
12, 0000000000, 0000000000, 7.171959596602606e-07, 7.966958113526786e-07, 0.9999952198251318 4.780174868116072e-06, 
13, 1111111111, 1111111111, 1.0, 1.0, 0.0 0.0 0.0 0.0 0.0 0.0 1.0, 
14, 0000000000, 0000000000, 7.186334817833693e-07, 7.772120670651016e-07, 0.9999953367275976 4.66327240239061e-06, 
15, 0000000000, 0000000000, 6.962672923635303e-07, 7.659319790406245e-07, 0.9999954044081257 4.595591874243746e-06, 
16, 1111111111, 1111111111, 1.0, 1.0, 0.0 0.0 0.0 0.0 0.0 0.0 1.0, 
17, 0000000000, 0000000000, 7.090266705688139e-07, 7.548601433497415e-07, 0.9999954708391399 4.529160860098449e-06, 
18, 0000000000, 0000000000, 7.131204420163752e-07, 7.902848201342104e-07, 0.999995258291079 4.741708920805262e-06, 
19, 0000000000, 0000000000, 7.037781592021097e-07, 7.809169025283623e-07, 0.9999953144985848 4.685501415170174e-06, 
20, 0000000000, 0000000000, 6.970927645612336e-07, 7.536891209372107e-07, 0.9999954778652744 4.5221347256232646e-06, 
21, 0000000000, 0000000000, 7.362160063761371e-07, 8.135507138842287e-07, 0.9999951186957168 4.881304283305372e-06, 
22, 0000000000, 0000000000, 7.172957225998175e-07, 7.859559305816598e-07, 0.9999952842644165 4.71573558348996e-06, 
23, 0000000000, 0000000000, 7.179785760523083e-07, 7.91543009921065e-07, 0.9999952507419404 4.7492580595263895e-06, 
24, 0000000000, 0000000000, 7.17882345472779e-07, 7.921583567487016e-07, 0.9999952470498594 4.75295014049221e-06, 
25, 1111111111, 1111111111, 1.0, 1.0, 0.0 0.0 0.0 0.0 0.0 0.0 1.0, 
26, 0000000000, 0000000000, 6.997832198238243e-07, 7.682560078130058e-07, 0.9999953904639531 4.609536046878035e-06, 
27, 0000000000, 0000000000, 6.998203910605294e-07, 7.752534918300852e-07, 0.999995348479049 4.651520950980512e-06, 
28, 0000000000, 0000000000, 7.239096939329257e-07, 7.789086291257158e-07, 0.9999953265482252 4.673451774754295e-06, 
29, 0000000000, 0000000000, 7.217808118425366e-07, 7.833488787682393e-07, 0.9999952999067273 4.700093272609436e-06, 
30, 0000000000, 0000000000, 7.303340778229591e-07, 7.986282640195632e-07, 0.999995208230416 4.7917695841173795e-06, 
31, 0000000000, 0000000000, 7.047708606566747e-07, 7.568547951463343e-07, 0.9999954588712292 4.541128770878006e-06, 
32, 1111111111, 1111111111, 1.0, 1.0, 0.0 0.0 0.0 0.0 0.0 0.0 1.0, 
33, 1111111111, 1111111111, 1.0, 1.0, 0.0 0.0 0.0 0.0 0.0 0.0 1.0, 
34, 0000000000, 0000000000, 7.119315357762998e-07, 7.899895261123125e-07, 0.9999952600628433 4.739937156673875e-06, 
35, 0000000000, 0000000000, 7.036914090539974e-07, 7.595768801931897e-07, 0.9999954425387189 4.5574612811591385e-06, 
36, 0000000000, 0000000000, 7.030527177195374e-07, 7.691220418979516e-07, 0.9999953852677486 4.61473225138771e-06, 
37, 0000000000, 0000000000, 6.944959622149099e-07, 7.646482550171974e-07, 0.9999954121104699 4.587889530103184e-06, 
38, 0000000000, 0000000000, 7.396508353126175e-07, 8.058530640570558e-07, 0.9999951648816157 4.8351183843423354e-06, 
39, 1111111111, 1111111111, 1.0, 1.0, 0.0 0.0 0.0 0.0 0.0 0.0 1.0, 
40, 0000000000, 0000000000, 7.249656337554216e-07, 8.058955707625817e-07, 0.9999951646265755 4.83537342457549e-06, 
41, 0000000000, 0000000000, 7.192627613612533e-07, 7.941067179636683e-07, 0.9999952353596923 4.764640307782011e-06, 
42, 0000000000, 0000000000, 7.086588820261074e-07, 7.621270663062288e-07, 0.9999954272376022 4.572762397837373e-06, 
43, 0000000000, 0000000000, 6.888895914910383e-07, 7.561824280785816e-07, 0.9999954629054315 4.537094568471491e-06, 
44, 0000000000, 0000000000, 6.971975131530336e-07, 7.653131586707581e-07, 0.9999954081210479 4.591878952024549e-06, 
45, 0000000000, 0000000000, 7.135801353361166e-07, 7.767862977696436e-07, 0.9999953392822134 4.660717786617862e-06, 
46, 0000000000, 0000000000, 7.179837655079539e-07, 7.819074803390096e-07, 0.999995308555118 4.691444882034057e-06, 
47, 0000000000, 0000000000, 7.273246180550804e-07, 8.056995428109444e-07, 0.9999951658027431 4.834197256865666e-06, 
48, 0000000000, 0000000000, 7.121348480656049e-07, 7.879388553854053e-07, 0.9999952723668676 4.727633132312432e-06, 
49, 0000000000, 0000000000, 7.205713926321727e-07, 7.902165223040343e-07, 0.9999952587008663 4.741299133824206e-06, 
50, 0000000000, 0000000000, 6.989412966507343e-07, 7.466899029831567e-07, 0.999995519860582 4.480139417898941e-06, 
51, 0000000000, 0000000000, 7.130754709152021e-07, 7.905361317946678e-07, 0.9999952567832093 4.743216790768007e-06, 
52, 0000000000, 0000000000, 7.14967220928531e-07, 7.791705768467997e-07, 0.999995324976539 4.675023461080799e-06, 
53, 0000000000, 0000000000, 7.319801068482859e-07, 8.035495109324485e-07, 0.9999951787029343 4.821297065594691e-06, 
54, 1111111111, 1111111111, 1.0, 1.0, 0.0 0.0 0.0 0.0 0.0 0.0 1.0, 
55, 0000000000, 0000000000, 7.093979711201487e-07, 7.620638049279854e-07, 0.9999954276171704 4.5723828295679135e-06, 
56, 1111111111, 1111111111, 1.0, 1.0, 0.0 0.0 0.0 0.0 0.0 0.0 1.0, 
57, 1111111111, 1111111111, 1.0, 1.0, 0.0 0.0 0.0 0.0 0.0 0.0 1.0, 
58, 0000000000, 0000000000, 7.116742519394665e-07, 7.59185990487957e-07, 0.9999954448840571 4.555115942927742e-06, 
59, 0000000000, 0000000000, 7.091933350472923e-07, 7.706996703071775e-07, 0.9999953758019782 4.624198021843066e-06, 
60, 1111111111, 1111111111, 1.0, 1.0, 0.0 0.0 0.0 0.0 0.0 0.0 1.0, 
61, 0000000000, 0000000000, 7.109107997291467e-07, 7.786422965810938e-07, 0.9999953281462205 4.671853779486563e-06, 
62, 0000000000, 0000000000, 7.124236511524438e-07, 7.77256661636707e-07, 0.9999953364600301 4.663539969820242e-06, 
63, 0000000000, 0000000000, 7.276926467664916e-07, 8.004667965201882e-07, 0.9999951971992209 4.8028007791211295e-06, 
64, 0000000000, 0000000000, 7.14749420555982e-07, 7.904424189603406e-07, 0.9999952573454862 4.742654513762043e-06, 
65, 1111111111, 1111111111, 1.0, 1.0, 0.0 0.0 0.0 0.0 0.0 0.0 1.0, 
66, 0000000000, 0000000000, 7.161919615193314e-07, 7.812694663593603e-07, 0.9999953123832019 4.687616798156162e-06, 
67, 0000000000, 0000000000, 6.888910351254109e-07, 7.553596965512925e-07, 0.9999954678418207 4.5321581793077555e-06, 
68, 0000000000, 0000000000, 7.032388354782469e-07, 7.801080780843038e-07, 0.9999953193515315 4.680648468505823e-06, 
69, 1111111111, 1111111111, 1.0, 1.0, 0.0 0.0 0.0 0.0 0.0 0.0 1.0, 
70, 0000000000, 0000000000, 6.782247123414407e-07, 7.485868153900503e-07, 0.9999955084791077 4.491520892340302e-06, 
71, 1111111111, 1111111111, 1.0, 1.0, 0.0 0.0 0.0 0.0 0.0 0.0 1.0, 
72, 0000000000, 0000000000, 7.213530057294603e-07, 7.720872088132928e-07, 0.9999953674767471 4.6325232528797566e-06, 
73, 0000000000, 0000000000, 7.300880963942694e-07, 7.922480782658257e-07, 0.9999952465115304 4.753488469594955e-06, 
74, 0000000000, 0000000000, 7.025217379101439e-07, 7.758555223036033e-07, 0.9999953448668661 4.65513313382162e-06, 
75, 0000000000, 0000000000, 7.291368402216884e-07, 7.941288491648099e-07, 0.999995235226905 4.76477309498886e-06, 
76, 0000000000, 0000000000, 7.146139493399727e-07, 7.7414557232612e-07, 0.9999953551265661 4.644873433956721e-06, 
77, 0000000000, 0000000000, 6.948095135038061e-07, 7.456621420456027e-07, 0.9999955260271477 4.473972852273616e-06, 
78, 1111111111, 1111111111, 1.0, 1.0, 0.0 0.0 0.0 0.0 0.0 0.0 1.0, 
79, 0000000000, 0000000000, 7.09431284072057e-07, 7.910841372401033e-07, 0.9999952534951765 4.74650482344062e-06, 
80, 0000000000, 0000000000, 7.011104361224003e-07, 7.732620707120665e-07, 0.9999953604275756 4.639572424272399e-06, 
81, 0000000000, 0000000000, 6.981988215171177e-07, 7.766306802861591e-07, 0.9999953402159183 4.659784081716955e-06, 
82, 0000000000, 0000000000, 7.040254308999781e-07, 7.665465290159437e-07, 0.9999954007208258 4.599279174095662e-06, 
83, 0000000000, 0000000000, 7.279719684158778e-07, 7.88461476499598e-07, 0.9999952692311409 4.730768858997589e-06, 
84, 0000000000, 0000000000, 7.097960341772553e-07, 7.828544283967965e-07, 0.9999953028734295 4.69712657038078e-06, 
85, 0000000000, 0000000000, 7.25390769107008e-07, 7.890685823254678e-07, 0.999995265588506 4.734411493952807e-06, 
86, 0000000000, 0000000000, 7.174673554336878e-07, 7.711984895041538e-07, 0.9999953728090629 4.627190937024923e-06, 
87, 1111111111, 1111111111, 1.0, 1.0, 0.0 0.0 0.0 0.0 0.0 0.0 1.0, 
88, 0000000000, 0000000000, 7.169806155481214e-07, 7.836762984462325e-07, 0.9999952979422093 4.702057790677395e-06, 
89, 0000000000, 0000000000, 7.109032523812326e-07, 7.715457362069984e-07, 0.9999953707255828 4.62927441724199e-06, 
90, 0000000000, 0000000000, 7.087193049252133e-07, 7.832570196319433e-07, 0.9999953004578822 4.69954211779166e-06, 
91, 0000000000, 0000000000, 7.223982534649445e-07, 7.949806843469548e-07, 0.9999952301158939 4.769884106081728e-06, 
92, 0000000000, 0000000000, 7.243841454560155e-07, 7.930756388852508e-07, 0.9999952415461666 4.758453833311505e-06, 
93, 0000000000, 0000000000, 7.189899295673904e-07, 7.935552536895487e-07, 0.9999952386684778 4.761331522137292e-06, 
94, 0000000000, 0000000000, 7.206254468473849e-07, 7.853675164774592e-07, 0.9999952877949011 4.712205098864755e-06, 
95, 0000000000, 0000000000, 7.176550049270014e-07, 7.802935274847271e-07, 0.9999953182388351 4.681761164908363e-06, 
96, 0000000000, 0000000000, 7.174996216817415e-07, 7.888288175421192e-07, 0.9999952670270947 4.732972905252716e-06, 
97, 0000000000, 0000000000, 7.009233005126339e-07, 7.771815683209107e-07, 0.99999533691059 4.663089409925464e-06, 
98, 0000000000, 0000000000, 7.108919451211224e-07, 7.609691782772082e-07, 0.9999954341849303 4.5658150696632496e-06, 
99, 0000000000, 0000000000, 7.054306160067361e-07, 7.577986361931509e-07, 0.9999954532081827 4.5467918171589064e-06, 
100, 0000000000, 0000000000, 7.0305319196633e-07, 7.708428811938186e-07, 0.9999953749427128 4.625057287162912e-06, 
run, initial grid state, final grid state, mean grid cell occupancy, mean binding site occupancy, fraction of time with N TFs bound, warning
1, 0000000000, 0000000000, 7.148496623497922e-07, 7.773093839465557e-07, 0.9999953361436963 4.663856303679335e-06, 
2, 0000000000, 0000000000, 7.117904642804198e-07, 7.853573673301872e-07, 0.9999952878557961 4.712144203981124e-06, 
3, 0000000000, 0000000000, 7.209365690218816e-07, 7.742882715037835e-07, 0.9999953542703709 4.6457296290227005e-06, 
4, 0000000000, 0000000000, 7.020595890872687e-07, 7.628427430784831e-07, 0.9999954229435416 4.577056458470899e-06, 
5, 1111111111, 1111111111, 1.0, 1.0, 0.0 0.0 0.0 0.0 0.0 0.0 1.0, 
6, 0000000000, 0000000000, 7.02754607071601e-07, 7.751714675304559e-07, 0.9999953489711949 4.6510288051827366e-06, 
7, 0000000000, 0000000000, 7.200690044345932e-07, 7.852365219061046e-07, 0.9999952885808685 4.711419131436629e-06, 
8, 0000000000, 0000000000, 7.21617147874572e-07, 8.047911664409402e-07, 0.9999951712530013 4.828746998645642e-06, 
9, 0000000000, 0000000000, 7.127491846793216e-07, 7.749949621927052e-07, 0.9999953500302269 4.649969773156231e-06, 
10, 0000000000, 0000000000, 7.085962039888564e-07, 7.644310046272038e-07, 0.9999954134139722 4.586586027763223e-06, 
11, 0000000000, 0000000000, 6.964041631690142e-07, 7.478313462227147e-07, 0.9999955130119226 4.4869880773362884e-06, 
12, 0000000000, 0000000000, 7.292642580298208e-07, 8.017902632034567e-07, 0.9999951892584208 4.810741579220741e-06, 
13, 0000000000, 0000000000, 7.104216711076525e-07, 7.767876569181541e-07, 0.9999953392740585 4.660725941508925e-06, 
14, 0000000000, 0000000000, 7.304446641789635e-07, 8.158348225310582e-07, 0.9999951049910647 4.8950089351863486e-06, 
15, 0000000000, 0000000000, 7.269988007299973e-07, 7.982076827755394e-07, 0.9999952107539034 4.789246096653237e-06, 
16, 0000000000, 0000000000, 7.080219489460743e-07, 7.774041227959576e-07, 0.9999953355752633 4.6644247367757455e-06, 
17, 0000000000, 0000000000, 7.25259756035432e-07, 8.04549029540263e-07, 0.9999951727058228 4.827294177241579e-06, 
18, 0000000000, 0000000000, 7.073075791608951e-07, 7.75205982894607e-07, 0.9999953487641027 4.6512358973676425e-06, 
19, 0000000000, 0000000000, 7.146734179699989e-07, 7.968420641400687e-07, 0.9999952189476151 4.7810523848404125e-06, 
20, 0000000000, 0000000000, 7.112397774991177e-07, 7.634744947415066e-07, 0.9999954191530315 4.5808469684490405e-06, 
21, 1111111111, 1111111111, 1.0, 1.0, 0.0 0.0 0.0 0.0 0.0 0.0 1.0, 
22, 1111111111, 1111111111, 1.0, 1.0, 0.0 0.0 0.0 0.0 0.0 0.0 1.0, 
23, 0000000000, 0000000000, 7.160495503892444e-07, 7.695917764742624e-07, 0.9999953824493412 4.617550658845575e-06, 
24, 0000000000, 0000000000, 7.076509111867878e-07, 7.763163816043621e-07, 0.9999953421017103 4.6578982896261724e-06, 
25, 0000000000, 0000000000, 7.133869376823284e-07, 7.679664667684625e-07, 0.9999953922011994 4.607798800610776e-06, 
26, 0000000000, 0000000000, 7.218893155189261e-07, 7.940281041291711e-07, 0.9999952358313753 4.764168624775026e-06, 
27, 0000000000, 0000000000, 7.130161757102524e-07, 7.780580928302294e-07, 0.999995331651443 4.668348556981377e-06, 
28, 0000000000, 0000000000, 7.176022093986228e-07, 7.713544446337387e-07, 0.9999953718733322 4.6281266678024325e-06, 
29, 0000000000, 0000000000, 7.234866118971258e-07, 7.766314062032484e-07, 0.9999953402115628 4.659788437219491e-06, 
30, 1111111111, 1111111111, 1.0, 1.0, 0.0 0.0 0.0 0.0 0.0 0.0 1.0, 
31, 1111111111, 1111111111, 1.0, 1.0, 0.0 0.0 0.0 0.0 0.0 0.0 1.0, 
32, 0000000000, 0000000000, 7.25628392813938e-07, 8.052855967204566e-07, 0.9999951682864197 4.8317135803227394e-06, 
33, 0000000000, 0000000000, 7.179136075734125e-07, 7.898061627185915e-07, 0.9999952611630236 4.738836976311549e-06, 
34, 0000000000, 0000000000, 7.095623149757295e-07, 7.865320679988703e-07, 0.999995280807592 4.719192407993222e-06, 
35, 0000000000, 0000000000, 7.204768114066211e-07, 7.9378363140843e-07, 0.9999952372982115 4.7627017884505795e-06, 
36, 0000000000, 0000000000, 7.248946460345427e-07, 7.805044489881735e-07, 0.9999953169733061 4.683026693929042e-06, 
37, 0000000000, 0000000000, 7.114444589604029e-07, 7.902833111725547e-07, 0.999995258300133 4.741699867035328e-06, 
38, 0000000000, 0000000000, 7.031407252529503e-07, 7.741892709757389e-07, 0.9999953548643741 4.645135625854433e-06, 
39, 0000000000, 0000000000, 7.278107179815789e-07, 7.911627306863696e-07, 0.9999952530236158 4.746976384118218e-06, 
40, 1111111111, 1111111111, 1.0, 1.0, 0.0 0.0 0.0 0.0 0.0 0.0 1.0, 
41, 0000000000, 0000000000, 7.190395574581426e-07, 7.81376183654236e-07, 0.999995311742898 4.688257101925416e-06, 
42, 0000000000, 0000000000, 7.177422566909698e-07, 7.850408837423539e-07, 0.9999952897546976 4.7102453024541245e-06, 
43, 1111111111, 1111111111, 1.0, 1.0, 0.0 0.0 0.0 0.0 0.0 0.0 1.0, 
44, 0000000000, 0000000000, 7.118187940150132e-07, 7.750716602620169e-07, 0.9999953495700384 4.6504299615721014e-06, 
45, 0000000000, 0000000000, 7.077209402576166e-07, 7.660893146717912e-07, 0.999995403464112 4.596535888030748e-06, 
46, 0000000000, 0000000000, 7.20275841026974e-07, 7.94079319024065e-07, 0.9999952355240859 4.7644759141443915e-06, 
47, 0000000000, 0000000000, 7.056050712697089e-07, 7.712768962136321e-07, 0.9999953723386228 4.627661377281792e-06, 
48, 0000000000, 0000000000, 7.096496653053853e-07, 7.636604445407421e-07, 0.9999954180373327 4.5819626672444526e-06, 
49, 0000000000, 0000000000, 7.015810332955731e-07, 7.689952874739814e-07, 0.9999953860282752 4.6139717248438885e-06, 
50, 0000000000, 0000000000, 7.278173584510085e-07, 8.072557811774608e-07, 0.999995156465313 4.843534687064765e-06, 
51, 0000000000, 0000000000, 7.022541606072947e-07, 7.799918982975594e-07, 0.9999953200486102 4.679951389785357e-06, 
52, 0000000000, 0000000000, 7.304614877945694e-07, 7.920353565979535e-07, 0.9999952477878604 4.7522121395877215e-06, 
53, 1111111111, 1111111111, 1.0, 1.0, 0.0 0.0 0.0 0.0 0.0 0.0 1.0, 
54, 1111111111, 1111111111, 1.0, 1.0, 0.0 0.0 0.0 0.0 0.0 0.0 1.0, 
55, 0000000000, 0000000000, 7.105260428151481e-07, 7.811624554582383e-07, 0.9999953130252672 4.68697473274943e-06, 
56, 0000000000, 0000000000, 7.064701351720861e-07, 7.700538761353504e-07, 0.9999953796767432 4.620323256812102e-06, 
57, 0000000000, 0000000000, 7.187951287692717e-07, 7.735370130274658e-07, 0.9999953587779218 4.641222078164795e-06, 
58, 0000000000, 0000000000, 7.054435668936396e-07, 7.600175707825282e-07, 0.9999954398945753 4.560105424695169e-06, 
59, 0000000000, 0000000000, 7.20783063180836e-07, 7.837463099685023e-07, 0.9999952975221402 4.702477859811014e-06, 
60, 0000000000, 0000000000, 7.29580565486106e-07, 8.16990338900567e-07, 0.9999950980579666 4.901942033403403e-06, 
61, 0000000000, 0000000000, 6.973163281362455e-07, 7.627574556833374e-07, 0.9999954234552659 4.576544734100025e-06, 
62, 0000000000, 0000000000, 7.308879156788655e-07, 8.064252166110199e-07, 0.9999951614487003 4.8385512996661205e-06, 
63, 0000000000, 0000000000, 7.087715871617518e-07, 7.768489432614019e-07, 0.9999953389063404 4.661093659568411e-06, 
64, 0000000000, 0000000000, 7.221344887513967e-07, 7.760055722037906e-07, 0.9999953439665669 4.656033433222744e-06, 
65, 0000000000, 0000000000, 7.261549731015039e-07, 8.090869738496226e-07, 0.9999951454781568 4.854521843097737e-06, 
66, 0000000000, 0000000000, 7.209004258576412e-07, 7.92607898082164e-07, 0.9999952443526114 4.755647388492984e-06, 
67, 0000000000, 0000000000, 7.005735340744612e-07, 7.529103749505215e-07, 0.9999954825377503 4.517462249703128e-06, 
68, 0000000000, 0000000000, 7.122733274082961e-07, 7.803911583994246e-07, 0.9999953176530496 4.682346950396548e-06, 
69, 0000000000, 0000000000, 7.179649522407327e-07, 7.878668898659678e-07, 0.9999952727986609 4.727201339195807e-06, 
70, 0000000000, 0000000000, 7.023566633036381e-07, 7.756409020842208e-07, 0.9999953461545875 4.653845412505324e-06, 
71, 0000000000, 0000000000, 7.012454807977081e-07, 7.368509181815712e-07, 0.9999955788944909 4.4211055090894275e-06, 
72, 0000000000, 0000000000, 7.040402422657492e-07, 7.562862134345857e-07, 0.9999954622827194 4.537717280607515e-06, 
73, 1111111111, 1111111111, 1.0, 1.0, 0.0 0.0 0.0 0.0 0.0 0.0 1.0, 
74, 0000000000, 0000000000, 7.09580587720522e-07, 7.741719597602554e-07, 0.9999953549682415 4.645031758561533e-06, 
75, 0000000000, 0000000000, 7.135301276013571e-07, 7.810508893995355e-07, 0.9999953136946635 4.686305336397213e-06, 
76, 1111111111, 1111111111, 1.0, 1.0, 0.0 0.0 0.0 0.0 0.0 0.0 1.0, 
77, 0000000000, 0000000000, 7.157008858390395e-07, 7.930010478501391e-07, 0.9999952419937128 4.7580062871008355e-06, 
78, 0000000000, 0000000000, 7.21016712160246e-07, 7.803855815597038e-07, 0.9999953176865106 4.682313489358223e-06, 
79, 0000000000, 0000000000, 6.95552790233505e-07, 7.639249778793067e-07, 0.9999954164501328 4.583549867275841e-06, 
80, 0000000000, 0000000000, 7.04825604766186e-07, 7.756962376417931e-07, 0.9999953458225742 4.654177425850759e-06, 
81, 0000000000, 0000000000, 7.068387111047465e-07, 7.785501045844977e-07, 0.9999953286993725 4.671300627506986e-06, 
82, 0000000000, 0000000000, 7.043119893692969e-07, 7.775755202367848e-07, 0.9999953345468786 4.6654531214207096e-06, 
83, 0000000000, 0000000000, 7.232034475805482e-07, 8.004685518894036e-07, 0.9999951971886887 4.802811311336422e-06, 
84, 0000000000, 0000000000, 7.063123513877634e-07, 7.809401472798632e-07, 0.9999953143591164 4.68564088367918e-06, 
85, 1111111111, 1111111111, 1.0, 1.0, 0.0 0.0 0.0 0.0 0.0 0.0 1.0, 
86, 1111111111, 1111111111, 1.0, 1.0, 0.0 0.0 0.0 0.0 0.0 0.0 1.0, 
87, 0000000000, 0000000000, 7.271747277851099e-07, 7.896561897400163e-07, 0.9999952620628616 4.737937138440098e-06, 
88, 1111111111, 1111111111, 1.0, 1.0, 0.0 0.0 0.0 0.0 0.0 0.0 1.0, 
89, 0000000000, 0000000000, 7.311811696433683e-07, 8.071520749651879e-07, 0.9999951570875502 4.8429124497911275e-06, 
90, 0000000000, 0000000000, 7.073788817813596e-07, 7.823438318174825e-07, 0.9999953059370091 4.694062990904896e-06, 
91, 0000000000, 0000000000, 6.983374314599233e-07, 7.525879824433534e-07, 0.9999954844721054 4.515527894660121e-06, 
92, 0000000000, 0000000000, 7.046884471625685e-07, 7.618958082412102e-07, 0.9999954286251506 4.571374849447262e-06, 
93, 0000000000, 0000000000, 7.069278864803879e-07, 7.536608517986522e-07, 0.9999954780348892 4.521965110791913e-06, 
94, 0000000000, 0000000000, 7.153436194566809e-07, 7.854228008790161e-07, 0.9999952874631948 4.712536805274097e-06, 
95, 0000000000, 0000000000, 7.21964133182923e-07, 7.853609253419101e-07, 0.999995287834448 4.712165552051461e-06, 
96, 0000000000, 0000000000, 7.158334669367423e-07, 7.747538956975886e-07, 0.9999953514766259 4.648523374185532e-06, 
97, 1111111111, 1111111111, 1.0, 1.0, 0.0 0.0 0.0 0.0 0.0 0.0 1.0, 
98, 0000000000, 0000000000, 7.03433757442338e-07, 7.488429019889527e-07, 0.999995506942588 4.493057411933717e-06, 
99, 0000000000, 0000000000, 7.418840734563473e-07, 8.142381515244247e-07, 0.9999951145710909 4.885428909146548e-06, 
100, 1111111111, 1111111111, 1.0, 1.0, 0.0 0.0 0.0 0.0 0.0 0.0 1.0, 
run, initial grid state, final grid state, mean grid cell occupancy, mean binding site occupancy, fraction of time with N TFs bound, warning
1, 0000000000, 0000000000, 0.00010845690461605124, 0.00018038378322905786, 0.9994566029402848 4.4914200559014534e-06 0.0005389056396592231, 
2, 0000000000, 0000000000, 6.988910644100063e-07, 7.584172963657616e-07, 0.9999954494962218 4.55050377819457e-06, 
3, 0000000000, 0000000000, 6.996712098215191e-07, 7.771387576503772e-07, 0.9999953371674541 4.662832545902263e-06, 
4, 0000000000, 0000000000, 7.036173239768486e-07, 7.894582245998464e-07, 0.9999952632506524 4.736749347599079e-06, 
5, 0000000000, 0000000000, 6.94840057039755e-07, 7.706915915705398e-07, 0.9999953758504505 4.62414954942324e-06, 
6, 0000000000, 0000000000, 7.212695045339463e-07, 8.017020338562678e-07, 0.9999951897877969 4.810212203137607e-06, 
7, 0000000000, 0000000000, 7.077409656007306e-07, 7.776026637124872e-07, 0.9999953343840177 4.665615982274924e-06, 
8, 0000000000, 0000000000, 7.141587253454615e-07, 7.858629325517943e-07, 0.9999952848224047 4.7151775953107666e-06, 
9, 0000000000, 0000000000, 7.238511147561783e-07, 7.842690172727451e-07, 0.9999952943858964 4.705614103636471e-06, 
10, 0000000000, 0000000000, 6.902713358359137e-07, 7.491413198081989e-07, 0.9999955051520812 4.494847918849194e-06, 
11, 0000000000, 0000000000, 7.161813749219262e-07, 7.779851394173381e-07, 0.9999953320891635 4.667910836504029e-06, 
12, 0000000000, 0000000000, 7.237354846831904e-07, 7.922473325133174e-07, 0.999995246516005 4.753483995079905e-06, 
13, 0000000000, 0000000000, 7.236076743748383e-07, 7.744290815598315e-07, 0.9999953534255107 4.646574489358989e-06, 
14, 0000000000, 0000000000, 7.243638233950717e-07, 8.110306104730203e-07, 0.9999951338163371 4.866183662838122e-06, 
15, 1111111111, 1111111111, 1.0, 1.0, 0.0 0.0 0.0 0.0 0.0 0.0 1.0, 
16, 0000000000, 0000000000, 7.003161600753858e-07, 7.508029300643135e-07, 0.9999954951824196 4.504817580385881e-06, 
17, 0000000000, 0000000000, 7.104362576883507e-07, 7.809312970667248e-07, 0.9999953144122176 4.685587782400349e-06, 
18, 0000000000, 0000000000, 7.069621358096275e-07, 7.58871930217775e-07, 0.9999954467684187 4.55323158130665e-06, 
19, 0000000000, 0000000000, 7.117972486982294e-07, 7.77809301366972e-07, 0.9999953331441918 4.666855808201833e-06, 
20, 0000000000, 0000000000, 7.110981906601449e-07, 7.831761372769582e-07, 0.9999953009431763 4.69905682366175e-06, 
21, 1111111111, 1111111111, 1.0, 1.0, 0.0 0.0 0.0 0.0 0.0 0.0 1.0, 
22, 1111111111, 1111111111, 1.0, 1.0, 0.0 0.0 0.0 0.0 0.0 0.0 1.0, 
23, 0000000000, 0000000000, 7.123485736034178e-07, 7.7601628462565e-07, 0.9999953439022923 4.6560977077539004e-06, 
24, 0000000000, 0000000000, 7.187315252950875e-07, 7.84973640297254e-07, 0.9999952901581582 4.709841841783525e-06, 
25, 0000000000, 0000000000, 7.154589794471034e-07, 7.714357327258708e-07, 0.9999953713856037 4.6286143963552255e-06, 
26, 0000000000, 0000000000, 6.966143552855466e-07, 7.599247254051789e-07, 0.9999954404516476 4.559548352431073e-06, 
27, 0000000000, 0000000000, 6.92614866168582e-07, 7.630192988072632e-07, 0.9999954218842072 4.5781157928435795e-06, 
28, 0000000000, 0000000000, 7.135576578888451e-07, 7.685870518347354e-07, 0.9999953884776891 4.611522311008413e-06, 
29, 0000000000, 0000000000, 6.907369176160593e-07, 7.596271319194633e-07, 0.9999954422372085 4.55776279151678e-06, 
30, 0000000000, 0000000000, 7.344139096607558e-07, 8.148372066480888e-07, 0.9999951109767602 4.8890232398885336e-06, 
31, 0000000000, 0000000000, 7.193941948780723e-07, 7.728680819027043e-07, 0.9999953627915086 4.637208491416226e-06, 
32, 0000000000, 0000000000, 7.187706671219909e-07, 7.875434148425326e-07, 0.9999952747395109 4.7252604890551965e-06, 
33, 0000000000, 0000000000, 7.359172801546208e-07, 8.020440476631934e-07, 0.999995187735714 4.81226428597916e-06, 
34, 0000000000, 0000000000, 7.247563480757178e-07, 7.895122147008654e-07, 0.9999952629267118 4.7370732882051925e-06, 
35, 0000000000, 0000000000, 7.420621417691262e-07, 8.145896218083719e-07, 0.9999951124622691 4.887537730850232e-06, 
36, 0000000000, 0000000000, 7.344615641107305e-07, 8.115911205540436e-07, 0.9999951304532766 4.869546723324262e-06, 
37, 0000000000, 0000000000, 7.143242427176196e-07, 7.558372486938928e-07, 0.9999954649765078 4.535023492163357e-06, 
38, 0000000000, 0000000000, 7.042566804718669e-07, 7.810290685537665e-07, 0.9999953138255887 4.6861744113226e-06, 
39, 0000000000, 0000000000, 7.01562206724039e-07, 7.736783400474745e-07, 0.9999953579299597 4.642070040284847e-06, 
40, 0000000000, 0000000000, 6.965527744627047e-07, 7.518545553286463e-07, 0.9999954888726681 4.511127331971878e-06, 
41, 0000000000, 0000000000, 7.143101441119367e-07, 7.51543259868467e-07, 0.9999954907404408 4.5092595592108025e-06, 
42, 0000000000, 0000000000, 7.071149499790875e-07, 7.583722636067226e-07, 0.9999954497664183 4.5502335816403355e-06, 
43, 1111111111, 1111111111, 1.0, 1.0, 0.0 0.0 0.0 0.0 0.0 0.0 1.0, 
44, 0000000000, 0000000000, 7.064837536918431e-07, 7.821685140267279e-07, 0.9999953069889158 4.693011084160368e-06, 
45, 0000000000, 0000000000, 7.116300279580754e-07, 7.738782029809976e-07, 0.9999953567307821 4.643269217885986e-06, 
46, 0000000000, 0000000000, 7.161664964846468e-07, 7.825958714621215e-07, 0.9999953044247712 4.6955752287727294e-06, 
47, 0000000000, 0000000000, 7.19905365480887e-07, 7.838045197753591e-07, 0.9999952971728813 4.702827118652154e-06, 
48, 0000000000, 0000000000, 7.050787397438872e-07, 7.825082312140279e-07, 0.9999953049506127 4.695049387284168e-06, 
49, 0000000000, 0000000000, 7.084674994415059e-07, 7.821840904944848e-07, 0.9999953068954571 4.693104542966909e-06, 
50, 0000000000, 0000000000, 7.18128728482268e-07, 7.824246536805164e-07, 0.9999953054520779 4.694547922083099e-06, 
51, 0000000000, 0000000000, 6.893012887227225e-07, 7.563040701429531e-07, 0.9999954621755792 4.537824420857719e-06, 
52, 0000000000, 0000000000, 7.278167608549916e-07, 8.126838324494551e-07, 0.9999951238970053 4.87610299469673e-06, 
53, 1111111111, 1111111111, 1.0, 1.0, 0.0 0.0 0.0 0.0 0.0 0.0 1.0, 
54, 0000000000, 0000000000, 0.0001177743419524513, 9.833148335605724e-05, 0.9994100110998636 0.0005899889001363434, 
55, 0000000000, 0000000000, 7.25676791142711e-07, 7.894435137698688e-07, 0.9999952633389174 4.736661082619213e-06, 
56, 0000000000, 0000000000, 7.249421553363846e-07, 8.210978535625763e-07, 0.9999950734128786 4.926587121375459e-06, 
57, 1111111111, 1111111111, 1.0, 1.0, 0.0 0.0 0.0 0.0 0.0 0.0 1.0, 
58, 0000000000, 0000000000, 7.022070268254083e-07, 7.592259822211538e-07, 0.9999954446441067 4.555355893326923e-06, 
59, 0000000000, 0000000000, 7.025028158687388e-07, 7.753683991732984e-07, 0.999995347789605 4.65221039503979e-06, 
60, 0000000000, 0000000000, 7.042163067359665e-07, 7.591868950657098e-07, 0.9999954448786296 4.555121370394259e-06, 
61, 1111111111, 1111111111, 1.0, 1.0, 0.0 0.0 0.0 0.0 0.0 0.0 1.0, 
62, 0000000000, 0000000000, 7.122732902639569e-07, 7.755971983338409e-07, 0.9999953464168099 4.653583190003046e-06, 
63, 0000000000, 0000000000, 7.08511684007743e-07, 7.804663614577996e-07, 0.9999953172018312 4.682798168746798e-06, 
64, 0000000000, 0000000000, 7.166001577340675e-07, 7.869536885214387e-07, 0.9999952782778689 4.721722131128633e-06, 
65, 0000000000, 0000000000, 7.055136883520947e-07, 7.736346191831005e-07, 0.9999953581922849 4.6418077150986034e-06, 
66, 0000000000, 0000000000, 7.152164017459491e-07, 7.738079730837534e-07, 0.9999953571521615 4.642847838502521e-06, 
67, 0000000000, 0000000000, 7.085539027585625e-07, 7.595110442498993e-07, 0.9999954429337344 4.557066265499396e-06, 
68, 1111111111, 1111111111, 1.0, 1.0, 0.0 0.0 0.0 0.0 0.0 0.0 1.0, 
69, 0000000000, 0000000000, 7.25130572607268e-07, 8.056560877408983e-07, 0.9999951660634735 4.8339365264453896e-06, 
70, 0000000000, 0000000000, 7.294413721392283e-07, 7.931625417372952e-07, 0.9999952410247495 4.758975250423772e-06, 
71, 0000000000, 0000000000, 7.138667858747454e-07, 7.89405893199506e-07, 0.9999952635646407 4.736435359197036e-06, 
72, 0000000000, 0000000000, 7.093530023212522e-07, 7.885937195528105e-07, 0.9999952684376828 4.731562317316863e-06, 
73, 1111111111, 1111111111, 1.0, 1.0, 0.0 0.0 0.0 0.0 0.0 0.0 1.0, 
74, 0000000000, 0000000000, 7.309248947447602e-07, 7.950478526307702e-07, 0.9999952297128842 4.770287115784622e-06, 
75, 0000000000, 0000000000, 6.957481922089736e-07, 7.5496510523616e-07, 0.9999954702093685 4.52979063141696e-06, 
76, 0000000000, 0000000000, 7.109599568330615e-07, 7.703161041784959e-07, 0.999995378103375 4.621896625070976e-06, 
77, 0000000000, 0000000000, 6.999399809961184e-07, 7.61136539996267e-07, 0.9999954331807601 4.566819239977602e-06, 
78, 1111111111, 1111111111, 1.0, 1.0, 0.0 0.0 0.0 0.0 0.0 0.0 1.0, 
79, 1111111111, 1111111111, 1.0, 1.0, 0.0 0.0 0.0 0.0 0.0 0.0 1.0, 
80, 1111111111, 1111111111, 1.0, 1.0, 0.0 0.0 0.0 0.0 0.0 0.0 1.0, 
81, 0000000000, 0000000000, 6.967120821850229e-07, 7.650348545554543e-07, 0.9999954097908726 4.590209127332727e-06, 
82, 0000000000, 0000000000, 7.086496003988231e-07, 7.744322251365369e-07, 0.9999953534066492 4.646593350819222e-06, 
83, 1111111111, 1111111111, 1.0, 1.0, 0.0 0.0 0.0 0.0 0.0 0.0 1.0, 
84, 0000000000, 0000000000, 7.151321646853574e-07, 7.918333796920099e-07, 0.9999952489997218 4.75100027815206e-06, 
85, 0000000000, 0000000000, 7.233559067417045e-07, 8.003617988083376e-07, 0.9999951978292071 4.802170792850026e-06, 
86, 0000000000, 0000000000, 7.188483161232822e-07, 7.807538043046997e-07, 0.9999953154771741 4.684522825828198e-06, 
87, 0000000000, 0000000000, 6.990452221931523e-07, 7.555828390835453e-07, 0.9999954665029656 4.533497034501273e-06, 
88, 0000000000, 0000000000, 7.183790412454123e-07, 7.839255756646716e-07, 0.9999952964465461 4.703553453988029e-06, 
89, 0000000000, 0000000000, 7.057048754734971e-07, 7.91176405030024e-07, 0.9999952529415698 4.7470584301801444e-06, 
90, 0000000000, 0000000000, 7.155736383606688e-07, 7.714818332735276e-07, 0.9999953711090004 4.628890999641167e-06, 
91, 0000000000, 0000000000, 7.076899811756989e-07, 7.629262896299907e-07, 0.9999954224422622 4.577557737779944e-06, 
92, 0000000000, 0000000000, 7.181152211512518e-07, 7.7277657462247e-07, 0.9999953633405522 4.6366594477348205e-06, 
93, 1111111111, 1111111111, 1.0, 1.0, 0.0 0.0 0.0 0.0 0.0 0.0 1.0, 
94, 0000000000, 0000000000, 7.420230154507085e-07, 8.059125536435194e-07, 0.9999951645246782 4.835475321861117e-06, 
95, 0000000000, 0000000000, 7.311175740999883e-07, 8.088344896793961e-07, 0.9999951469930619 4.8530069380763765e-06, 
96, 0000000000, 0000000000, 7.121614202456215e-07, 7.68983646901121e-07, 0.9999953860981186 4.613901881406726e-06, 
97, 0000000000, 0000000000, 7.383064970920262e-07, 8.058816215961002e-07, 0.9999951647102705 4.835289729576602e-06, 
98, 0000000000, 0000000000, 7.480918529337134e-07, 8.273109557385407e-07, 0.9999950361342657 4.963865734431244e-06, 
99, 0000000000, 0000000000, 7.165906983302307e-07, 7.931450519649428e-07, 0.9999952411296882 4.758870311789657e-06, 
100, 0000000000, 0000000000, 7.230858594870042e-07, 8.002565555501111e-07, 0.9999951984606666 4.801539333300667e-06, 
run, initial grid state, final grid state, mean grid cell occupancy, mean binding site occupancy, fraction of time with N TFs bound, warning
1, 0000000000, 0000000000, 9.223606717689824e-05, 7.758787563763694e-07, 0.9999953447274618 4.6552725382582166e-06, 
2, 0000000000, 0000000000, 6.803777072621133e-07, 7.59415874824072e-07, 0.9999954435047511 4.556495248944432e-06, 
3, 0000000000, 0000000000, 7.375434176738656e-07, 8.070899274617402e-07, 0.9999951574604352 4.842539564770441e-06, 
4, 0000000000, 0000000000, 6.962495281566017e-07, 7.618111140935519e-07, 0.9999954291333154 4.570866684561312e-06, 
5, 0000000000, 0000000000, 7.468392766908105e-07, 8.066572606628426e-07, 0.9999951600564361 4.8399435639770565e-06, 
6, 0000000000, 0000000000, 7.090450289542095e-07, 7.621076549892593e-07, 0.99999542735407 4.572645929935556e-06, 
7, 0000000000, 0000000000, 7.035394093687294e-07, 7.753223605615622e-07, 0.9999953480658367 4.651934163369374e-06, 
8, 0000000000, 0000000000, 6.851741090898487e-07, 7.414241658319211e-07, 0.999995551455005 4.448544994991527e-06, 
9, 1111111111, 1111111111, 1.0, 1.0, 0.0 0.0 0.0 0.0 0.0 0.0 1.0, 
10, 0000000000, 0000000000, 6.976216257611486e-07, 7.509978499399648e-07, 0.9999954940129004 4.505987099639789e-06, 
11, 0000000000, 0000000000, 7.133722370899132e-07, 7.816266507816654e-07, 0.9999953102400952 4.689759904689992e-06, 
12, 0000000000, 0000000000, 7.178771079704553e-07, 7.707059227215265e-07, 0.9999953757644636 4.624235536329159e-06, 
13, 0000000000, 0000000000, 7.049530948564459e-07, 7.763074873195329e-07, 0.9999953421550761 4.657844923917197e-06, 
14, 0000000000, 0000000000, 7.328127223999306e-07, 8.097542314047162e-07, 0.9999951414746115 4.8585253884282975e-06, 
15, 0000000000, 0000000000, 7.211213637948471e-07, 7.767358706090839e-07, 0.9999953397758048 4.660033166708658e-06 1.9102847292309712e-10, 
16, 0000000000, 0000000000, 7.085689188475294e-07, 7.66562955677464e-07, 0.9999954006222659 4.599377734064785e-06, 
17, 0000000000, 0000000000, 7.094129102895857e-07, 7.740616711576205e-07, 0.9999953556299731 4.6443700269457236e-06, 
18, 0000000000, 0000000000, 7.238046351422012e-07, 8.11719578035099e-07, 0.9999951296825318 4.8703174682105944e-06, 
19, 0000000000, 0000000000, 7.196057612839088e-07, 7.925465497174409e-07, 0.9999952447207017 4.7552792983046465e-06, 
20, 0000000000, 0000000000, 6.999420525495273e-07, 7.522864353799769e-07, 0.9999954862813877 4.513718612279861e-06, 
21, 1111111111, 1111111111, 1.0, 1.0, 0.0 0.0 0.0 0.0 0.0 0.0 1.0, 
22, 0000000000, 0000000000, 7.075023400348682e-07, 7.715236118334336e-07, 0.9999953708583289 4.629141671000602e-06, 
23, 0000000000, 0000000000, 7.203748058383405e-07, 7.826819706944249e-07, 0.9999953039081758 4.69609182416655e-06, 
24, 0000000000, 0000000000, 7.197356560403991e-07, 7.797541908764589e-07, 0.9999953214748548 4.6785251452587536e-06, 
25, 0000000000, 0000000000, 7.276374866458741e-07, 8.121733610147226e-07, 0.9999951269598338 4.873040166088335e-06, 
26, 0000000000, 0000000000, 7.194936963787269e-07, 7.906888733007242e-07, 0.9999952558667602 4.744133239804345e-06, 
27, 0000000000, 0000000000, 7.064403900236845e-07, 7.663925562227386e-07, 0.9999954016446627 4.598355337336431e-06, 
28, 0000000000, 0000000000, 7.038759858402696e-07, 7.593967214887703e-07, 0.999995443619671 4.556380328932621e-06, 
29, 1111111111, 1111111111, 1.0, 1.0, 0.0 0.0 0.0 0.0 0.0 0.0 1.0, 
30, 0000000000, 0000000000, 7.005040337976548e-07, 7.547724916250282e-07, 0.9999954713650503 4.528634949750169e-06, 
31, 1111111111, 1111111111, 1.0, 1.0, 0.0 0.0 0.0 0.0 0.0 0.0 1.0, 
32, 0000000000, 0000000000, 7.392067651856868e-07, 8.292474337384872e-07, 0.9999950245153977 4.975484602430924e-06, 
33, 0000000000, 0000000000, 7.396992593860098e-07, 8.200681931601414e-07, 0.999995079590841 4.920409158960849e-06, 
34, 0000000000, 0000000000, 7.308076578588405e-07, 8.05934610851102e-07, 0.9999951643923348 4.835607665106612e-06, 
35, 1111111111, 1111111111, 1.0, 1.0, 0.0 0.0 0.0 0.0 0.0 0.0 1.0, 
36, 0000000000, 0000000000, 7.281559218010349e-07, 7.839442032965182e-07, 0.9999952963347801 4.703665219779109e-06, 
37, 0000000000, 0000000000, 6.971252942425143e-07, 7.531435009909307e-07, 0.9999954811389942 4.518861005945585e-06, 
38, 0000000000, 0000000000, 7.033546143007364e-07, 7.723483513171703e-07, 0.999995365909892 4.634090107903023e-06, 
39, 1111111111, 1111111111, 1.0, 1.0, 0.0 0.0 0.0 0.0 0.0 0.0 1.0, 
40, 0000000000, 0000000000, 7.037504845811122e-07, 7.599251188299159e-07, 0.9999954404492871 4.559550712979495e-06, 
41, 0000000000, 0000000000, 7.152283192420312e-07, 7.829677052723542e-07, 0.9999953021937684 4.697806231634126e-06, 
42, 0000000000, 0000000000, 6.946220172436033e-07, 7.486065445838879e-07, 0.9999955083607325 4.491639267503328e-06, 
43, 0000000000, 0000000000, 7.257985464022494e-07, 8.127917177978502e-07, 0.9999951232496933 4.8767503067871015e-06, 
44, 1111111111, 1111111111, 1.0, 1.0, 0.0 0.0 0.0 0.0 0.0 0.0 1.0, 
45, 0000000000, 0000000000, 7.046276037662214e-07, 7.726706516217934e-07, 0.9999953639760902 4.636023909730761e-06, 
46, 0000000000, 0000000000, 7.157067541998221e-07, 7.803208393439377e-07, 0.999995318074964 4.681925036063626e-06, 
47, 0000000000, 0000000000, 7.025649456945553e-07, 7.499328535524823e-07, 0.9999955004028787 4.499597121314893e-06, 
48, 0000000000, 0000000000, 7.114043526068986e-07, 7.727569131517011e-07, 0.9999953634585211 4.6365414789102075e-06, 
49, 1111111111, 1111111111, 1.0, 1.0, 0.0 0.0 0.0 0.0 0.0 0.0 1.0, 
50, 0000000000, 0000000000, 7.152602950308764e-07, 7.862756455082759e-07, 0.9999952823461269 4.717653873049656e-06, 
51, 0000000000, 0000000000, 7.391475422406635e-07, 7.901948067203111e-07, 0.9999952588311596 4.741168840321867e-06, 
52, 0000000000, 0000000000, 7.219805862090545e-07, 7.875139483692776e-07, 0.9999952749163098 4.725083690215666e-06, 
53, 0000000000, 0000000000, 6.932866851017599e-07, 7.510401808010923e-07, 0.9999954937589153 4.506241084806554e-06, 
54, 0000000000, 0000000000, 0.0009448089539287296, 0.0015742588413208873, 0.9962623704451637 4.529578375681469e-06 0.0017582781609408627 0.001974820114411229 1.7011085578373499e-09, 
55, 0000000000, 0000000000, 7.109305003523449e-07, 7.873339371207457e-07, 0.9999952759963773 4.724003622724475e-06, 
56, 0000000000, 0000000000, 6.922438015618853e-07, 7.634907328831178e-07, 0.9999954190556026 4.5809443972987075e-06, 
57, 0000000000, 0000000000, 7.258061248233537e-07, 7.766221446383306e-07, 0.9999953402671321 4.659732867829983e-06, 
58, 0000000000, 0000000000, 7.192911483686247e-07, 7.975006597931678e-07, 0.9999952149960413 4.7850039587590085e-06, 
59, 0000000000, 0000000000, 7.248464724477669e-07, 8.032848366423479e-07, 0.9999951802909801 4.8197090198540875e-06, 
