run, initial grid state, final grid state, mean grid cell occupancy, mean binding site occupancy, fraction of time with N TFs bound, warning
1, 0000000000, 0000000000, 2.935866601850697e-06, 4.7942381787335026e-06, 0.9999712345709276 2.876542907240102e-05, 
2, 0000000000, 0000000000, 3.0974298223525154e-06, 5.065602557200767e-06, 0.9999696063846568 3.039361534320461e-05, 
3, 0000000000, 0000000000, 3.149313455549124e-06, 5.154255657009909e-06, 0.999969074466058 3.092553394205946e-05, 
4, 0000000000, 0000000000, 2.9538625990626226e-06, 4.8353887563628424e-06, 0.9999709876674618 2.9012332538177058e-05, 
5, 0000000000, 0000000000, 3.0400447827181663e-06, 4.972777995972373e-06, 0.9999701633320242 2.9836667975834236e-05, 
6, 0000000000, 0000000000, 3.0393331420782824e-06, 4.978856671815533e-06, 0.9999701268599691 2.9873140030893206e-05, 
7, 0000000000, 0000000000, 3.1118151848609836e-06, 5.087922891400419e-06, 0.9999694724626517 3.052753734840252e-05, 
8, 0000000000, 0000000000, 2.812622977471201e-06, 4.591953248912986e-06, 0.9999724482805066 2.7551719493477913e-05, 
9, 0000000000, 0000000000, 2.754192800499277e-06, 4.4920591869683456e-06, 0.9999730476448783 2.6952355121810073e-05, 
10, 0000000000, 0000000000, 2.775559744912898e-06, 4.527502955269448e-06, 0.9999728349822684 2.7165017731616693e-05, 
11, 0000000000, 0000000000, 3.0898445223545697e-06, 5.0527898653641345e-06, 0.9999696832608079 3.031673919218481e-05, 
12, 0000000000, 0000000000, 3.1212500242755128e-06, 5.102425776953874e-06, 0.9999693854453383 3.061455466172325e-05, 
13, 0000000000, 0000000000, 3.095298849230277e-06, 5.0644233774763355e-06, 0.999969613459735 3.0386540264858018e-05, 
14, 0000000000, 0000000000, 3.2454866348694498e-06, 5.312330108464968e-06, 0.9999681260193493 3.187398065078981e-05, 
15, 0000000000, 0000000000, 3.0084018987792633e-06, 4.9159396541611996e-06, 0.9999705043620751 2.9495637924967196e-05, 
16, 0000000000, 0000000000, 3.1654072609195194e-06, 5.180225129554285e-06, 0.9999689186492227 3.108135077732571e-05, 
17, 0000000000, 0000000000, 2.864002413365413e-06, 4.684716652446418e-06, 0.9999718917000854 2.810829991467851e-05, 
18, 0000000000, 0000000000, 3.206557734507762e-06, 5.251612542260305e-06, 0.9999684903247464 3.1509675253561826e-05, 
19, 0000000000, 0000000000, 3.211339745658825e-06, 5.256974314041325e-06, 0.9999684581541158 3.154184588424794e-05, 
20, 0000000000, 0000000000, 2.805522509291257e-06, 4.56921682410633e-06, 0.9999725846990554 2.741530094463798e-05, 
21, 0000000000, 0000000000, 3.0138249630925797e-06, 4.9308306588310066e-06, 0.999970415016047 2.9584983952986044e-05, 
22, 0000000000, 0000000000, 3.0224140274438646e-06, 4.943042650810989e-06, 0.9999703417440952 2.9658255904865935e-05, 
23, 0000000000, 0000000000, 3.1034056316279983e-06, 5.088914224871337e-06, 0.9999694743748052 3.051776504037924e-05 7.86015442439488e-09, 
24, 0000000000, 0000000000, 2.9186014159930966e-06, 4.760894101962505e-06, 0.9999714346353883 2.8565364611775036e-05, 
25, 0000000000, 0000000000, 3.0821678239136747e-06, 5.045712537422261e-06, 0.9999697257247755 3.027427522453357e-05, 
26, 0000000000, 0000000000, 2.9981066064334896e-06, 4.896177900017253e-06, 0.9999706229326 2.937706740010352e-05, 
27, 0000000000, 0000000000, 3.0278755895272608e-06, 4.9542291361707065e-06, 0.999970274625183 2.9725374817024244e-05, 
28, 0000000000, 0000000000, 2.8461217763573593e-06, 4.640899322404976e-06, 0.9999721546040655 2.784539593442986e-05, 
29, 0000000000, 0000000000, 2.9271440799390243e-06, 4.791489851759674e-06, 0.9999712510608895 2.8748939110558046e-05, 
30, 0000000000, 0000000000, 2.8471693738509575e-06, 4.6429505565649024e-06, 0.9999721422966606 2.785770333938942e-05, 
31, 0000000000, 0000000000, 2.9528331280881315e-06, 4.825313494429305e-06, 0.9999710481190334 2.8951880966575834e-05, 
32, 0000000000, 0000000000, 3.077829964257444e-06, 5.04498083473124e-06, 0.9999697301149917 3.026988500838744e-05, 
33, 0000000000, 0000000000, 3.17661744016828e-06, 5.192765682086897e-06, 0.9999688434059075 3.115659409252139e-05, 
34, 0000000000, 0000000000, 2.9953143488307965e-06, 4.902637603649359e-06, 0.9999705841743781 2.9415825621896153e-05, 
35, 0000000000, 0000000000, 3.075803440351283e-06, 5.033559627612232e-06, 0.9999697986422342 3.020135776567339e-05, 
36, 0000000000, 0000000000, 3.1481896562387366e-06, 5.162430256491615e-06, 0.999969025418461 3.097458153894969e-05, 
37, 0000000000, 0000000000, 3.156923896576921e-06, 5.156965190722673e-06, 0.9999690582088556 3.094179114433604e-05, 
38, 0000000000, 0000000000, 3.3911063621935013e-06, 5.5598341068932e-06, 0.9999666409953586 3.33590046413592e-05, 
39, 0000000000, 0000000000, 3.259271805021241e-06, 5.333071302752932e-06, 0.9999680015721836 3.199842781651759e-05, 
40, 0000000000, 0000000000, 3.4347811717313068e-06, 5.634226670859414e-06, 0.9999661946399749 3.380536002515648e-05, 
41, 0000000000, 0000000000, 3.055795328284979e-06, 5.004373169449278e-06, 0.9999699737609833 3.0026239016695677e-05, 
42, 0000000000, 0000000000, 3.056931509947049e-06, 5.008859714155587e-06, 0.999969946841715 3.0053158284933526e-05, 
43, 0000000000, 0000000000, 3.0026260709265996e-06, 4.909801675451728e-06, 0.9999705411899472 2.945881005271037e-05, 
44, 0000000000, 0000000000, 3.267700550090078e-06, 5.355798096244651e-06, 0.9999678652114226 3.213478857746791e-05, 
45, 0000000000, 0000000000, 3.047864031474225e-06, 4.989120687688751e-06, 0.9999700652758738 2.9934724126132505e-05, 
46, 0000000000, 0000000000, 2.9920313157787923e-06, 4.892949004880048e-06, 0.9999706423059708 2.935769402928029e-05, 
47, 0000000000, 0000000000, 3.311655502890935e-06, 5.43216822272403e-06, 0.9999674069906637 3.259300933634418e-05, 
48, 0000000000, 0000000000, 3.0516344530801285e-06, 4.980455919010971e-06, 0.9999701172644859 2.9882735514065824e-05, 
49, 0000000000, 0000000000, 2.952148573406968e-06, 4.80919235478598e-06, 0.9999711448458712 2.8855154128715884e-05, 
50, 0000000000, 0000000000, 2.9603563937936866e-06, 4.840101365398999e-06, 0.9999709593918076 2.9040608192393996e-05, 
51, 0000000000, 0000000000, 3.045345952232135e-06, 4.997585579768572e-06, 0.9999700144865215 2.998551347861144e-05, 
52, 0000000000, 0000000000, 3.387385882422284e-06, 5.550046291183458e-06, 0.9999666997222529 3.3300277747100746e-05, 
53, 0000000000, 0000000000, 2.914615322142759e-06, 4.758882450295042e-06, 0.9999714467052983 2.8553294701770256e-05, 
54, 0000000000, 0000000000, 2.7317086002364356e-06, 4.458188258567714e-06, 0.9999732508704486 2.6749129551406282e-05, 
55, 0000000000, 0000000000, 3.0754854379281444e-06, 5.029379788634647e-06, 0.9999698237212682 3.0176278731807885e-05, 
56, 0000000000, 0000000000, 2.973832094086866e-06, 4.858259052729551e-06, 0.9999708504456837 2.914955431637731e-05, 
57, 0000000000, 0000000000, 3.17059248113508e-06, 5.18473042532893e-06, 0.999968891617448 3.110838255197358e-05, 
58, 0000000000, 0000000000, 3.040684682218014e-06, 4.9771386958664415e-06, 0.9999701371678248 2.986283217519865e-05, 
59, 0000000000, 0000000000, 3.189199394399012e-06, 5.228167822780123e-06, 0.9999686309930633 3.1369006936680746e-05, 
60, 0000000000, 0000000000, 3.1353231266999526e-06, 5.13491188410906e-06, 0.9999691905286954 3.0809471304654364e-05, 
61, 0000000000, 0000000000, 2.763017762429391e-06, 4.50883834343045e-06, 0.9999729469699394 2.7053030060582702e-05, 
62, 0000000000, 0000000000, 2.688172496295179e-06, 4.382435247021328e-06, 0.9999737053885179 2.6294611482127966e-05, 
63, 0000000000, 0000000000, 3.077036352691285e-06, 5.041224551972681e-06, 0.9999697526526882 3.0247347311836087e-05, 
64, 0000000000, 0000000000, 2.8570309445278416e-06, 4.675465345533548e-06, 0.9999719472079268 2.8052792073201297e-05, 
65, 0000000000, 0000000000, 3.0729538144625368e-06, 5.027624884726302e-06, 0.9999698342506916 3.016574930835781e-05, 
66, 0000000000, 0000000000, 3.0453671731514236e-06, 4.976681128047066e-06, 0.9999701399132318 2.9860086768282397e-05, 
67, 0000000000, 0000000000, 2.8490418011473732e-06, 4.6593168673536455e-06, 0.9999720440987958 2.7955901204121873e-05, 
68, 0000000000, 0000000000, 3.045887488705813e-06, 4.982490509378475e-06, 0.9999701050569436 2.9894943056270847e-05, 
69, 0000000000, 0000000000, 2.9667927326766963e-06, 4.8539285905258296e-06, 0.9999708764284568 2.912357154315498e-05, 
70, 0000000000, 0000000000, 2.9531842479735078e-06, 4.822653227067082e-06, 0.9999710640806376 2.8935919362402495e-05, 
71, 0000000000, 0000000000, 3.184018519087345e-06, 5.209912009338879e-06, 0.999968740527944 3.1259472056033274e-05, 
72, 0000000000, 0000000000, 3.039743372158513e-06, 4.965782208617754e-06, 0.9999702053067483 2.9794693251706522e-05, 
73, 0000000000, 0000000000, 3.0654743668751545e-06, 5.013456517321136e-06, 0.9999699192608961 3.0080739103926817e-05, 
74, 0000000000, 0000000000, 3.056343819551929e-06, 5.0034977240054145e-06, 0.999969979013656 3.0020986344032485e-05, 
75, 0000000000, 0000000000, 2.9588836623475156e-06, 4.8358953689705455e-06, 0.9999709846277862 2.9015372213823273e-05, 
76, 0000000000, 0000000000, 3.047269337568443e-06, 4.985386394763046e-06, 0.9999700876816314 2.9912318368578283e-05, 
77, 0000000000, 0000000000, 3.1078976715566765e-06, 5.0911670846291e-06, 0.9999694529974923 3.05470025077746e-05, 
78, 0000000000, 0000000000, 3.3162165288931403e-06, 5.43419069922086e-06, 0.9999673948558047 3.2605144195325165e-05, 
79, 0000000000, 0000000000, 3.2315072976276277e-06, 5.285842646716959e-06, 0.9999682849441197 3.171505588030176e-05, 
80, 0000000000, 0000000000, 2.9941183381229024e-06, 4.896614058873641e-06, 0.9999706203156468 2.937968435324185e-05, 
81, 0000000000, 0000000000, 3.0938569644865513e-06, 5.05239144384349e-06, 0.9999696856513369 3.0314348663060945e-05, 
82, 0000000000, 0000000000, 2.9903799061838844e-06, 4.89135082171413e-06, 0.9999706518950697 2.9348104930284785e-05, 
83, 0000000000, 0000000000, 2.961063587010961e-06, 4.839915193607069e-06, 0.9999709605088384 2.9039491161642415e-05, 
84, 0000000000, 0000000000, 3.0639141711691794e-06, 5.013347278038549e-06, 0.9999699199163318 3.0080083668231296e-05, 
85, 0000000000, 0000000000, 3.01055082007538e-06, 4.918603163678281e-06, 0.999970488381018 2.951161898206969e-05, 
86, 0000000000, 0000000000, 2.969727924342888e-06, 4.842053457895618e-06, 0.9999709476792527 2.905232074737371e-05, 
87, 0000000000, 0000000000, 2.825923402735985e-06, 4.611717616262888e-06, 0.9999723296943024 2.7670305697577337e-05, 
88, 0000000000, 0000000000, 3.0576939432045798e-06, 5.000824684944328e-06, 0.9999699950518903 3.000494810966597e-05, 
89, 0000000000, 0000000000, 2.7776525309665926e-06, 4.530996914782029e-06, 0.9999728140185112 2.718598148869217e-05, 
90, 0000000000, 0000000000, 3.0860286946232493e-06, 5.047823828485043e-06, 0.9999697130570291 3.028694297091026e-05, 
91, 0000000000, 0000000000, 3.085174428255838e-06, 5.054080337640872e-06, 0.9999696755179742 3.0324482025845233e-05, 
92, 0000000000, 0000000000, 2.9703769600396266e-06, 4.849441681244144e-06, 0.9999709033499126 2.9096650087464865e-05, 
93, 0000000000, 0000000000, 3.4445547358302696e-06, 5.638419069941496e-06, 0.9999661694855804 3.383051441964898e-05, 
94, 0000000000, 0000000000, 2.946194613096144e-06, 4.821207922613395e-06, 0.9999710727524642 2.892724753568037e-05, 
95, 0000000000, 0000000000, 3.181728890798454e-06, 5.214700455749554e-06, 0.9999687117972654 3.128820273449733e-05, 
96, 0000000000, 0000000000, 3.0570382030628552e-06, 4.995185479488526e-06, 0.999970028887123 2.997111287693116e-05, 
97, 0000000000, 0000000000, 3.0058001646447617e-06, 4.923391778457443e-06, 0.9999704596493293 2.954035067074466e-05, 
98, 0000000000, 0000000000, 3.1565015225498853e-06, 5.16857895075653e-06, 0.9999689885262955 3.101147370453918e-05, 
99, 0000000000, 0000000000, 2.90181482500297e-06, 4.738525223201918e-06, 0.9999715688486608 2.843115133921151e-05, 
100, 0000000000, 0000000000, 3.212866579475391e-06, 5.260202264532128e-06, 0.9999684387864127 3.156121358719277e-05, 
run, initial grid state, final grid state, mean grid cell occupancy, mean binding site occupancy, fraction of time with N TFs bound, warning
1, 0000000000, 0000000000, 3.317052506277393e-06, 5.434039419744983e-06, 0.9999673957634816 3.2604236518469904e-05, 
2, 0000000000, 0000000000, 3.172775796563169e-06, 5.19585413437402e-06, 0.9999688248751938 3.117512480624412e-05, 
3, 0000000000, 0000000000, 3.078696740286818e-06, 5.037200835149952e-06, 0.9999697767949891 3.0223205010899717e-05, 
4, 0000000000, 0000000000, 3.1821772163941525e-06, 5.2078985797662495e-06, 0.9999687526085215 3.12473914785975e-05, 
5, 0000000000, 0000000000, 3.05695147654372e-06, 4.998273858655435e-06, 0.999970010356848 2.9989643151932614e-05, 
6, 0000000000, 0000000000, 3.299634151987454e-06, 5.4014485796606745e-06, 0.9999675913085221 3.240869147796405e-05, 
7, 0000000000, 0000000000, 2.9571761325335436e-06, 4.82320536962773e-06, 0.9999710607677822 2.8939232217766387e-05, 
8, 0000000000, 0000000000, 3.1986815567729836e-06, 5.234395019322178e-06, 0.999968593629884 3.140637011593307e-05, 
9, 0000000000, 0000000000, 3.012711636615795e-06, 4.922801026561212e-06, 0.9999704631938406 2.953680615936727e-05, 
10, 0000000000, 0000000000, 2.9738368019250114e-06, 4.869577981434791e-06, 0.9999707825321114 2.921746788860875e-05, 
11, 0000000000, 0000000000, 2.9218308413664676e-06, 4.777392933632926e-06, 0.9999713356423983 2.866435760179756e-05, 
12, 0000000000, 0000000000, 3.0884161760756584e-06, 5.052837227781946e-06, 0.9999696829766334 3.0317023366691673e-05, 
13, 0000000000, 0000000000, 3.1887816410973043e-06, 5.221469299523676e-06, 0.9999686711842029 3.132881579714206e-05, 
14, 0000000000, 0000000000, 2.819452953338634e-06, 4.6027657423976115e-06, 0.9999723834055456 2.761659445438567e-05, 
15, 0000000000, 0000000000, 2.973183500782897e-06, 4.85757874980081e-06, 0.9999708545275011 2.914547249880486e-05, 
16, 0000000000, 0000000000, 2.9560867641071423e-06, 4.8364366801811135e-06, 0.9999709813799189 2.9018620081086683e-05, 
17, 0000000000, 0000000000, 2.926013983516632e-06, 4.778299109943854e-06, 0.9999713302053402 2.866979465966312e-05, 
18, 0000000000, 0000000000, 3.295780211375893e-06, 5.402458528520257e-06, 0.999967585248829 3.2414751171121546e-05, 
19, 0000000000, 0000000000, 3.185649752064331e-06, 5.209580760154269e-06, 0.9999687425154391 3.125748456092562e-05, 
20, 0000000000, 0000000000, 3.075844152624405e-06, 5.026395043030169e-06, 0.9999698416297419 3.0158370258181013e-05, 
21, 0000000000, 0000000000, 3.049653650641064e-06, 4.9938066454361455e-06, 0.9999700371601274 2.9962839872616873e-05, 
22, 0000000000, 0000000000, 3.2726355328555604e-06, 5.3614170837718785e-06, 0.9999678314974975 3.216850250263127e-05, 
23, 0000000000, 0000000000, 3.0114275544273466e-06, 4.930081486812097e-06, 0.9999704195110791 2.9580488920872583e-05, 
24, 0000000000, 0000000000, 2.947413349960462e-06, 4.8193377564384386e-06, 0.9999710839734613 2.8916026538630633e-05, 
25, 0000000000, 0000000000, 3.0702408807687856e-06, 5.018442565820268e-06, 0.9999698893446051 3.0110655394921607e-05, 
26, 0000000000, 0000000000, 2.975120638529903e-06, 4.862389296371903e-06, 0.9999708256642218 2.9174335778231417e-05, 
27, 0000000000, 0000000000, 3.1133096917379156e-06, 5.087559062899053e-06, 0.9999694746456226 3.0525354377394315e-05, 
28, 0000000000, 0000000000, 2.895624141891232e-06, 4.729365718552255e-06, 0.9999716238056887 2.8376194311313527e-05, 
29, 0000000000, 0000000000, 2.979270559765176e-06, 4.87092967107212e-06, 0.9999707744219736 2.9225578026432717e-05, 
30, 0000000000, 0000000000, 2.8987925831606563e-06, 4.745063575897107e-06, 0.9999715296185447 2.8470381455382638e-05, 
31, 0000000000, 0000000000, 3.0093809781547946e-06, 4.92303301528255e-06, 0.9999704618019083 2.9538198091695303e-05, 
32, 0000000000, 0000000000, 2.9751616365872324e-06, 4.864671907248418e-06, 0.9999708119685565 2.918803144349051e-05, 
33, 0000000000, 0000000000, 3.174514880538825e-06, 5.204427103922472e-06, 0.9999687734373764 3.122656262353483e-05, 
34, 0000000000, 0000000000, 3.0930837564816573e-06, 5.063415647855791e-06, 0.9999696195061129 3.0380493887134745e-05, 
35, 0000000000, 0000000000, 2.9585396742114917e-06, 4.843643559160407e-06, 0.999970938138645 2.906186135496244e-05, 
36, 0000000000, 0000000000, 3.3054849638793995e-06, 5.412101769146217e-06, 0.9999675273893851 3.24726106148773e-05, 
37, 0000000000, 0000000000, 3.1431328420401324e-06, 5.138134090442742e-06, 0.9999691711954575 3.082880454265645e-05, 
38, 0000000000, 0000000000, 2.9826988010324228e-06, 4.8696384715892015e-06, 0.9999707821691705 2.9217830829535207e-05, 
39, 0000000000, 0000000000, 2.911342376570238e-06, 4.763559272798288e-06, 0.9999714186443632 2.8581355636789728e-05, 
40, 0000000000, 0000000000, 2.9324305815199897e-06, 4.790228384837696e-06, 0.9999712586296909 2.8741370309026178e-05, 
41, 0000000000, 0000000000, 2.974642617365833e-06, 4.8658546812152155e-06, 0.9999708048719128 2.919512808729129e-05, 
42, 0000000000, 0000000000, 2.9571748650358274e-06, 4.835588441344406e-06, 0.9999709864693519 2.9013530648066437e-05, 
43, 0000000000, 0000000000, 2.957040938531126e-06, 4.843106422005867e-06, 0.9999709413614679 2.9058638532035205e-05, 
44, 0000000000, 0000000000, 3.085946104164479e-06, 5.039113448023211e-06, 0.9999697653193118 3.023468068813927e-05, 
45, 0000000000, 0000000000, 2.987781506688136e-06, 4.887100167039143e-06, 0.9999706773989978 2.9322601002234855e-05, 
46, 0000000000, 0000000000, 3.1878594211746955e-06, 5.219001429518703e-06, 0.9999686859914229 3.131400857711222e-05, 
47, 0000000000, 0000000000, 2.955379891678314e-06, 4.833700326046451e-06, 0.9999709977980438 2.9002201956278708e-05, 
48, 0000000000, 0000000000, 2.952849220493631e-06, 4.829475915285809e-06, 0.9999710231445084 2.8976855491714858e-05, 
49, 0000000000, 0000000000, 3.0323923256829533e-06, 4.957706087988427e-06, 0.9999702537634721 2.9746236527930566e-05, 
50, 0000000000, 0000000000, 3.114154491426423e-06, 5.105174831092682e-06, 0.9999693689510133 3.0631048986556096e-05, 
51, 0000000000, 0000000000, 2.9382333829965947e-06, 4.798360382761395e-06, 0.9999712098377034 2.879016229656837e-05, 
52, 0000000000, 0000000000, 3.186763014758266e-06, 5.220540784658847e-06, 0.999968676755292 3.1323244707953084e-05, 
53, 0000000000, 0000000000, 3.1157886127306236e-06, 5.102455761212603e-06, 0.9999693852654328 3.061473456727562e-05, 
54, 0000000000, 0000000000, 2.7591035622270065e-06, 4.500327625252409e-06, 0.9999729980342484 2.7001965751514456e-05, 
55, 0000000000, 0000000000, 3.192317460656565e-06, 5.22304624789106e-06, 0.9999686617225125 3.1338277487346364e-05, 
56, 0000000000, 0000000000, 3.2263247653890866e-06, 5.278665258642599e-06, 0.9999683280084481 3.16719915518556e-05, 
57, 0000000000, 0000000000, 2.945726829797052e-06, 4.830412211015021e-06, 0.9999710175267339 2.898247326609013e-05, 
58, 0000000000, 0000000000, 3.012041414780043e-06, 4.929743879356676e-06, 0.9999704215367239 2.9578463276140056e-05, 
59, 0000000000, 0000000000, 3.023440912582967e-06, 4.943713228186455e-06, 0.9999703377206309 2.9662279369118732e-05, 
60, 0000000000, 0000000000, 3.1156697139618582e-06, 5.094774225322337e-06, 0.999969431354648 3.0568645351934025e-05, 
61, 0000000000, 0000000000, 3.2877437321672137e-06, 5.391346537120472e-06, 0.9999676519207773 3.2348079222722826e-05, 
62, 0000000000, 0000000000, 3.0180410836575815e-06, 4.93478392956357e-06, 0.9999703912964226 2.9608703577381423e-05, 
63, 0000000000, 0000000000, 2.85614787289048e-06, 4.65938592459711e-06, 0.9999720436844525 2.795631554758266e-05, 
64, 0000000000, 0000000000, 2.956355826023179e-06, 4.840049222363547e-06, 0.9999709597046659 2.904029533418128e-05, 
65, 0000000000, 0000000000, 3.148037420874135e-06, 5.1530764789206785e-06, 0.9999690815411264 3.091845887352407e-05, 
66, 0000000000, 0000000000, 3.1215763344053576e-06, 5.0970964666388335e-06, 0.999969454599219 3.0508222762057332e-05 3.7178018887837723e-08, 
67, 0000000000, 0000000000, 3.017176115306349e-06, 4.937041760677441e-06, 0.9999703777494359 2.962225056406465e-05, 
68, 0000000000, 0000000000, 3.025895313703832e-06, 4.9497161683448335e-06, 0.99997030170299 2.9698297010069e-05, 
69, 0000000000, 0000000000, 3.135387397575461e-06, 5.139303154142514e-06, 0.9999691641810752 3.0835818924855085e-05, 
70, 0000000000, 0000000000, 3.055983929460513e-06, 4.996186366512011e-06, 0.9999700228818009 2.9977118199072066e-05, 
71, 0000000000, 0000000000, 2.9684842551721736e-06, 4.860389319250271e-06, 0.9999708376640845 2.9162335915501625e-05, 
72, 0000000000, 0000000000, 2.9003446987224074e-06, 4.734815110040583e-06, 0.9999715911093398 2.8408890660243505e-05, 
73, 0000000000, 0000000000, 3.1847993388685306e-06, 5.205426681858362e-06, 0.9999687674399089 3.1232560091150164e-05, 
74, 0000000000, 0000000000, 2.8119806013751464e-06, 4.5914499280645715e-06, 0.9999724513004317 2.754869956838743e-05, 
75, 0000000000, 0000000000, 3.0967504825358765e-06, 5.052053176198849e-06, 0.9999696876809427 3.0312319057193094e-05, 
76, 0000000000, 0000000000, 3.127544794449477e-06, 5.125111958396773e-06, 0.9999692493282496 3.0750671750380644e-05, 
77, 0000000000, 0000000000, 3.02648383469965e-06, 4.949028548425329e-06, 0.9999703058287095 2.9694171290551974e-05, 
78, 0000000000, 0000000000, 3.2249805674940747e-06, 5.287614332040963e-06, 0.9999682743140078 3.172568599224578e-05, 
79, 0000000000, 0000000000, 2.9328605978896815e-06, 4.790465861087449e-06, 0.9999712572048334 2.87427951665247e-05, 
80, 0000000000, 0000000000, 3.0067205997235358e-06, 4.914289187623542e-06, 0.9999705142648743 2.9485735125741252e-05, 
81, 0000000000, 0000000000, 3.177103856039233e-06, 5.191705093443955e-06, 0.9999688497694393 3.1150230560663726e-05, 
82, 0000000000, 0000000000, 3.137108443828377e-06, 5.1282160092280274e-06, 0.9999692307039447 3.0769296055368165e-05, 
83, 0000000000, 0000000000, 3.0812808871958677e-06, 5.040934204997758e-06, 0.99996975439477 3.024560522998655e-05, 
84, 0000000000, 0000000000, 2.932659033699116e-06, 4.795329427883021e-06, 0.9999712280234326 2.8771976567298127e-05, 
85, 0000000000, 0000000000, 2.9941806894822843e-06, 4.89968721469258e-06, 0.9999706018767119 2.9398123288155484e-05, 
86, 0000000000, 0000000000, 3.2406591091144693e-06, 5.313227183487864e-06, 0.999968120636899 3.1879363100927185e-05, 
87, 0000000000, 0000000000, 3.1189964989691394e-06, 5.103792839956594e-06, 0.9999693772429601 3.062275703973957e-05, 
88, 0000000000, 0000000000, 2.8700039461309786e-06, 4.683513122728631e-06, 0.9999718989212637 2.810107873637179e-05, 
89, 0000000000, 0000000000, 2.913355547340944e-06, 4.7566333457175916e-06, 0.9999714601999257 2.853980007430555e-05, 
90, 0000000000, 0000000000, 3.1915391242911683e-06, 5.217325284828964e-06, 0.999968696048291 3.130395170897378e-05, 
91, 0000000000, 0000000000, 3.2576734486140815e-06, 5.34303736033162e-06, 0.9999679417758379 3.2058224161989715e-05, 
92, 0000000000, 0000000000, 2.9859839419366435e-06, 4.886321793457899e-06, 0.9999706820692392 2.9317930760747396e-05, 
93, 0000000000, 0000000000, 3.0234008670345255e-06, 4.935410928440886e-06, 0.9999703875344294 2.9612465570645316e-05, 
94, 0000000000, 0000000000, 3.040986092296628e-06, 4.980620050368172e-06, 0.9999701162796978 2.9883720302209034e-05, 
95, 0000000000, 0000000000, 3.102920019679198e-06, 5.07393337670344e-06, 0.9999695563997397 3.0443600260220642e-05, 
96, 0000000000, 0000000000, 3.019871169212185e-06, 4.933753615881644e-06, 0.9999703974783047 2.960252169528987e-05, 
97, 0000000000, 0000000000, 3.082967075383712e-06, 5.0480078576191775e-06, 0.9999697119528543 3.028804714571507e-05, 
98, 0000000000, 0000000000, 2.73343245577423e-06, 4.466126568307157e-06, 0.9999732032405902 2.6796759409842945e-05, 
99, 0000000000, 0000000000, 3.1355026267429244e-06, 5.127869284583039e-06, 0.9999692327842926 3.0767215707498235e-05, 
100, 0000000000, 0000000000, 3.2539048694812723e-06, 5.330146643487645e-06, 0.9999680191201391 3.198087986092587e-05, 
run, initial grid state, final grid state, mean grid cell occupancy, mean binding site occupancy, fraction of time with N TFs bound, warning
1, 0000000000, 0000000000, 3.016746848078999e-06, 4.9317364602904055e-06, 0.9999704095812383 2.959041876174243e-05, 
2, 0000000000, 0000000000, 2.7789527399570098e-06, 4.540534933458565e-06, 0.9999727567903992 2.7243209600751397e-05, 
3, 0000000000, 0000000000, 3.2508547449467726e-06, 5.328710140585474e-06, 0.9999680277391564 3.1972260843512844e-05, 
4, 0000000000, 0000000000, 3.1252712752738403e-06, 5.1157262316806375e-06, 0.9999693056426099 3.0694357390083823e-05, 
5, 0000000000, 0000000000, 2.9897139156372175e-06, 4.882939939599886e-06, 0.9999707023603625 2.929763963759932e-05, 
6, 0000000000, 0000000000, 2.9720159708597043e-06, 4.859365674093557e-06, 0.9999708438059554 2.9156194044561344e-05, 
7, 0000000000, 0000000000, 2.953395932564495e-06, 4.822837776650003e-06, 0.99997106297334 2.893702665990002e-05, 
8, 0000000000, 0000000000, 3.027011272819712e-06, 4.950723440085116e-06, 0.9999702956593595 2.9704340640510694e-05, 
9, 0000000000, 0000000000, 3.083377799904639e-06, 5.042417615909075e-06, 0.9999697454943045 3.025450569545445e-05, 
10, 0000000000, 0000000000, 3.0505898674213534e-06, 4.9902484240519185e-06, 0.9999700585094558 2.994149054431151e-05, 
11, 0000000000, 0000000000, 2.9923104112506674e-06, 4.898236495168178e-06, 0.9999706105810289 2.9389418971009073e-05, 
12, 0000000000, 0000000000, 3.020750592912142e-06, 4.9404847416788e-06, 0.9999703570915499 2.9642908450072805e-05, 
13, 0000000000, 0000000000, 2.999014524713668e-06, 4.904274944723287e-06, 0.9999705743503317 2.9425649668339725e-05, 
14, 0000000000, 0000000000, 3.0844584790321836e-06, 5.0546505553403204e-06, 0.999969672096668 3.032790333204193e-05, 
15, 0000000000, 0000000000, 2.8246129424940775e-06, 4.616298369564127e-06, 0.9999723022097826 2.7697790217384765e-05, 
16, 0000000000, 0000000000, 3.146792852222557e-06, 5.155142576552264e-06, 0.9999690691445406 3.093085545931358e-05, 
17, 0000000000, 0000000000, 3.133933158327127e-06, 5.131605537285222e-06, 0.9999692103667763 3.078963322371133e-05, 
18, 0000000000, 0000000000, 3.008428916081503e-06, 4.927082627188748e-06, 0.999970437504237 2.956249576313249e-05, 
19, 0000000000, 0000000000, 3.301119505875278e-06, 5.413370531356472e-06, 0.999967519776812 3.248022318813883e-05, 
20, 0000000000, 0000000000, 2.9865070280916653e-06, 4.88573750664528e-06, 0.9999706855749602 2.931442503987168e-05, 
21, 0000000000, 0000000000, 2.8653637186899736e-06, 4.688719539838206e-06, 0.9999718676827609 2.813231723902924e-05, 
22, 0000000000, 0000000000, 3.0724606913344578e-06, 5.019297265053785e-06, 0.9999698842164098 3.0115783590322713e-05, 
23, 0000000000, 0000000000, 3.1194324808900375e-06, 5.110900733739817e-06, 0.9999693345955976 3.06654044024389e-05, 
24, 0000000000, 0000000000, 3.2433707514570226e-06, 5.310871944050599e-06, 0.9999681347683357 3.18652316643036e-05, 
25, 0000000000, 0000000000, 3.013123379041939e-06, 4.927508654633262e-06, 0.9999704349480723 2.9565051927799577e-05, 
26, 0000000000, 0000000000, 3.0594113445053474e-06, 5.016828646441968e-06, 0.9999698990281213 3.0100971878651816e-05, 
27, 0000000000, 0000000000, 2.973424547526919e-06, 4.858815622709298e-06, 0.9999708471062638 2.9152893736255794e-05, 
28, 0000000000, 0000000000, 2.9132369166788465e-06, 4.758581742209434e-06, 0.9999714485095468 2.8551490453256602e-05, 
29, 0000000000, 0000000000, 3.2351708257615876e-06, 5.29549287839253e-06, 0.9999682270427296 3.177295727035518e-05, 
30, 0000000000, 0000000000, 2.8103917997601403e-06, 4.587399550715446e-06, 0.9999724756026958 2.7524397304292675e-05, 
31, 0000000000, 0000000000, 2.9147096382612138e-06, 4.757137176983302e-06, 0.999971457176938 2.8542823061899813e-05, 
32, 0000000000, 0000000000, 3.0961644989223247e-06, 5.064884436953854e-06, 0.9999696106933783 3.0389306621723126e-05, 
33, 0000000000, 0000000000, 2.907603516789486e-06, 4.758753707015088e-06, 0.9999714474777579 2.855252224209053e-05, 
34, 0000000000, 0000000000, 3.0956064815177817e-06, 5.066926128150689e-06, 0.9999695984432311 3.0401556768904136e-05, 
35, 0000000000, 0000000000, 2.9484684532392276e-06, 4.817414486644168e-06, 0.9999710955130802 2.890448691986501e-05, 
36, 0000000000, 0000000000, 3.049422345086799e-06, 4.983329191055954e-06, 0.9999701000248538 2.9899975146335723e-05, 
37, 0000000000, 0000000000, 3.187081913515515e-06, 5.213798291080959e-06, 0.9999687536084741 3.1209993305339455e-05 3.639822057315281e-08, 
38, 0000000000, 0000000000, 2.9574640042348762e-06, 4.838197077705361e-06, 0.9999709708175338 2.902918246623217e-05, 
39, 0000000000, 0000000000, 3.0531311844883734e-06, 4.997882875350021e-06, 0.9999700127027479 2.9987297252100124e-05, 
40, 0000000000, 0000000000, 3.102304949537895e-06, 5.088972886461719e-06, 0.9999694661626812 3.0533837318770316e-05, 
41, 0000000000, 0000000000, 3.178416289105856e-06, 5.206167218418226e-06, 0.9999687629966895 3.123700331050936e-05, 
42, 0000000000, 0000000000, 3.1713913922618873e-06, 5.190955472443279e-06, 0.9999688542671653 3.114573283465967e-05, 
43, 0000000000, 0000000000, 3.1515748678181775e-06, 5.151300596488539e-06, 0.999969092196421 3.0907803578931235e-05, 
44, 0000000000, 0000000000, 3.1173808702263224e-06, 5.0966598328802034e-06, 0.999969420263882 3.057951323877953e-05 2.2287925084431964e-10, 
45, 0000000000, 0000000000, 2.9876655437020762e-06, 4.891464115396466e-06, 0.9999706512153076 2.93487846923788e-05, 
46, 0000000000, 0000000000, 3.226583156912277e-06, 5.27199579472683e-06, 0.9999683680252317 3.163197476836098e-05, 
47, 0000000000, 0000000000, 2.893455659850146e-06, 4.736683599372017e-06, 0.9999715798984037 2.84201015962321e-05, 
48, 0000000000, 0000000000, 3.210850748565785e-06, 5.249227639247547e-06, 0.9999685046341645 3.149536583548528e-05, 
49, 0000000000, 0000000000, 2.906798761615812e-06, 4.749689782399125e-06, 0.9999715018613057 2.8498138694394752e-05, 
50, 0000000000, 0000000000, 2.6944793346955136e-06, 4.401624402407009e-06, 0.9999735902535856 2.6409746414442055e-05, 
51, 0000000000, 0000000000, 2.8622417187879653e-06, 4.678947319477677e-06, 0.9999719263160831 2.8073683916866066e-05, 
52, 0000000000, 0000000000, 3.0515093627234227e-06, 4.9919713683571795e-06, 0.9999700481717899 2.995182821014308e-05, 
53, 0000000000, 0000000000, 3.042967641748909e-06, 4.982210048644632e-06, 0.9999701067397082 2.98932602918678e-05, 
54, 0000000000, 0000000000, 3.177739374240899e-06, 5.190970206291271e-06, 0.9999688541787624 3.1145821237747634e-05, 
55, 0000000000, 0000000000, 3.318961353453586e-06, 5.440527123418739e-06, 0.9999673568372596 3.264316274051244e-05, 
56, 0000000000, 0000000000, 3.1363646181454173e-06, 5.12813697238837e-06, 0.9999692311781657 3.0768821834330225e-05, 
57, 0000000000, 0000000000, 3.204782075430111e-06, 5.250627427056564e-06, 0.9999684962354376 3.150376456233938e-05, 
58, 0000000000, 0000000000, 3.0709859434796026e-06, 5.02117570869643e-06, 0.9999698729457478 3.0127054252178584e-05, 
59, 0000000000, 0000000000, 3.0779702082778373e-06, 5.041056797257033e-06, 0.9999697536592165 3.0246340783542195e-05, 
60, 0000000000, 0000000000, 3.0558456022535628e-06, 4.993114788291036e-06, 0.9999700413112703 2.995868872974622e-05, 
61, 0000000000, 0000000000, 3.077617533093188e-06, 5.032667885718179e-06, 0.9999698039926858 3.0196007314309074e-05, 
62, 0000000000, 0000000000, 3.043942216580661e-06, 4.971403799823952e-06, 0.9999701715772011 2.9828422798943713e-05, 
63, 0000000000, 0000000000, 2.968967684733986e-06, 4.849601681493435e-06, 0.999970902389911 2.909761008896061e-05, 
64, 0000000000, 0000000000, 3.133731635400426e-06, 5.128273354860147e-06, 0.9999692303598708 3.076964012916088e-05, 
65, 0000000000, 0000000000, 3.0354913928804646e-06, 4.96925838475834e-06, 0.9999701844496914 2.9815550308550033e-05, 
66, 0000000000, 0000000000, 3.0209696274784703e-06, 4.936500431991861e-06, 0.9999704016812259 2.957763495622424e-05 2.0683817863464354e-08, 
67, 0000000000, 0000000000, 3.196729887300142e-06, 5.234424533732243e-06, 0.9999685934527976 3.140654720239347e-05, 
68, 0000000000, 0000000000, 2.8766688384627144e-06, 4.703629526884095e-06, 0.9999717782228387 2.822177716130457e-05, 
69, 0000000000, 0000000000, 2.753512235470321e-06, 4.500239398018318e-06, 0.9999729985636119 2.7001436388109907e-05, 
70, 0000000000, 0000000000, 3.009173148648215e-06, 4.9180152179988185e-06, 0.999970491908692 2.950809130799291e-05, 
71, 0000000000, 0000000000, 3.2181176269495565e-06, 5.264766195166379e-06, 0.999968411402829 3.158859717099827e-05, 
72, 0000000000, 0000000000, 3.1264667986909486e-06, 5.1080977707388774e-06, 0.9999693514133755 3.064858662443327e-05, 
73, 0000000000, 0000000000, 2.739845763995445e-06, 4.472805948929845e-06, 0.9999731631643065 2.6836835693579074e-05, 
74, 0000000000, 0000000000, 2.93487368106352e-06, 4.799409283839521e-06, 0.999971203544297 2.8796455703037124e-05, 
75, 0000000000, 0000000000, 3.007940660249841e-06, 4.915819047572098e-06, 0.9999705050857145 2.949491428543259e-05, 
76, 0000000000, 0000000000, 3.155496678086843e-06, 5.169678708675381e-06, 0.999968981927748 3.101807225205228e-05, 
77, 0000000000, 0000000000, 2.799525357083079e-06, 4.576856894796078e-06, 0.9999725388586312 2.7461141368776467e-05, 
78, 0000000000, 0000000000, 2.83994948750548e-06, 4.642027156287951e-06, 0.9999721478370622 2.785216293772771e-05, 
79, 0000000000, 0000000000, 3.114660107207928e-06, 5.104931934087404e-06, 0.9999693704083955 3.0629591604524424e-05, 
80, 0000000000, 0000000000, 3.1365622437273935e-06, 5.133603919353045e-06, 0.9999691983764838 3.0801623516118265e-05, 
81, 0000000000, 0000000000, 3.211064143091063e-06, 5.264879207805626e-06, 0.9999684107247531 3.158927524683376e-05, 
82, 0000000000, 0000000000, 3.0844368600566605e-06, 5.046187529505362e-06, 0.999969722874823 3.0277125177032177e-05, 
83, 0000000000, 0000000000, 3.1358327924160927e-06, 5.12955019292173e-06, 0.9999692226988425 3.0777301157530385e-05, 
84, 0000000000, 0000000000, 3.1109365683965192e-06, 5.08342783832549e-06, 0.9999694994329701 3.0500567029952942e-05, 
85, 0000000000, 0000000000, 2.9571858061100014e-06, 4.834030494960189e-06, 0.9999709958170303 2.9004182969761137e-05, 
86, 0000000000, 0000000000, 3.123013123933402e-06, 5.1107864788949646e-06, 0.9999693352811266 3.066471887336979e-05, 
87, 0000000000, 0000000000, 3.1087688733267314e-06, 5.083867389498951e-06, 0.999969496795663 3.0503204336993702e-05, 
88, 0000000000, 0000000000, 2.9492128017360253e-06, 4.8255516552480134e-06, 0.9999710466900685 2.8953309931488082e-05, 
89, 0000000000, 0000000000, 3.0581846491430574e-06, 4.993737480574516e-06, 0.9999700375751165 2.9962424883447096e-05, 
90, 0000000000, 0000000000, 2.8926335860396667e-06, 4.732723752304353e-06, 0.9999716036574862 2.839634251382612e-05, 
91, 0000000000, 0000000000, 2.9354527728156676e-06, 4.800560642700006e-06, 0.9999711966361438 2.8803363856200037e-05, 
92, 0000000000, 0000000000, 3.0267948358030105e-06, 4.948979924095882e-06, 0.9999703061204555 2.9693879544575296e-05, 
93, 0000000000, 0000000000, 2.930078374610726e-06, 4.7891518695821e-06, 0.9999712650887824 2.8734911217492604e-05, 
94, 0000000000, 0000000000, 2.9854136328842987e-06, 4.887200382193328e-06, 0.9999706767977069 2.932320229315997e-05, 
95, 0000000000, 0000000000, 3.0845578707300928e-06, 5.047669765144949e-06, 0.9999697139814092 3.028601859086969e-05, 
96, 0000000000, 0000000000, 3.2610613987031055e-06, 5.342467355538835e-06, 0.9999679451958667 3.205480413323301e-05, 
97, 0000000000, 0000000000, 3.062416717485136e-06, 5.005281335035872e-06, 0.9999699683119898 3.0031688010215234e-05, 
98, 0000000000, 0000000000, 2.9984522012804097e-06, 4.903642721724426e-06, 0.9999705781436696 2.9421856330346556e-05, 
99, 0000000000, 0000000000, 2.938601912300579e-06, 4.8046312234058245e-06, 0.9999711722126596 2.8827787340434952e-05, 
100, 0000000000, 0000000000, 3.1066064771596184e-06, 5.076992123320879e-06, 0.9999695380472601 3.0461952739925275e-05, 
run, initial grid state, final grid state, mean grid cell occupancy, mean binding site occupancy, fraction of time with N TFs bound, warning
1, 0000000000, 0000000000, 2.9556373831501695e-06, 4.821636751950588e-06, 0.9999710701794883 2.892982051170353e-05, 
2, 0000000000, 0000000000, 3.2284137666084734e-06, 5.2861874003951344e-06, 0.9999682828755976 3.171712440237081e-05, 
3, 0000000000, 0000000000, 2.9686964642304615e-06, 4.850512974463248e-06, 0.9999708969221531 2.9103077846779484e-05, 
4, 0000000000, 0000000000, 3.051842069860204e-06, 4.998467145317162e-06, 0.9999700091971281 2.999080287190298e-05, 
5, 0000000000, 0000000000, 3.1255705700322672e-06, 5.115270293653195e-06, 0.9999693083782382 3.0691621761919174e-05, 
6, 0000000000, 0000000000, 3.103804470530312e-06, 5.0689087037884045e-06, 0.9999695865477772 3.041345222273043e-05, 
7, 0000000000, 0000000000, 2.657248498833805e-06, 4.332883490478575e-06, 0.9999740026990571 2.599730094287145e-05, 
8, 0000000000, 0000000000, 3.1229868512505306e-06, 5.104102692667483e-06, 0.999969375383844 3.06246161560049e-05, 
9, 0000000000, 0000000000, 2.946158228800111e-06, 4.8107705215377065e-06, 0.9999711353768708 2.886462312922624e-05, 
10, 0000000000, 0000000000, 3.096198416917053e-06, 5.071024739998503e-06, 0.99996957385156 3.042614843999102e-05, 
11, 0000000000, 0000000000, 2.9052837470865676e-06, 4.757574928737216e-06, 0.9999714545504276 2.8545449572423294e-05, 
12, 0000000000, 0000000000, 3.2018727115056075e-06, 5.2427685981487015e-06, 0.9999685433884111 3.145661158889221e-05, 
13, 0000000000, 0000000000, 0.0007613068287573082, 0.0012687559282903932, 0.9961770496418849 3.336811122117833e-05 0.0037895792821603016 2.9647335268202277e-09, 
14, 0000000000, 0000000000, 3.0940755698369837e-06, 5.063774237658633e-06, 0.9999696173545741 3.0382645425951794e-05, 
15, 0000000000, 0000000000, 2.7194261021254958e-06, 4.447347376152765e-06, 0.999973315915743 2.6684084256916593e-05, 
16, 0000000000, 0000000000, 2.9500449371392276e-06, 4.821964576944741e-06, 0.9999710682125383 2.8931787461668444e-05, 
17, 0000000000, 0000000000, 2.9137343317909232e-06, 4.75549778938796e-06, 0.9999714670132636 2.853298673632776e-05, 
18, 0000000000, 0000000000, 2.7986475257855423e-06, 4.569638181800285e-06, 0.9999725821709091 2.741782909080171e-05, 
19, 0000000000, 0000000000, 2.8946852617994214e-06, 4.73429108466478e-06, 0.999971594253492 2.8405746507988685e-05, 
20, 0000000000, 0000000000, 3.069454342035266e-06, 5.02078473850109e-06, 0.999969875291569 3.012470843100654e-05, 
21, 0000000000, 0000000000, 3.1239420796203772e-06, 5.108709396868255e-06, 0.9999693477436188 3.0652256381209534e-05, 
22, 0000000000, 0000000000, 3.190898127931968e-06, 5.222504280603726e-06, 0.9999686649743164 3.133502568362236e-05, 
23, 0000000000, 0000000000, 2.9306169243251373e-06, 4.7952083577318415e-06, 0.9999712287498537 2.8771250146391044e-05, 
24, 0000000000, 0000000000, 3.0046485950915873e-06, 4.921166995746371e-06, 0.9999704729980254 2.952700197447823e-05, 
25, 0000000000, 0000000000, 3.1223918351114815e-06, 5.108438851091731e-06, 0.9999693493668935 3.0650633106550386e-05, 
26, 0000000000, 0000000000, 3.1149420415009484e-06, 5.093986910537461e-06, 0.9999694360785367 3.0563921463224766e-05, 
27, 0000000000, 0000000000, 2.9537332833126584e-06, 4.825353945669946e-06, 0.9999710478763261 2.895212367401968e-05, 
28, 0000000000, 0000000000, 3.051189308187392e-06, 4.9899225044844755e-06, 0.9999700604649729 2.9939535026906855e-05, 
29, 0000000000, 0000000000, 2.9535292868796025e-06, 4.836049222095448e-06, 0.9999709837046674 2.9016295332572686e-05, 
30, 0000000000, 0000000000, 3.074910451298824e-06, 5.0319481006998276e-06, 0.9999698083113958 3.019168860419897e-05, 
31, 0000000000, 0000000000, 2.7945046228937126e-06, 4.562858736278897e-06, 0.9999726228475823 2.737715241767338e-05, 
32, 0000000000, 0000000000, 2.8617735617015106e-06, 4.677383405139857e-06, 0.9999719356995691 2.8064300430839146e-05, 
33, 0000000000, 0000000000, 2.982498905623938e-06, 4.885665698519234e-06, 0.9999706860058089 2.93139941911154e-05, 
