run, initial grid state, final grid state, mean grid cell occupancy, mean binding site occupancy, fraction of time with N TFs bound, warning
1, 0000000000, 0000000000, 1.846741810244986e-05, 3.0453010694456345e-05, 0.9998172819358333 0.0001827180641667381, 
2, 0000000000, 0000000000, 1.8660662009093863e-05, 3.07526541472969e-05, 0.9998154840751162 0.0001845159248837814, 
3, 0000000000, 0000000000, 1.852950537725597e-05, 3.053922251810375e-05, 0.9998167646648914 0.00018323533510862248, 
4, 0000000000, 0000000000, 1.821073374064388e-05, 2.9983355598349466e-05, 0.9998200998664099 0.0001799001335900968, 
5, 0000000000, 0000000000, 1.820672111957211e-05, 3.0002335734802083e-05, 0.9998199859855912 0.0001800140144088125, 
6, 0011111100, 0000000000, 0.3214176736635796, 0.5234971773924945, 0.4237496280292557 7.66349662559373e-05 0.0017233811399879767 0.026353186459534845 0.04490873291912845 0.14036544286140593 0.36282299362443116, 
7, 0000000000, 0000000000, 1.9630524026134e-05, 3.237417548889387e-05, 0.9998057549470667 0.0001942450529333632, 
8, 0000000000, 0000000000, 1.8655023612108942e-05, 3.0744072763704115e-05, 0.9998155355634177 0.0001844644365822247, 
9, 0000000000, 0000000000, 1.802250679095231e-05, 2.9694029783295087e-05, 0.9998218358213002 0.00017816417869977053, 
10, 0000000000, 0000000000, 1.8754157733338774e-05, 3.0908678926215536e-05, 0.9998145652758097 0.00018541737482346394 1.7349366914658317e-08, 
11, 0000000000, 0000000000, 1.7871469832944982e-05, 2.9460716133573756e-05, 0.9998232357031985 0.00017676429680144257, 
12, 0000000000, 0000000000, 1.7902296308368418e-05, 2.9492552625974124e-05, 0.9998230941219014 0.00017685644044145013 4.943765719731648e-08, 
13, 0000000000, 0001111100, 0.49751926204861524, 0.8055736506367196, 0.12987345701114744 2.2137267633609158e-05 0.0038201524091243458 0.016267315031427993 0.05796261101142568 0.20719889102099728 0.5848554362482435, 
14, 0000000000, 0000000000, 1.934249107349087e-05, 3.1892626883119266e-05, 0.9998086442387013 0.00019135576129871562, 
15, 0000000000, 0000000000, 1.8934376069665086e-05, 3.1190047906633506e-05, 0.9998128597125602 0.00018714028743980107, 
16, 0000000000, 0000000000, 1.8530951250165738e-05, 3.054606850638124e-05, 0.9998167303228997 0.0001832629431623413 6.733937973067873e-09, 
17, 0000000000, 0000000000, 1.9118841475398932e-05, 3.1520098639213635e-05, 0.9998108794081647 0.0001891205918352818, 
18, 0000000000, 0000000000, 1.8765273286317794e-05, 3.0916835108927845e-05, 0.9998144989893465 0.00018550101065356708, 
19, 0000000000, 0000000000, 0.1821158674748283, 0.2964836345896552, 0.6759660807270198 0.00013259754861680442 0.002495981063125587 0.0021189795632804574 0.03530165598273118 0.07769454544905996 0.20629015966616623, 
20, 0000000000, 0000000000, 1.8667014119496665e-05, 3.0762959587303966e-05, 0.9998154222424761 0.0001845777575238238, 
21, 0000000000, 0000000000, 1.8002133684551952e-05, 2.964067886857414e-05, 0.9998221559267886 0.00017784407321144483, 
22, 0000000000, 0000000000, 1.8005382660673064e-05, 2.967170026732054e-05, 0.999821969798396 0.00017803020160392323, 
23, 0000000000, 0000000000, 1.8642721385925373e-05, 3.0725520476848674e-05, 0.999815646877139 0.00018435312286109207, 
24, 0000000000, 0000000000, 1.902045639314354e-05, 3.135100741538693e-05, 0.9998118939555077 0.00018810604449232156, 
25, 0000000000, 0000000000, 1.810277214590886e-05, 2.9820190315387587e-05, 0.9998211361835899 0.0001788064909279292 5.732548219817025e-08, 
26, 0000000000, 0000000000, 1.8330648135424012e-05, 3.019899384303829e-05, 0.9998188060369417 0.00018119396305822975, 
27, 0000000000, 0000000000, 1.8919575721941518e-05, 3.1182471572565096e-05, 0.9998129965656216 0.0001869120393214476 9.139505697148186e-08, 
28, 0000000000, 0000000000, 1.8055910283441407e-05, 2.9753080938884394e-05, 0.9998214815143667 0.0001785184856333064, 
29, 0000000000, 0000000000, 1.8223205281766258e-05, 3.002177639380523e-05, 0.9998198693416371 0.00018013065836283137, 
30, 0000000000, 0000000000, 1.7794917674869328e-05, 2.931286514661981e-05, 0.9998241228091203 0.0001758771908797189, 
31, 0000000000, 0011111100, 0.3068213339083113, 0.4987096876052056, 0.45038156279760777 7.984928446861136e-05 0.00045205341631338703 0.010950385682318323 0.04933597300709565 0.17172193443437717 0.3170782413778191, 
32, 0000000000, 0000000000, 1.8348064602842425e-05, 3.0227848126989954e-05, 0.9998186329112381 0.00018136708876193973, 
33, 0011111100, 0011111100, 0.5816913895092258, 0.9433073232052561, 0.0 0.0 0.0 0.0021205643920342195 0.056512898503269994 0.22076857058582097 0.7205979665188748, 
34, 0000000000, 0000000000, 0.0004808058252671255, 0.0007697436114745517, 0.9976004731386797 0.00018066234748777965 0.002218794220137727 7.029369469199861e-08, 
35, 0000000000, 0000000000, 1.8677951017323493e-05, 3.077134188753709e-05, 0.9998153719486749 0.00018462805132522258, 
36, 0000000000, 0000000000, 1.8525996732776183e-05, 3.053390473107651e-05, 0.9998168055851665 0.00018318540128055998 9.01355294954209e-09, 
37, 0000000000, 0000000000, 1.877486388816676e-05, 3.095754304839498e-05, 0.9998142992704574 0.00018565620079477588 4.4528747797012326e-08, 
38, 0000000000, 0000000000, 1.8221768465678038e-05, 3.0038054901765605e-05, 0.9998197805206529 0.0001802106292836278 8.850063482920327e-09, 
39, 0000000000, 0000000000, 1.872575123898688e-05, 3.086223791510859e-05, 0.9998148310772188 0.00018516441807148282 4.504709584372383e-09, 
40, 0000000000, 0000000000, 1.8510244228293338e-05, 3.0514566471344854e-05, 0.9998169126011719 0.00018308739882806914, 
41, 0000000000, 0000000000, 1.820459397825934e-05, 2.9991230509453967e-05, 0.9998200526169433 0.0001799473830567238, 
42, 0000000000, 0000000000, 1.790109025934019e-05, 2.9481659513313903e-05, 0.9998231100429201 0.00017688995707988342, 
43, 0000000000, 0000000000, 1.860064384073765e-05, 3.0652643341971287e-05, 0.9998160841399483 0.00018391586005182773, 
44, 0000000000, 0000000000, 6.342248763554599e-05, 6.785537431223467e-05, 0.9995928677541266 0.000407132245873408, 
45, 0000000000, 0000000000, 1.9079370906509e-05, 3.1452588817637555e-05, 0.9998112844670942 0.00018871553290582531, 
46, 0000000000, 0000000000, 1.8587244626938962e-05, 3.062402965540809e-05, 0.9998162558220675 0.00018374417793244854, 
47, 0000000000, 0000000000, 1.8668849426161765e-05, 3.0777328640654465e-05, 0.9998153511985515 0.00018463363105326335 1.5170395331723347e-08, 
48, 0000000000, 0000000000, 1.8840322196220956e-05, 3.104422932363213e-05, 0.9998138232566168 0.00018608811082462435 8.863255858421324e-08, 
49, 0000000000, 0011111100, 0.17832982232467254, 0.28962091190517525, 0.6764339097820729 0.0001287989050170645 0.002799915692504928 0.0119422411291983 0.027481199522281032 0.1010382901492498 0.18017564481967607, 
50, 0000000000, 0000000000, 1.9060455302072242e-05, 3.143417563722923e-05, 0.9998113949461767 0.0001886050538233754, 
51, 0000000000, 0000000000, 0.4273731610477345, 0.6950479465395747, 0.23575223270230633 4.426261265376793e-05 0.000672515654425479 0.02277391657443028 0.06736273611095121 0.2092403269225493 0.46415400942268364, 
52, 0000000000, 0000000000, 1.8433261476982283e-05, 3.0379539657172334e-05, 0.9998177227620569 0.000182277237943034, 
53, 0000000000, 0000000000, 1.8114844373747987e-05, 2.985244877099635e-05, 0.999820885307374 0.00017911469262597808, 
54, 0011111100, 0000000000, 0.09669916722512355, 0.15751508471205394, 0.8273297768674797 0.0001472395905228172 0.0014549323118067637 0.001686312262574732 0.019262332162719453 0.040791302209794954 0.10932810459510171, 
55, 0000000000, 0000000000, 1.812521302616305e-05, 2.9861522125938545e-05, 0.9998208308672444 0.0001791691327556313, 
56, 0000000000, 0000000000, 1.7915463346395256e-05, 2.95051678163765e-05, 0.9998229689931016 0.000177031006898259, 
57, 0011111100, 0000000000, 0.42101124265359235, 0.6836771346864355, 0.25848313499112613 4.597043403012411e-05 0.007474477324123552 0.01177873266286109 0.049529704081951044 0.18251501431549907 0.49017296619040895, 
58, 0000000000, 0000000000, 1.85263369628666e-05, 3.052790312669041e-05, 0.9998168681770461 0.00018309622714761788 3.559580626232283e-08, 
59, 0000000000, 0000000000, 1.8680093029006882e-05, 3.078954551026154e-05, 0.9998152627269385 0.00018473727306156924, 
60, 0000000000, 0000000000, 0.0022909548286673426, 0.0038179181166766705, 0.9907541543112761 0.0001725569184775372 0.004484914529156344 0.004588374241089934, 
61, 0000000000, 0000000000, 1.8158132436536165e-05, 2.9923044683082275e-05, 0.9998204617319015 0.00017953826809849366, 
62, 0000000000, 0000000000, 1.8030598291578018e-05, 2.9711636873306504e-05, 0.9998217301787602 0.000178269821239839, 
63, 0000000000, 0000000000, 1.8075459914867843e-05, 2.9808467253036765e-05, 0.9998211491964818 0.00017885080351822058, 
64, 0000000000, 0000000000, 7.417902040036885e-05, 7.619401116426325e-05, 0.9995428507667885 0.00045713439943729774 1.4833774140902926e-08, 
65, 0000000000, 0000000000, 1.834080156485224e-05, 3.0220799859468835e-05, 0.9998186752008431 0.00018132479915681303, 
66, 0000000000, 0000000000, 1.930201731408627e-05, 3.1837128548647496e-05, 0.9998089772287081 0.000191022771291885, 
67, 0011111000, 0000000000, 0.21428550542480357, 0.34829401470027144, 0.6268168169161502 0.00011229169343119575 0.0022205932586600663 0.010441269029226728 0.01949832073861246 0.06957073023476933 0.27133997812915006, 
68, 0000000000, 0000000000, 1.863314942243968e-05, 3.070816901928053e-05, 0.9998157509858844 0.00018424901411568317, 
69, 0011111000, 0000000000, 0.32350602679685525, 0.525651021691968, 0.4272558880119776 7.530638795568829e-05 0.0038302528888271743 0.014704005922301006 0.03813176200356872 0.14648545650719919 0.36951732827817063, 
70, 0000000000, 0000000000, 1.8497687338218367e-05, 3.048594625841153e-05, 0.9998170843224496 0.0001829156775504692, 
71, 0000000000, 0000000000, 1.8518222956851425e-05, 3.052614763629454e-05, 0.9998168431141823 0.00018315688581776725, 
72, 0011111000, 0111111100, 0.5746042299780876, 0.9320043867700605, 0.0 0.0 0.001101335308874448 0.013630524423219529 0.06742742006629313 0.2278219247418945 0.6900187954597184, 
73, 0000000000, 0000000000, 1.900747694668533e-05, 3.1327289890301915e-05, 0.9998120634768013 0.00018790930705550357 2.721614315396263e-08, 
74, 0000000000, 0000000000, 1.811333102914079e-05, 2.984067137327669e-05, 0.9998209559717605 0.00017904402823966018, 
75, 0111111100, 0011111100, 0.5635363559008518, 0.9155354705524896, 0.0 0.0 0.0017556299387091608 0.02033761411418913 0.08625415640386644 0.2662435017799248 0.6254090977633106, 
76, 0000000000, 0000000000, 1.8126718588570848e-05, 2.9879869244657024e-05, 0.9998207467934032 0.00017922719772583056 2.6008871055784677e-08, 
77, 0000000000, 0000000000, 0.00620636036165009, 0.010132899060310185, 0.9842922157289549 0.00018827931130430974 0.001053254142979497 0.004247575043377379 0.006599960942494691 0.002352251120848712 0.0012664637100405563, 
78, 0000000000, 0011111100, 0.48223230347123436, 0.7829374500071651, 0.15513134301150297 2.6810789030749082e-05 0.00037483040366240904 0.011729153552403788 0.04178493701717439 0.2511965316366277 0.5397563935895979, 
79, 0000000000, 0000000000, 1.8326257791252226e-05, 3.0192639099871506e-05, 0.9998188441654008 0.00018115583459922906, 
80, 0000000000, 0000000000, 1.8794934514497622e-05, 3.0987915265239554e-05, 0.9998140725084086 0.0001859274915914373, 
81, 0000000000, 0000000000, 1.851837664583536e-05, 3.052020351421707e-05, 0.9998168814050907 0.00018311596873331448 2.6261759939647853e-09, 
82, 0000000000, 0000000000, 1.8658062004173497e-05, 3.0730731503397635e-05, 0.999815724287606 0.00018416703576787274 1.0867662625653402e-07, 
83, 0000000000, 0000000000, 1.9184923538922896e-05, 3.1642560396845146e-05, 0.999810144637619 0.00018985536238107087, 
84, 0000000000, 0000000000, 1.8946278141938973e-05, 3.122874522286287e-05, 0.9998126275286628 0.0001873724713371772, 
85, 0000000000, 0000000000, 1.7780922118555486e-05, 2.9267983376836683e-05, 0.9998243928560404 0.0001756063876579415 7.563015392848423e-10, 
86, 0000000000, 0011111100, 0.20635097200181807, 0.33490850216368945, 0.6420818715166771 0.00011378656958835727 0.00013145094722543442 0.008290149584185282 0.013667609941900683 0.08475735264460063 0.25095777879582265, 
87, 0000000000, 0000000000, 1.820553651331749e-05, 3.00014743291082e-05, 0.9998199911540253 0.0001800088459746492, 
88, 0011111110, 0000000000, 0.37884360426784136, 0.6116978726548862, 0.33757910403317243 6.122984174365089e-05 0.003461311223798706 0.02425431964932032 0.04503613430920664 0.12735151820136092 0.46225638274139735, 
89, 0000000000, 0000000000, 1.825099409897823e-05, 3.007091985810978e-05, 0.9998195744808512 0.0001804255191486587, 
90, 0001111100, 0000000000, 0.21797606048186075, 0.35456210247522607, 0.6096417366729414 0.00010478291889820778 0.00014279980141072043 0.011776523682714516 0.0322561039528738 0.11384007235697012 0.23223798061419118, 
91, 0000000000, 0000000000, 1.9097100038801574e-05, 3.150009119632633e-05, 0.999810999452822 0.00018900054717795796, 
92, 0000000000, 0000000000, 1.8349886243663207e-05, 3.0246205788152877e-05, 0.9998185227652711 0.00018147723472891728, 
93, 0000000000, 0000000000, 1.8672970937317078e-05, 3.0771954781963954e-05, 0.999815371069869 0.00018462613157023847 2.7985607726233345e-09, 
94, 0000000000, 0000000000, 1.926931118494848e-05, 3.177118505338165e-05, 0.9998094147966614 0.00019054329635675036 4.19069817697718e-08, 
95, 0000000000, 0000111000, 0.1603151810132478, 0.2607622725222766, 0.7210868051793093 0.00013467451940945814 0.001908857227304691 0.002442686999104931 0.01623783975264549 0.06079299178161337 0.1973961445406128, 
96, 0000000000, 0000000000, 1.872678501419121e-05, 3.0867236213805434e-05, 0.9998147965827172 0.00018520341728283263, 
97, 0000000000, 0000000000, 1.904473930456142e-05, 3.1398435815672335e-05, 0.9998116212527166 0.00018836687967257993 1.1867610727037701e-08, 
98, 0011111100, 0011110000, 0.5664542458912447, 0.9211099938690427, 0.0 0.0 0.0 0.016786548736815295 0.09074771306365753 0.24148496444798345 0.6509807737515437, 
99, 0000000000, 0000000000, 1.834664546779002e-05, 3.022450909522364e-05, 0.9998186529454287 0.00018134705457134188, 
100, 0000000000, 0000000000, 1.84080193553409e-05, 3.034224701044843e-05, 0.9998179963256487 0.00018195386663980598 4.98077114423116e-08, 
run, initial grid state, final grid state, mean grid cell occupancy, mean binding site occupancy, fraction of time with N TFs bound, warning
1, 0011111100, 0000000000, 0.10060208969317326, 0.16254986488056417, 0.8224135109488315 0.000157138237697993 0.009217614395277102 0.0010324685547370002 0.008633550508193614 0.032199089573429214 0.12634662778183353, 
2, 0000000000, 0000000000, 1.8549669209348646e-05, 3.0556722777217536e-05, 0.9998166663969278 0.00018332686948101525 6.733591144993191e-09, 
3, 0000000000, 0000000000, 1.804344902481982e-05, 2.9730990691655805e-05, 0.9998216367519465 0.00017834055195704884 2.2696096442994616e-08, 
4, 0000000000, 0000000000, 1.887497988382546e-05, 3.1115633657012857e-05, 0.9998133061980579 0.00018669380194207718, 
5, 0000000000, 0000000000, 0.0005177024647407165, 0.0008625023983324943, 0.997321152931528 0.00018297461328747704 0.0024955775888458884 2.9486633857091264e-07, 
6, 0000000000, 0000000000, 1.798729330110356e-05, 2.9654072479692083e-05, 0.9998220755651218 0.00017792443487815252, 
7, 0000000000, 0000000000, 1.882105777723056e-05, 3.1012473972151383e-05, 0.9998139251561671 0.0001860748438329083, 
8, 0000000000, 0000000000, 1.7525957162734762e-05, 2.8867905863443393e-05, 0.9998268175092073 0.0001731575464048008 2.494438792978014e-08, 
9, 0000000000, 0000000000, 1.843657625945116e-05, 3.0387884114345196e-05, 0.999817672695314 0.00018232730468607116, 
10, 0000000000, 0000000000, 1.8461563649420566e-05, 3.0416924860654974e-05, 0.9998175201830981 0.0001824580846398651 2.173226203237261e-08, 
11, 0000000000, 0000000000, 4.729672156002594e-05, 5.4025088543834406e-05, 0.999675907322643 0.00032403482345092426 5.7853906041099904e-08, 
12, 0000000000, 0000000000, 1.847676224134963e-05, 3.044977844965512e-05, 0.9998173889164896 0.00018252349632266916 8.758718763078961e-08, 
13, 0011111100, 0011111100, 0.5745135896852706, 0.9326525622681238, 0.0 0.0 0.0 0.018531962597783887 0.06804217464044228 0.21240438931702152 0.7010214734447524, 
14, 0000000000, 0000000000, 1.885778869641998e-05, 3.1088453329663004e-05, 0.999813469280022 0.00018653071997797803, 
15, 0000000000, 0000000000, 1.8315884086668325e-05, 3.0167963761654027e-05, 0.9998189922174301 0.00018100778256992418, 
16, 0000000000, 0000000000, 1.8648553440078053e-05, 3.075367460224072e-05, 0.9998155196411231 0.00018443867014028868 4.168873657782872e-08, 
17, 0000000000, 0000000000, 1.784241244164887e-05, 2.9395757399374635e-05, 0.9998236254556039 0.0001763745443962478, 
18, 0000000000, 0000000000, 0.131494811882088, 0.21371182395925664, 0.7654730715563285 0.00014484945978975446 0.0035408417471319716 0.004476418197289648 0.012282298647036437 0.0720091607330707 0.14207335965935297, 
19, 0000000000, 0000000000, 1.8322281779103704e-05, 3.0177640434717966e-05, 0.9998189341573916 0.0001810658426083078, 
20, 0000000000, 0000000000, 1.840445031836127e-05, 3.032668442051411e-05, 0.9998180398934768 0.00018196010652308468, 
21, 0000000000, 0000000000, 0.09852684300570187, 0.16075999001738395, 0.825630849478246 0.0001436593027313349 0.0009622814302199794 0.003061543722549833 0.013543488584412235 0.040815932455209245 0.1158422450266313, 
22, 0000000000, 0000000000, 1.878338953975318e-05, 3.0958962948262596e-05, 0.9998143087669669 0.00018562868837661346 6.254465648106166e-08, 
23, 0000000000, 0000000000, 1.8780147519189284e-05, 3.0960079599449944e-05, 0.9998142395224033 0.00018576047759669967, 
24, 0000000000, 0000000000, 3.0149741103511074e-05, 4.030651176615037e-05, 0.9997581609294031 0.00024183907059690225, 
25, 0000000000, 0011111100, 0.42173605706891537, 0.6860776361342078, 0.2476794861461063 4.385054064609373e-05 0.0020345754396068763 0.026234638432601317 0.05776910111002663 0.19485759433859975 0.4713807539924131, 
26, 0000000000, 0000000000, 1.845503530646888e-05, 3.0423720480213657e-05, 0.9998174576771187 0.00018254232288128196, 
27, 0000000000, 0000000000, 1.8531584999403184e-05, 3.0535983290550516e-05, 0.9998167841002568 0.00018321589974330308, 
28, 0000000000, 0000000000, 1.8860945110373517e-05, 3.108632125668325e-05, 0.9998134968213335 0.0001864884297929053 1.4748873597099666e-08, 
29, 0000000000, 0000000000, 1.8400873053259848e-05, 3.0334584020299164e-05, 0.9998179924958782 0.000182007504121795, 
30, 0000000000, 0000000000, 1.8396162767637396e-05, 3.028503112758095e-05, 0.9998182898132345 0.0001817101867654857, 
31, 0011111100, 0000000000, 0.23412011501043842, 0.3801444869922607, 0.5925070937719005 0.00010414838183823085 0.0004907912257274559 0.0070285381770649824 0.028560626011192414 0.0833997420493522 0.2879090603829243, 
32, 0000000000, 0000000000, 1.8428590196071418e-05, 3.0367332485832722e-05, 0.9998178234169868 0.0001821491711114353 2.7411901780537194e-08, 
33, 0000000000, 0000000000, 1.816175960824909e-05, 2.9921470258973557e-05, 0.9998205167047897 0.00017943776886672998 4.55263435556775e-08, 
34, 0000000000, 0000000000, 1.7688612464613887e-05, 2.914372108200849e-05, 0.9998251886332428 0.00017476040702244465 5.0959734803154347e-08, 
35, 0000000000, 0000000000, 1.8563409946059207e-05, 3.060137925853284e-05, 0.9998163917244488 0.00018360827555119702, 
36, 0000000000, 0000000000, 1.87708008822189e-05, 3.093021096535144e-05, 0.9998144187342078 0.00018558126579210863, 
37, 0000000000, 0000000000, 9.217129476274843e-05, 0.0001532604769825508, 0.9994525287794682 0.00017537957916824516 0.0003720916413635299, 
38, 0011111100, 0011111100, 0.5707260766354558, 0.9253377190638217, 0.0 0.0 0.0029350516483567157 0.015216904725093669 0.07372223863863467 0.2431382875710933 0.6649875174168216, 
39, 0000000000, 0000000000, 1.7971199178532935e-05, 2.9606617325997098e-05, 0.9998223721587105 0.00017761597862299584 1.1862666493370418e-08, 
40, 0000000000, 0000000000, 1.8111463378260797e-05, 2.983652960745146e-05, 0.9998209808223553 0.00017901917764470877, 
41, 0000000000, 0000000000, 1.7950129621946798e-05, 2.9565069398101993e-05, 0.9998226095836114 0.00017739041638861197, 
42, 0000000000, 0000000000, 1.8659016736506595e-05, 3.0767010068336815e-05, 0.9998153979395901 0.0001846020604100209, 
43, 0000000000, 0000000000, 1.7634122537654514e-05, 2.9053233179008025e-05, 0.9998256806009259 0.00017431939907404815, 
44, 0000000000, 0000000000, 1.8541444685403996e-05, 3.05571163226385e-05, 0.9998166573020643 0.000183342697935831, 
45, 0000000000, 0000000000, 1.88332569264355e-05, 3.101914084988661e-05, 0.9998138851549007 0.00018611484509931963, 
46, 0000000000, 0000000000, 1.8198263657655463e-05, 2.9964967208583833e-05, 0.9998202101967485 0.000179789803251503, 
47, 0000000000, 0000000000, 1.8338505473678315e-05, 3.0234538700899558e-05, 0.9998185927677946 0.00018140723220539735, 
48, 0000000000, 0000000000, 1.7721421107681913e-05, 2.9184788357680193e-05, 0.9998249113413872 0.00017506858707943648 2.0071533322334288e-08, 
49, 0111111100, 0011111100, 0.5671287979459663, 0.9218704577358188, 0.0 0.0 0.004060231300306746 0.01864442049645174 0.06983980803016107 0.2569234508341833 0.6505320893388972, 
50, 0000000000, 0000000000, 1.869266206304646e-05, 3.081139057586965e-05, 0.9998151513423222 0.0001848289719003664 1.9685777425765988e-08, 
51, 0000000000, 0011111100, 0.23377421351215855, 0.37946714320207325, 0.5853732424281385 0.00010346606744347554 0.002414883855053697 0.006400075576416083 0.0372248364547289 0.10713092082259132 0.261352574795628, 
52, 0000000000, 0000000000, 1.920969935825258e-05, 3.1669508681660567e-05, 0.99980998294791 0.00019001705208996348, 
53, 0000000000, 0000000000, 1.8238277278364657e-05, 3.0058422963718438e-05, 0.9998196912564122 0.00018026694939326593 4.179419452235812e-08, 
54, 0000000000, 0000000000, 1.877388520169814e-05, 3.094287097649272e-05, 0.999814342774141 0.00018565722585895634, 
55, 0000000000, 0000000000, 1.8117593711832992e-05, 2.984984855168909e-05, 0.9998209085396648 0.00017908382936054993 7.630974792298815e-09, 
56, 0000000000, 0000000000, 1.8002146988052933e-05, 2.965918141865027e-05, 0.9998220449114881 0.00017795508851190162, 
57, 0000000000, 0000000000, 1.83661003491893e-05, 3.0264108311050372e-05, 0.9998184153501337 0.00018158464986630223, 
58, 0000000000, 0000000000, 0.0002334599338197331, 0.0003887361070344628, 0.998747006766251 0.00017372126292766358 0.001079120533184551 1.5143763667061214e-07, 
59, 0000000000, 0000000000, 1.881199740327911e-05, 3.102702224624886e-05, 0.9998138378665224 0.00018616213347749316, 
60, 0000000000, 0000000000, 1.8048327646422926e-05, 2.9742438921083013e-05, 0.9998215453664735 0.0001784546335264981, 
61, 0000000000, 0000000000, 1.897865970296269e-05, 3.12825476481975e-05, 0.9998123047141108 0.00018769528588918498, 
62, 0000000000, 0000000000, 1.8090907356280546e-05, 2.9823435567433255e-05, 0.9998210608737165 0.0001789376391625708 1.4871210143679662e-09, 
63, 0011111100, 0000000000, 0.003547787888123494, 0.005601620154993162, 0.9923373797862587 0.0003932927039182345 0.0003771058330573797 0.001881224570204282 0.0006170135159629778 0.0020134127581295253 0.0023805708324689335, 
64, 0000000000, 0000000000, 1.7494700520756056e-05, 2.880648506150312e-05, 0.999827161089631 0.0001728389103690187, 
65, 0011111100, 0000000000, 0.14578929493764312, 0.2376650668240116, 0.7428967579251394 0.00013433161829409145 0.0002224306191535294 0.012010923388674518 0.010723486046641651 0.05758792867770315 0.17642414172439372, 
66, 0000000000, 0000000000, 2.4939538438423025e-05, 4.11945376071446e-05, 0.9997836744250217 0.000185483924313709 3.0841650664579296e-05, 
67, 0000000000, 0000000000, 1.823149120749597e-05, 3.004041123977316e-05, 0.9998197575325614 0.00018024246743863896, 
68, 0000000000, 0111111000, 0.06520078515432648, 0.10566677082943075, 0.8802015194334358 0.00015685589306303817 0.005580683110932849 0.004489704924254871 0.011602113832741009 0.025009904075507662 0.07295921873006479, 
69, 0000000000, 0000000000, 1.84812800492693e-05, 3.045120506350314e-05, 0.999817292769619 0.00018270723038101887, 
70, 0000000000, 0000000000, 1.783428825210649e-05, 2.9365662623236507e-05, 0.9998238060242607 0.00017619397573941906, 
71, 0000000000, 0011111100, 0.01586160464792046, 0.025367563847345443, 0.9697934122695026 0.00017700490356543913 0.00112666787323929 0.004901831872761703 0.0006977104568420137 0.007541530756158033 0.01576184186793089, 
72, 0000000000, 0000000000, 1.8758271223637888e-05, 3.093287704715034e-05, 0.999814402737717 0.00018559726228290204, 
73, 0000000000, 0000000000, 1.8258774421293755e-05, 3.0064997216620595e-05, 0.9998196100167002 0.00018038998329972358, 
74, 0000000000, 0000000000, 1.8780549985186604e-05, 3.0965112580322505e-05, 0.999814209324518 0.000185790675481935, 
75, 0000000000, 0000000000, 1.8650140972673933e-05, 3.073853119740177e-05, 0.9998155688128155 0.00018443118718441061, 
76, 0000000000, 0000000000, 1.8235290032350777e-05, 3.0027313878191944e-05, 0.9998198361167309 0.00018016388326915167, 
77, 0000000000, 0000000000, 1.820039629268637e-05, 2.997574731700463e-05, 0.999820145516098 0.00017985448390202779, 
78, 0000000000, 0000000000, 0.11679504645831232, 0.18866471351823877, 0.784052277988749 0.00014221828135488367 0.0017703032359591266 0.022913322985225828 0.0224265479411713 0.04231268176944267 0.12638264779809721, 
79, 0000000000, 0000000000, 1.7916776064312696e-05, 2.9505974565937885e-05, 0.9998229890236532 0.00017698610529799977 2.487104881377447e-08, 
80, 0000000000, 0000000000, 1.862184152810388e-05, 3.06825392678811e-05, 0.9998159047643927 0.0001840952356072866, 
81, 0000000000, 0000000000, 1.815251600369037e-05, 2.9898649483464955e-05, 0.9998206081030993 0.0001793918969007897, 
82, 0011111100, 0000000000, 0.1589871784366033, 0.2585680550249966, 0.718007854532185 0.00012760855307022729 0.0006439644634466795 0.006436579189886053 0.02399742331713999 0.07002605783383492 0.18076051211043717, 
83, 0000000000, 0000000000, 1.9483943155657635e-05, 3.212138211775209e-05, 0.9998072717072936 0.00019272829270651257, 
84, 0000000000, 0011111100, 0.09743749241313132, 0.15808007934026905, 0.8273117547235279 0.00014947542161356311 0.0015455227727031707 0.0014578834462281635 0.014599930373815127 0.04714601633202348 0.10778941693008864, 
85, 0000000000, 0000000000, 1.929255123693057e-05, 3.181412773788406e-05, 0.9998091152335726 0.00019088476642730438, 
86, 0011111100, 0000000000, 0.49157524728979546, 0.8017760137903224, 0.12187673963297979 2.2351501064300535e-05 0.004589975906247986 0.02469384060690145 0.06868325111134219 0.2281637942864845 0.5519700469549799, 
87, 0000000000, 0000000000, 1.907833696331782e-05, 3.144869412271616e-05, 0.9998113571944852 0.0001885934462933801 4.9359221458435056e-08, 
88, 0000000000, 0000000000, 0.21803062121706843, 0.3538562808583376, 0.6092020785286042 0.00011088662841575796 0.007602605689936251 0.012104435029959905 0.02620145395017771 0.10196877478628963 0.24280976538661647, 
89, 0000000000, 0000000000, 1.8573243008773504e-05, 3.060004727220451e-05, 0.9998164002624891 0.00018359919138867008 5.461222784859793e-10, 
90, 0000000000, 0000000000, 1.8636181210624555e-05, 3.0728863700305565e-05, 0.9998156268177981 0.00018437318220183342, 
91, 0000000000, 0000000000, 1.9352748219633593e-05, 3.189047702738234e-05, 0.9998086571378357 0.00019134286216429406, 
92, 0000000000, 0000000000, 1.922880869964193e-05, 3.171218169623298e-05, 0.9998097269098226 0.00019027309017739788, 
93, 0000000000, 0000000000, 1.8372624854328086e-05, 3.026269914489553e-05, 0.9998184238051305 0.00018157619486937319, 
94, 0000000000, 0000000000, 1.9266284428987634e-05, 3.1760408498216143e-05, 0.9998094375490106 0.0001905624509892969, 
95, 0000000000, 0000000000, 1.8524805705947954e-05, 3.0519276259338834e-05, 0.9998168843424441 0.000183115657556033, 
96, 0000000000, 0011111100, 0.10751592142095727, 0.17529791866448474, 0.8088733472241573 0.0001479030435829742 0.00019190954981644946 0.001997582505441847 0.01504788888285194 0.05737672596893809 0.11636464282521145, 
97, 0000000000, 0000000000, 1.8272935195110846e-05, 3.0103793155952493e-05, 0.9998193772410643 0.00018062275893571497, 
98, 0011111100, 0000000000, 0.2233599669048721, 0.3625377847985029, 0.614773250936686 0.00011124381850344793 0.00023079037759116716 0.0015340164609935736 0.015288760334794892 0.09947483493341479 0.26858710313801615, 
99, 0000000000, 0011111100, 0.40483690724814725, 0.6567152849547809, 0.2902109971139162 5.232140680150572e-05 0.0007587758261395635 0.01418041661139227 0.056982541862071294 0.15863926369093273 0.4791756834887465, 
100, 0000000000, 0000000000, 1.93444730351009e-05, 3.187915613778693e-05, 0.9998087250631733 0.00019127493682672157, 
run, initial grid state, final grid state, mean grid cell occupancy, mean binding site occupancy, fraction of time with N TFs bound, warning
1, 0000000000, 0000000000, 1.8349372074836517e-05, 3.025336476571672e-05, 0.9998184798114057 0.00018152018859430032, 
2, 0000000000, 0000000000, 0.0014417421775437759, 0.0022278360471465037, 0.9945728248941054 0.00018275074954063564 0.00254914601405683 0.002695139863964035 1.384783331553141e-07, 
3, 0000000000, 0000000000, 1.8842655687687085e-05, 3.106239594257154e-05, 0.9998136256243446 0.00018637437565542924, 
4, 0000000000, 0000000000, 1.824871017641265e-05, 3.0068914332617398e-05, 0.9998195865140043 0.0001804134859957044, 
5, 0000000000, 0000000000, 1.890572214274383e-05, 3.113730407714196e-05, 0.9998131761755372 0.0001868238244628518, 
6, 0000000000, 0000000000, 1.8334251381941817e-05, 3.020377061870237e-05, 0.9998187773762879 0.00018122262371221423, 
7, 0000000000, 0000000000, 1.8763745372303297e-05, 3.0954756380289547e-05, 0.9998143051398207 0.00018566118207686427 3.36781024365198e-08, 
8, 0000000000, 0000000000, 1.915725896292312e-05, 3.159375837401635e-05, 0.999810437449756 0.00018956255024409806, 
9, 0000000000, 0000000000, 1.8189456874499744e-05, 2.9967742400087413e-05, 0.9998201978030155 0.00017979793956832303 4.257416100729079e-09, 
10, 0000000000, 0000000000, 1.8734722173407664e-05, 3.088901512602017e-05, 0.999814709892397 0.00018524612445002504 4.398315304801577e-08, 
11, 0000000000, 0000000000, 1.7531782784822658e-05, 2.88715228605694e-05, 0.9998268275871937 0.0001731156884493418 5.672435703731718e-08, 
12, 0000000000, 0000000000, 1.899021882527687e-05, 3.131322018718162e-05, 0.9998121206788769 0.00018787932112308977, 
13, 0000000000, 0000000000, 1.8610264842698163e-05, 3.06865596505013e-05, 0.999815880642097 0.0001841193579030078, 
14, 0000000000, 0000000000, 1.8975383672629353e-05, 3.126538060579787e-05, 0.9998124198819625 0.00018756795244022752 1.2165597279866535e-08, 
15, 0000000000, 0000000000, 1.808519731022673e-05, 2.981703803464549e-05, 0.9998211053291741 0.00017888711344392618 7.557381973380134e-09, 
16, 0000000000, 0000000000, 1.87459487411741e-05, 3.089215783229142e-05, 0.9998146470530063 0.00018535294699374857, 
17, 0011111100, 0000000000, 0.24510507281522004, 0.39971695727582157, 0.5478456107305687 9.145093252516927e-05 0.004960873099692343 0.01851515942472256 0.05826743091429031 0.1222435047975149 0.248075970100686, 
18, 0000000000, 0000111110, 0.24298356120119957, 0.3951094085428841, 0.5758678801390039 0.0001042792844654625 0.0008445049976837066 0.00332081973648707 0.02888892025870686 0.10249655176873512 0.28847704381491796, 
19, 0000000000, 0000000000, 1.7764673455276183e-05, 2.9236534195156706e-05, 0.999824580794829 0.00017541920517094028, 
20, 0000000000, 0000000000, 3.347030732741418e-05, 4.340729560058525e-05, 0.9997395911594027 0.0002603739075911199 3.493300619579496e-08, 
21, 0000000000, 0000000000, 1.789149263505979e-05, 2.947801141456068e-05, 0.9998231319315127 0.0001768680684873641, 
22, 0000000000, 0000000000, 1.7911890206632864e-05, 2.9502302721673602e-05, 0.999823003849989 0.00017697848369184601 1.7666319097791396e-08, 
23, 0000000000, 0000000000, 1.8672002896391064e-05, 3.0766373235007885e-05, 0.9998154017605898 0.00018459823941004733, 
24, 0000000000, 0000000000, 1.9612340660890218e-05, 3.2327365955140165e-05, 0.9998060358042692 0.00019396419573084101, 
25, 0000000000, 0000000000, 1.8599914465069717e-05, 3.064369344362523e-05, 0.9998161378393382 0.00018386216066175142, 
26, 0000000000, 0000000000, 1.7628509040122216e-05, 2.902995728679646e-05, 0.9998258202562792 0.00017417974372077876, 
27, 0000000000, 0000000000, 1.853090263739409e-05, 3.053727527315441e-05, 0.9998167763483611 0.00018322365163892648, 
28, 0000000000, 0011111100, 0.13044107618333806, 0.2114737925410394, 0.7655329331950511 0.00013501709257195902 0.0037619356142984113 0.011334253185063543 0.021120712597142287 0.04599263291392746 0.1521225154019451, 
29, 0000000000, 0011111000, 0.2275921817976085, 0.3694395931036237, 0.6043503447473194 0.00011048998481491399 0.0006022979298554147 0.006706780797387304 0.021908049713551543 0.09036228943158024 0.27595974739549123, 
30, 0000000000, 0000000000, 1.8980914067519573e-05, 3.127631618886573e-05, 0.9998123421028668 0.00018765789713319438, 
31, 0000000000, 0000000000, 1.86356456942873e-05, 3.072145108382162e-05, 0.9998156712934971 0.00018432870650292971, 
32, 0000000000, 0000000000, 1.797055761847746e-05, 2.9606580382561554e-05, 0.9998223605177046 0.00017763948229536933, 
33, 0011111000, 0000000000, 0.07874050621040146, 0.12746107814543933, 0.8643206591280327 0.0001620121334663743 0.00015327153853390897 0.0004093589208373569 0.0034687365464436434 0.03972087968230098 0.09176508205038503, 
34, 0000011100, 0000000000, 0.11689492237032835, 0.1895693483632115, 0.7914168640833549 0.00014233445166292644 0.001327064314223017 0.0018258062321729893 0.0188739128819719 0.06483755134493265 0.12157646669168168, 
35, 0011111100, 0011111100, 0.5695901943215121, 0.9260752770711305, 0.0 0.0 0.0018528075973310923 0.011082374673146548 0.06404596980155507 0.27479804356134285 0.6482208043666244, 
36, 0000000000, 0000000000, 1.8611356065629274e-05, 3.065649551800051e-05, 0.999816061026892 0.0001839389731080031, 
37, 0000000000, 0000000000, 1.8138897921882083e-05, 2.9873720438185325e-05, 0.9998207576773709 0.000179242322629112, 
38, 0000000000, 0000000000, 1.8812912427458436e-05, 3.101717742480649e-05, 0.9998138969354512 0.00018610306454883892, 
39, 0000000000, 0000000000, 1.8290547604429927e-05, 3.014166774171039e-05, 0.9998191499935497 0.00018085000645026237, 
40, 0000000000, 0000000000, 1.8183689102081175e-05, 2.9959499670446247e-05, 0.9998202430019772 0.00017975699802267749, 
41, 0000000000, 0000000000, 1.7901178180545334e-05, 2.950594711104463e-05, 0.9998229643173338 0.00017703568266626778, 
42, 0000000000, 0000000000, 0.16918834506788658, 0.2755071582157095, 0.6968568482027235 0.00013117059785236807 0.0015078446965887857 0.017638004310527058 0.01905597474982314 0.06810276728255718 0.1967073901599279, 
43, 0000000000, 0000000000, 1.8355606531348888e-05, 3.0270361018015368e-05, 0.9998183778338918 0.0001816221661080922, 
44, 0000000000, 0000000000, 1.846234679216166e-05, 3.0438358935241036e-05, 0.999817419461437 0.00018253092351462353 4.961504841134661e-08, 
45, 0011111100, 0000000000, 0.13141348869662134, 0.21313015818814593, 0.7585349551240342 0.00013930896283129848 0.007730453596744827 0.016469522304330225 0.02028537344759057 0.04841164711761125 0.14842873944685758, 
46, 0000000000, 0000000000, 1.8419497062970575e-05, 3.036919524239149e-05, 0.9998177848285456 0.00018221517145434893, 
47, 0011111100, 0000000000, 0.06052765833570147, 0.09814588866096018, 0.8947633242213696 0.00016430452858568655 0.0007144515895973926 0.0006049690667442196 0.00239868207411931 0.03225312235623176 0.06910114616335199, 
48, 0000000000, 0000000000, 1.8319818214128502e-05, 3.0198987210180422e-05, 0.9998188060767389 0.00018119392326108253, 
49, 0000000000, 0011111100, 0.49319579875014485, 0.8009949836348482, 0.13347999222947765 2.380509862999423e-05 0.00357437582870731 0.01239770319885038 0.05657627452678981 0.22838795735593473 0.5655598917616101, 
50, 0000000000, 0000000000, 1.8018373899263482e-05, 2.9684891026598647e-05, 0.9998218906538403 0.0001781093461595919, 
51, 0011111000, 0000000000, 0.3498367451798848, 0.569022548198844, 0.3894747440554187 7.341040427173886e-05 0.0013632253509986967 0.0034588937270259284 0.03475526311784956 0.16330908563229365 0.40756537771214174, 
52, 0000000000, 0000000000, 1.8542166046667836e-05, 3.05617165678372e-05, 0.9998166297005929 0.00018337029940702318, 
53, 0000000000, 0000000000, 1.949866820264031e-05, 3.214913406224066e-05, 0.9998071077227785 0.00019288975006975242 2.5271518457503543e-09, 
54, 0000000000, 0000000000, 1.850617056856944e-05, 3.050344370833797e-05, 0.9998170064316855 0.00018296647437886687 2.7093935580480662e-08, 
55, 0011111100, 0000000000, 0.5273628726321621, 0.855963826107755, 0.08617826054334798 1.4713876793952214e-05 0.0014529395646567002 0.006788633511559672 0.04508301566789691 0.23073022058031217 0.6297522162554325, 
56, 0000000000, 0000000000, 1.81510132671311e-05, 2.990501823090417e-05, 0.9998205715730109 0.00017942674459287374 1.6823962756565636e-09, 
57, 0011111100, 0011111100, 0.568315637824091, 0.9243896601572008, 0.0 0.0 0.0022694669609340597 0.021282255133703094 0.0749145419817799 0.23090832184838947 0.6706254140751936, 
58, 0001111100, 0011111100, 0.5681123449372854, 0.9222266439588666, 0.0 0.0 0.007445372892535839 0.014509735645868983 0.07124721314679842 0.2508350114454541 0.6559626668693426, 
59, 0001111100, 0000000000, 0.4876452105993429, 0.7906801300997053, 0.15122751146541377 2.7099342627752392e-05 0.00023155504461685813 0.009472337402550513 0.05120758088553753 0.2166602597389532 0.5711736561203004, 
60, 0000000000, 0000000000, 1.802504137697657e-05, 2.9690390565775456e-05, 0.9998218576566054 0.00017814234339465275, 
61, 0011111100, 0000000000, 0.2791912702292852, 0.4537320008532789, 0.5112934469693746 9.206707133565629e-05 0.0006108694793617795 0.003701660234252622 0.033419059352458785 0.12900040038227792 0.32188249651093864, 
62, 0000000000, 0000000000, 9.092145537291531e-05, 0.00015117758074598787, 0.9994545670606472 0.00018389264254292675 0.0003614480484967004 9.22483131999061e-08, 
63, 0000000000, 0000000000, 1.8028911262779334e-05, 2.9700680934406975e-05, 0.9998217959143935 0.00017820408560644183, 
64, 0000000000, 0000000000, 1.873842490989842e-05, 3.088295137620731e-05, 0.9998147022917427 0.00018529770825724388, 
65, 0000000000, 0000000000, 1.8982731857975158e-05, 3.129481550054983e-05, 0.9998122311069967 0.00018776889300329896, 
66, 0000000000, 0000000000, 2.974777538550379e-05, 4.0568855945609965e-05, 0.9997566400172629 0.00024330682980035095 5.315293665443147e-08, 
67, 0000000000, 0000000000, 1.9031044948473984e-05, 3.136313681352013e-05, 0.9998118211791188 0.00018817882088112084, 
68, 0000000000, 0000000000, 0.0009972442763137278, 0.0014236253746846886, 0.995424918179704 0.0006087272128758846 0.003966038787027995 3.158203920863923e-07, 
69, 0000000000, 0000000000, 8.888472812771585e-05, 7.967030945775109e-05, 0.9995221152411179 0.0004777476610175234 1.3709786449159893e-07, 
70, 0000000000, 0000000000, 1.8045546768248493e-05, 2.971292365843802e-05, 0.9998217224580493 0.00017827754195062813, 
71, 0000000000, 0000000000, 1.8196883890762438e-05, 2.998197696029872e-05, 0.9998201081382383 0.0001798918617617923, 
72, 0000000000, 0000000000, 1.8414182568471764e-05, 3.035395901314339e-05, 0.9998178897366394 0.00018209677264227853 1.3490718290919348e-08, 
73, 0000000000, 0000000000, 1.8273904398736768e-05, 3.009983437989853e-05, 0.9998194009937206 0.00018059900627939116, 
74, 0000000000, 0000000000, 1.805622942840458e-05, 2.9743804215305928e-05, 0.9998215391818848 0.0001784588109385376 2.0071766490028018e-09, 
75, 0000000000, 0000000000, 1.8202316233056207e-05, 2.9994108498058985e-05, 0.9998200353490116 0.00017996465098835392, 
