run, initial grid state, final grid state, mean grid cell occupancy, mean binding site occupancy, fraction of time with N TFs bound, warning
1, 000000, 000000, 2.5778419889937493e-05, 2.5778419889937493e-05, 0.9998453294806603 0.00015467051933962497, 
2, 000000, 000000, 2.6393853304377494e-05, 2.6393853304377494e-05, 0.9998416368801738 0.00015836311982626497, 
3, 000000, 000000, 2.482779951803868e-05, 2.482779951803868e-05, 0.9998510332028917 0.0001489667971082321, 
4, 000000, 000000, 2.585758847990028e-05, 2.585758847990028e-05, 0.9998448544691206 0.0001551455308794017, 
5, 000000, 000000, 2.603601209573769e-05, 2.603601209573769e-05, 0.9998437839274256 0.00015621607257442613, 
6, 000000, 000000, 2.6002859616412075e-05, 2.6002859616412075e-05, 0.9998439828423016 0.00015601715769847247, 
7, 000000, 000000, 2.447692771153308e-05, 2.447692771153308e-05, 0.9998531384337308 0.00014686156626919847, 
8, 000000, 000000, 2.5128911996494367e-05, 2.5128911996494367e-05, 0.999849226528021 0.0001507734719789662, 
9, 000000, 000000, 2.5977075324081274e-05, 2.5977075324081274e-05, 0.9998441375480556 0.00015586245194448766, 
10, 000000, 000000, 2.527793502496813e-05, 2.527793502496813e-05, 0.9998483323898503 0.00015166761014980877, 
11, 000000, 000000, 2.556758916226912e-05, 2.556758916226912e-05, 0.9998465944650264 0.0001534055349736147, 
12, 000000, 000000, 2.430173477229477e-05, 2.430173477229477e-05, 0.9998541895913662 0.00014581040863376863, 
13, 000000, 000000, 2.7249729715062182e-05, 2.7249729715062182e-05, 0.9998365494567493 0.00016340270821086936 4.7835039751870285e-08, 
14, 000000, 000000, 2.681617513892266e-05, 2.681617513892266e-05, 0.9998391029491664 0.000160897050833536, 
15, 000000, 000000, 2.5663540294798195e-05, 2.5663540294798195e-05, 0.9998460243214478 0.00015397011533568915 5.563216550009591e-09, 
16, 000000, 000000, 2.5982723689994097e-05, 2.5982723689994097e-05, 0.99984410365786 0.0001558963421399646, 
17, 011111, 000000, 0.540315910968929, 0.540315910968929, 0.41363272889811736 6.84056992354847e-05 0.008820651040143965 0.011510687065362206 0.03671498300284867 0.13272150093918447 0.3965310433551078, 
18, 000000, 000000, 2.580618943949324e-05, 2.580618943949324e-05, 0.9998452276973557 0.0001547074686514066 6.483399277641659e-08, 
19, 000000, 000000, 2.6172357138826863e-05, 2.6172357138826863e-05, 0.9998429658571671 0.00015703414283296119, 
20, 000000, 000000, 2.5282789425576154e-05, 2.5282789425576154e-05, 0.9998483032634466 0.00015169673655345694, 
21, 000000, 000000, 2.644371899184253e-05, 2.644371899184253e-05, 0.999841337686049 0.00015866231395105518, 
22, 000000, 000000, 2.6197130911177108e-05, 2.6197130911177108e-05, 0.9998428209710353 0.00015717527246235098 3.75650235584804e-09, 
23, 000000, 000000, 2.5683606727511546e-05, 2.5683606727511546e-05, 0.9998458983596349 0.0001541016403650693, 
24, 000000, 000111, 0.5835067344670374, 0.5835067344670374, 0.3416742168593629 5.064227731821073e-05 0.002825443715156203 0.018373571631331725 0.07534727343641842 0.23154404402755094 0.33018480805286166, 
25, 000000, 000000, 2.4785732797473212e-05, 2.4785732797473212e-05, 0.9998513966235099 0.0001484923561955294 1.1102029465493701e-07, 
26, 000000, 000000, 2.6115071016764677e-05, 2.6115071016764677e-05, 0.9998433095738994 0.00015669042610058807, 
27, 000000, 000000, 2.527393078636745e-05, 2.527393078636745e-05, 0.9998483564152819 0.0001516435847182047, 
28, 000000, 000000, 2.5636459355976806e-05, 2.5636459355976806e-05, 0.9998461992828446 0.00015378267817513125 1.80389803647995e-08, 
29, 000000, 000000, 0.0005589041307131474, 0.0005589041307131474, 0.9982445490780264 0.0001574821079854893 0.0015979637656706853 5.048317341577439e-09, 
30, 000000, 000000, 2.552688030485157e-05, 2.552688030485157e-05, 0.9998468387181709 0.0001531612818291094, 
31, 000000, 000000, 2.423771757680152e-05, 2.423771757680152e-05, 0.9998545736945392 0.0001454263054608091, 
32, 000000, 000000, 2.543696003034561e-05, 2.543696003034561e-05, 0.999847378239818 0.00015262176018207365, 
33, 000000, 000000, 2.5715412854292593e-05, 2.5715412854292593e-05, 0.9998457861407601 0.00015413524135416765 7.861788579395838e-08, 
34, 000000, 000000, 2.5444900389284275e-05, 2.5444900389284275e-05, 0.9998473305976643 0.00015266940233570566, 
35, 000000, 000000, 2.589485887581648e-05, 2.589485887581648e-05, 0.9998446308467451 0.00015536915325489888, 
36, 000000, 000000, 2.637247152839203e-05, 2.637247152839203e-05, 0.9998417651708298 0.0001582348291703522, 
37, 000000, 000000, 2.69546258745498e-05, 2.69546258745498e-05, 0.9998382722447527 0.00016172775524729883, 
38, 000000, 000000, 2.5716516755801262e-05, 2.5716516755801262e-05, 0.9998457008994652 0.00015429910053480758, 
39, 000000, 000000, 2.485421774051402e-05, 2.485421774051402e-05, 0.999850934639477 0.00014900541460280788 5.9945920138132e-08, 
40, 000000, 000000, 2.6552527863914772e-05, 2.6552527863914772e-05, 0.9998406848328165 0.00015931516718348864, 
41, 111111, 111111, 0.9216425229838489, 0.9216425229838489, 0.0 0.0 0.001182498597717569 0.007534162699909372 0.0773801422316483 0.28805209514301255 0.6258511013277122, 
42, 011111, 011111, 0.912830429517327, 0.912830429517327, 0.0 0.0 0.0016540158104795004 0.022481870924750614 0.08607950630285166 0.27679673427416535 0.6129878726877529, 
43, 000000, 000000, 2.5898455861779184e-05, 2.5898455861779184e-05, 0.9998446092648294 0.0001553907351706751, 
44, 000000, 000000, 2.5251740945184872e-05, 2.5251740945184872e-05, 0.9998485247053004 0.0001514401437278298 3.5150971639724e-08, 
45, 000000, 000000, 2.63876021351459e-05, 2.63876021351459e-05, 0.9998416743871892 0.0001583256128108754, 
46, 000000, 000000, 2.5092930180322253e-05, 2.5092930180322253e-05, 0.999849442418918 0.00015055758108193352, 
47, 000000, 000000, 2.5210981730851304e-05, 2.5210981730851304e-05, 0.999848734109615 0.00015126589038510783, 
48, 000000, 000000, 2.5065174133422272e-05, 2.5065174133422272e-05, 0.9998496089551995 0.00015039104480053363, 
49, 000000, 000000, 2.5567658620195895e-05, 2.5567658620195895e-05, 0.9998465940482788 0.0001534059517211754, 
50, 000000, 000000, 2.4180519790615446e-05, 2.4180519790615446e-05, 0.9998549168812564 0.00014508311874369267, 
51, 000000, 000000, 2.5945184574185352e-05, 2.5945184574185352e-05, 0.9998443288925549 0.00015567110744511213, 
52, 000000, 000000, 2.4668213133712287e-05, 2.4668213133712287e-05, 0.9998519907211977 0.00014800927880227375, 
53, 000000, 000000, 2.592044428608041e-05, 2.592044428608041e-05, 0.999844508677238 0.00015545997980766536 3.13429544085548e-08, 
54, 000000, 000000, 2.6756288773642747e-05, 2.6756288773642747e-05, 0.9998394622673581 0.0001605377326418565, 
55, 000000, 000000, 2.595666794780373e-05, 2.595666794780373e-05, 0.9998442599923132 0.0001557400076868224, 
56, 000000, 000000, 2.6628503132692372e-05, 2.6628503132692372e-05, 0.999840228981204 0.00015977101879615426, 
57, 000000, 000000, 2.6500808901963675e-05, 2.6500808901963675e-05, 0.9998409951465883 0.00015900485341178208, 
58, 000000, 000000, 2.621046064688315e-05, 2.621046064688315e-05, 0.9998427672011245 0.00015720283386986753 2.9965005715688063e-08, 
59, 000000, 000000, 2.5452328424662892e-05, 2.5452328424662892e-05, 0.999847286029452 0.00015271397054797734, 
60, 000000, 000000, 2.5613555652113036e-05, 2.5613555652113036e-05, 0.9998463186660873 0.00015368133391267824, 
61, 000000, 000000, 2.568239975261851e-05, 2.568239975261851e-05, 0.9998459056014843 0.00015409439851571106, 
62, 000000, 000000, 2.566068806239836e-05, 2.566068806239836e-05, 0.9998460358716257 0.00015396412837439014, 
63, 000000, 000000, 2.5422193749948988e-05, 2.5422193749948988e-05, 0.9998474668375003 0.00015253316249969393, 
64, 000000, 000000, 2.661324378806685e-05, 2.661324378806685e-05, 0.9998403205372716 0.00015967946272840112, 
65, 000000, 000000, 2.6248543556054333e-05, 2.6248543556054333e-05, 0.9998425087386636 0.000157491261336326, 
66, 000000, 000000, 0.05227960945503945, 0.05227960945503945, 0.9341936671218619 0.00014843308715520602 0.0009559102947931629 0.007664061423575821 0.018763716003592067 0.016074917645731424 0.022199294423290376, 
67, 000000, 000000, 2.521965071747142e-05, 2.521965071747142e-05, 0.9998486820956951 0.00015131790430482852, 
68, 000000, 000000, 0.00028038092528217396, 0.00028038092528217396, 0.9990822321411817 0.00015325016594359037 0.0007645176928747267, 
69, 000000, 000000, 2.5670950491241598e-05, 2.5670950491241598e-05, 0.9998459742970526 0.0001540257029474496, 
70, 000000, 000000, 2.6923371627775678e-05, 2.6923371627775678e-05, 0.9998384597702334 0.00016154022976665406, 
71, 000000, 000000, 2.6239951547898172e-05, 2.6239951547898172e-05, 0.9998425602907125 0.00015743970928738904, 
72, 000000, 000000, 2.5886796929519093e-05, 2.5886796929519093e-05, 0.9998446792184229 0.00015532078157711458, 
73, 000000, 000000, 2.6723823995683106e-05, 2.6723823995683106e-05, 0.9998396570560258 0.00016034294397409865, 
74, 000000, 000000, 0.0004654248284061333, 0.0004654248284061333, 0.9985247814695176 0.0001580029363392424 0.0013171007483316602 1.1484581141244796e-07, 
75, 000000, 000000, 2.7705962060166795e-05, 2.7705962060166795e-05, 0.9998338195905941 0.00016612504645090482 5.536295504797072e-08, 
76, 000000, 000000, 2.693311991394911e-05, 2.693311991394911e-05, 0.9998384261521266 0.00016154897626320075 2.487161024695351e-08, 
77, 000000, 000000, 2.6362012457306274e-05, 2.6362012457306274e-05, 0.9998418279252562 0.00015817207474383768, 
78, 000000, 000000, 0.012051739197262205, 0.012051739197262205, 0.9800554251096116 0.000156368433414919 0.0040178497293646845 0.005858414571521707 0.0035518035525683844 0.005824922254522783 0.000535216348996063, 
79, 000000, 000000, 2.6543243695396815e-05, 2.6543243695396815e-05, 0.9998407908473087 0.00015915884321004756 5.030948116665794e-08, 
80, 000000, 011111, 0.29606756559636555, 0.29606756559636555, 0.6813294564968082 0.00010712687610605697 0.0019991119379420504 0.0033065433750830374 0.025580673516449017 0.06600480815051168 0.22167227964709996, 
81, 000000, 000000, 2.5165215272148374e-05, 2.5165215272148374e-05, 0.9998490087083671 0.00015099129163289026, 
82, 000000, 000000, 0.0007926557451276238, 0.0007926557451276238, 0.9977096583373665 0.00015543549904316334 0.0018042195190486451 0.00033068664454176307, 
83, 000000, 111111, 0.14705702734672355, 0.14705702734672355, 0.8376638280618106 0.00012833743552163572 0.0011451923933691636 0.009059876365013802 0.0033619288496964314 0.05254892400327625 0.0960919128913122, 
84, 000000, 000000, 2.5560022931699084e-05, 2.5560022931699084e-05, 0.9998466398624097 0.0001533601375901945, 
85, 000000, 000000, 2.676565006058261e-05, 2.676565006058261e-05, 0.9998394060996365 0.00016059390036349565, 
86, 000000, 000000, 2.608450529536402e-05, 2.608450529536402e-05, 0.999843498117348 0.00015649673353165875 5.149120262690952e-09, 
87, 000000, 111111, 0.8380001942077089, 0.8380001942077089, 0.05135155377572 7.865526726416456e-06 0.004227705433368994 0.03867846217288549 0.12118037295409048 0.2885432303054817 0.49601080983172696, 
88, 000000, 000000, 2.6160120783761177e-05, 2.6160120783761177e-05, 0.9998430392752974 0.00015696072470256707, 
89, 000000, 000000, 2.6895954709126343e-05, 2.6895954709126343e-05, 0.9998386242717452 0.00016137572825475807, 
90, 000000, 000000, 2.545184803676017e-05, 2.545184803676017e-05, 0.9998473144109363 0.00015266008990656637 2.5499156997317357e-08, 
91, 000000, 000000, 0.00014124100818728032, 0.00014124100818728032, 0.9994963421308539 0.00015986968916832932 0.0003437881799776763, 
92, 000000, 000000, 2.686949395409881e-05, 2.686949395409881e-05, 0.9998387830362754 0.00016121696372459288, 
93, 000000, 000000, 2.4894143296277163e-05, 2.4894143296277163e-05, 0.9998506993383554 0.00014923646351136153 6.419813315073648e-08, 
94, 000000, 000000, 2.6150868618736124e-05, 2.6150868618736124e-05, 0.9998430947882876 0.00015690521171241677, 
95, 000000, 000000, 2.6923278397156056e-05, 2.6923278397156056e-05, 0.999838465156918 0.00016153001578106722 4.827300934564499e-09, 
96, 000000, 000000, 2.5182157197906263e-05, 2.5182157197906263e-05, 0.999848968048137 0.00015097096053853985 6.099132444886934e-08, 
97, 000000, 000000, 2.5388542680567484e-05, 2.5388542680567484e-05, 0.9998476687439166 0.0001523312560834049, 
98, 000000, 000000, 2.4280902271334708e-05, 2.4280902271334708e-05, 0.9998543145863721 0.00014568541362800825, 
99, 000000, 000000, 2.561319322974784e-05, 2.561319322974784e-05, 0.9998463208406215 0.00015367915937848704, 
100, 000000, 000000, 2.698164463014794e-05, 2.698164463014794e-05, 0.9998381101322191 0.00016188986778088767, 
run, initial grid state, final grid state, mean grid cell occupancy, mean binding site occupancy, fraction of time with N TFs bound, warning
1, 111111, 000000, 0.08116448954037499, 0.08116448954037499, 0.896787544946063 0.0001335850909779753 0.007717397494694278 0.00927097634543719 0.027095502625854723 0.01874634335968425 0.040248650137288615, 
2, 000000, 000000, 2.4144048340511838e-05, 2.4144048340511838e-05, 0.9998552547609583 0.00014462618804037724 1.1905100134689182e-07, 
3, 000000, 000000, 2.5968075168139263e-05, 2.5968075168139263e-05, 0.9998441915489911 0.0001558084510088356, 
4, 000000, 000000, 2.5658663123797763e-05, 2.5658663123797763e-05, 0.9998460480212572 0.0001539519787427866, 
5, 000000, 000000, 2.599126716588894e-05, 2.599126716588894e-05, 0.9998440523970047 0.00015594760299533365, 
6, 000000, 000000, 2.5891724867370446e-05, 2.5891724867370446e-05, 0.9998446496507958 0.0001553503492042227, 
7, 000000, 000000, 2.5997477061122575e-05, 2.5997477061122575e-05, 0.9998440151376332 0.00015598486236673546, 
8, 000000, 111111, 0.7038091805147275, 0.7038091805147275, 0.22343152699582858 3.3853582150953084e-05 0.0026272486655673525 0.014925032484055415 0.06935328912236803 0.24239581666673773 0.44723323248329194, 
9, 000000, 000000, 2.5618207354128677e-05, 2.5618207354128677e-05, 0.9998462907558753 0.00015370924412477205, 
10, 000000, 000000, 0.0003576939247218853, 0.0003576939247218853, 0.9988447271137229 0.00016459584799771693 0.0009904634145046982 2.1362377473286218e-07, 
11, 000000, 000000, 2.589146912657717e-05, 2.589146912657717e-05, 0.9998446511852407 0.00015534881475946305, 
12, 000000, 000000, 0.00018514069257454113, 0.00018514069257454113, 0.9993676341957225 0.00015388745310748422 0.0004784783511698813, 
13, 000000, 000000, 2.678841188615317e-05, 2.678841188615317e-05, 0.9998392695286832 0.00016073047131691902, 
14, 111110, 000000, 0.1543534492735999, 0.1543534492735999, 0.8256031714238072 0.00012900663209046634 0.004942518310197279 0.011154461895770351 0.011899193500941907 0.042583396725120064 0.1036882515120726, 
15, 000000, 000000, 2.4307929082314974e-05, 2.4307929082314974e-05, 0.9998541524255061 0.00014584757449388985, 
16, 000000, 000000, 4.285635025668533e-05, 4.285635025668533e-05, 0.9997928481422276 0.00015716561400486232 4.9986243767624805e-05, 
17, 000000, 000000, 0.08569112182093276, 0.08569112182093276, 0.8990897029557057 0.00013794937136857164 0.0054742973780915844 0.0035790585759061856 0.013349362689207053 0.031292213864826925 0.047077415164893915, 
18, 000000, 000000, 2.633826968317768e-05, 2.633826968317768e-05, 0.9998419703819009 0.00015802961809906608, 
19, 111110, 111111, 0.9085997499966153, 0.9085997499966153, 0.0 0.0 0.004455616654623548 0.024058499421250348 0.07135530181606226 0.31569293150593847 0.5844376506021254, 
20, 000000, 000000, 2.4774272526618335e-05, 2.4774272526618335e-05, 0.9998513543648403 0.00014864563515971002, 
21, 000000, 000000, 2.5534637616064368e-05, 2.5534637616064368e-05, 0.9998467921743036 0.0001532078256963862, 
22, 000000, 000000, 2.5510441309302894e-05, 2.5510441309302894e-05, 0.9998469373521441 0.00015306264785581737, 
23, 000000, 000000, 2.5357065897607888e-05, 2.5357065897607888e-05, 0.9998478576046144 0.00015214239538564734, 
24, 000000, 000000, 2.6045128635677362e-05, 2.6045128635677362e-05, 0.9998437292281859 0.00015627077181406418, 
25, 000000, 000000, 2.51461160100599e-05, 2.51461160100599e-05, 0.9998491233039396 0.0001508766960603594, 
26, 000000, 000000, 2.7167414252523193e-05, 2.7167414252523193e-05, 0.9998369955144848 0.00016300448551513917, 
27, 000000, 000000, 2.5935448693976933e-05, 2.5935448693976933e-05, 0.9998443873078361 0.0001556126921638616, 
28, 000000, 000000, 2.587219774604271e-05, 2.587219774604271e-05, 0.9998448283276972 0.00015511015812944522 6.151417340551104e-08, 
29, 000000, 000000, 2.549166983073939e-05, 2.549166983073939e-05, 0.9998470499810156 0.00015295001898443634, 
30, 000000, 000000, 2.5776011802526945e-05, 2.5776011802526945e-05, 0.999845377375349 0.00015458917848689934 3.344616413116455e-08, 
31, 000000, 000000, 2.531530743461996e-05, 2.531530743461996e-05, 0.9998481081553924 0.00015189184460771978, 
32, 000000, 000000, 2.617626765698111e-05, 2.617626765698111e-05, 0.999842942394058 0.00015705760594188667, 
33, 000000, 000000, 2.5066999058275697e-05, 2.5066999058275697e-05, 0.9998495980056504 0.0001504019943496542, 
34, 000000, 000000, 2.6155343689162653e-05, 2.6155343689162653e-05, 0.999843067937865 0.00015693206213497594, 
35, 000000, 000000, 2.6141688577103894e-05, 2.6141688577103894e-05, 0.9998431498685374 0.00015685013146262336, 
36, 000000, 000000, 2.6234094360324912e-05, 2.6234094360324912e-05, 0.9998425954338379 0.0001574045661619495, 
37, 111111, 000000, 0.815122682705953, 0.815122682705953, 0.07208961585651397 1.0457972458203632e-05 0.00582776023675822 0.043818492128374256 0.11123634907836501 0.2994347032740221 0.46758262145350826, 
38, 000000, 000000, 2.6343072512011476e-05, 2.6343072512011476e-05, 0.9998419415649279 0.00015805843507206885, 
39, 000000, 000000, 2.5796036079659407e-05, 2.5796036079659407e-05, 0.9998452360436425 0.00015475169623721817 1.226012036913917e-08, 
40, 000000, 000000, 2.7770829188541756e-05, 2.7770829188541756e-05, 0.999833420863409 0.00016653329805091447 4.583854016803559e-08, 
41, 000000, 000000, 2.4298605063322677e-05, 2.4298605063322677e-05, 0.99985420836962 0.0001457916303799361, 
42, 000000, 000000, 2.4891574732735862e-05, 2.4891574732735862e-05, 0.9998506505516035 0.00014934944839641517, 
43, 000000, 000000, 2.5215401176886472e-05, 2.5215401176886472e-05, 0.9998487075929386 0.00015129240706131884, 
44, 000000, 000000, 2.6689787641499326e-05, 2.6689787641499326e-05, 0.999839861274151 0.00016013872584899597, 
45, 000000, 000000, 2.5913633292957694e-05, 2.5913633292957694e-05, 0.9998445182002423 0.00015548179975774618, 
46, 000000, 000000, 2.6197362896494806e-05, 2.6197362896494806e-05, 0.9998428158226209 0.00015718417737896884, 
47, 000000, 000000, 2.6202917892180436e-05, 2.6202917892180436e-05, 0.9998427824926468 0.00015721750735308264, 
48, 000000, 000000, 2.6958423944199656e-05, 2.6958423944199656e-05, 0.9998382494563348 0.00016175054366519796, 
49, 000000, 000000, 2.59164717348157e-05, 2.59164717348157e-05, 0.9998445011695911 0.0001554988304088942, 
50, 000000, 000000, 2.576619004286477e-05, 2.576619004286477e-05, 0.9998454028597429 0.00015459714025718862, 
51, 000000, 000000, 2.6119362620377883e-05, 2.6119362620377883e-05, 0.9998432838242777 0.00015671617572226733, 
52, 000000, 000000, 0.49892056717029115, 0.49892056717029115, 0.4377280291972944 6.507448323212759e-05 0.002661719188290394 0.024021910316659508 0.06821552452414707 0.1606393926268918 0.30666834966348466, 
53, 000000, 011100, 0.057571154340362925, 0.057571154340362925, 0.9326289994281303 0.00014294403551355013 0.0034112669059634206 0.007414975321971348 0.004979187050351074 0.012235989521002995 0.039186637737067306, 
54, 000000, 000000, 2.5226351448169177e-05, 2.5226351448169177e-05, 0.9998486418913111 0.00015135810868901507, 
55, 000000, 000000, 2.585733578910389e-05, 2.585733578910389e-05, 0.9998448559852653 0.00015514401473462337, 
56, 000000, 000000, 2.5422497316745475e-05, 2.5422497316745475e-05, 0.9998474650160994 0.00015253498390047285, 
57, 000000, 000000, 2.6028864263105136e-05, 2.6028864263105136e-05, 0.9998438656925185 0.00015609542938441396 3.887809710843222e-08, 
58, 000000, 000000, 2.6029235744241397e-05, 2.6029235744241397e-05, 0.9998438245855347 0.00015617541446544839, 
59, 000000, 000000, 2.6737439194699294e-05, 2.6737439194699294e-05, 0.9998395753648318 0.00016042463516819578, 
60, 000000, 011111, 0.1589328336712728, 0.1589328336712728, 0.8252079965969923 0.00012314782239325375 0.0013041261920530454 0.0029279198020230016 0.01433777014707236 0.05186347481001762 0.10423556462944847, 
61, 000000, 000000, 2.6130006193241546e-05, 2.6130006193241546e-05, 0.9998432199628405 0.0001567800371594493, 
62, 000000, 000000, 2.625513294990835e-05, 2.625513294990835e-05, 0.9998424692023006 0.00015753079769945013, 
63, 111111, 111111, 0.9198416464392839, 0.9198416464392839, 0.0 0.0 0.002723979419329961 0.013690888890490168 0.08181014494036738 0.26536124713477144 0.6364137396150411, 
64, 000000, 000000, 2.661339800368712e-05, 2.661339800368712e-05, 0.999840319611978 0.00015968038802212275, 
65, 000000, 111111, 0.45258596907489956, 0.45258596907489956, 0.5043672004077153 7.38134182415326e-05 0.0011243487167972041 0.008863641250082311 0.036194970344631386 0.15443365670640444 0.2949423691561278, 
66, 000000, 000000, 2.6327954661062517e-05, 2.6327954661062517e-05, 0.9998420322720336 0.0001579677279663751, 
67, 000000, 000000, 2.6187398914497445e-05, 2.6187398914497445e-05, 0.999842875606513 0.0001571243934869847, 
68, 000000, 000000, 2.5751003248452293e-05, 2.5751003248452293e-05, 0.9998454939805094 0.00015450601949071376, 
69, 000000, 000000, 2.6522848205960328e-05, 2.6522848205960328e-05, 0.9998408629107642 0.00015913708923576199, 
70, 000000, 000000, 2.6735088603576503e-05, 2.6735088603576503e-05, 0.9998395894683786 0.00016041053162145903, 
71, 000000, 000000, 2.650266704677569e-05, 2.650266704677569e-05, 0.9998409839977193 0.00015901600228065415, 
72, 000000, 000000, 2.534942796735106e-05, 2.534942796735106e-05, 0.9998479034321959 0.00015209656780410636, 
73, 000000, 000000, 2.5878581874301223e-05, 2.5878581874301223e-05, 0.9998447285087542 0.00015527149124580734, 
74, 000000, 000000, 2.5555351660107584e-05, 2.5555351660107584e-05, 0.9998466678900394 0.00015333210996064552, 
75, 000000, 111110, 0.23578460657376982, 0.23578460657376982, 0.7348529567406737 0.00011641730323128934 0.003573784788921333 0.0058627936857078185 0.02938467957963387 0.08493965422510544 0.14126971367672647, 
76, 000000, 000000, 2.5783653841400497e-05, 2.5783653841400497e-05, 0.9998452980769515 0.000154701923048403, 
77, 111111, 000000, 0.6865585158224401, 0.6865585158224401, 0.24599966796338385 3.797834815036683e-05 0.001308506866712797 0.014781871979153097 0.0687659443164768 0.21734947350704048 0.45175655701908257, 
78, 000000, 000000, 2.6076540231872348e-05, 2.6076540231872348e-05, 0.9998435818314972 0.00015637709561425837 4.107288848786126e-08, 
79, 000000, 000000, 2.669501971128034e-05, 2.669501971128034e-05, 0.9998398298817324 0.00016017011826768206, 
80, 000000, 000000, 2.6032865571686606e-05, 2.6032865571686606e-05, 0.9998438028065698 0.00015619719343011964, 
81, 000000, 000000, 2.5646152510915838e-05, 2.5646152510915838e-05, 0.9998461230849345 0.00015387691506549503, 
82, 000000, 000000, 2.5316353444524414e-05, 2.5316353444524414e-05, 0.9998481359505996 0.00015182997813361712 3.407126676468622e-08, 
83, 000000, 000000, 2.607709256273827e-05, 2.607709256273827e-05, 0.9998435374446235 0.0001564625553764296, 
84, 000000, 000000, 2.5969397179719393e-05, 2.5969397179719393e-05, 0.9998441836169216 0.00015581638307831636, 
85, 000000, 000000, 2.6327477573634312e-05, 2.6327477573634312e-05, 0.9998420351345583 0.0001579648654418059, 
86, 000000, 000000, 2.5674205186155256e-05, 2.5674205186155256e-05, 0.9998460433655356 0.00015386803781172298 8.859665260428473e-08, 
87, 000000, 000000, 2.6204691585718782e-05, 2.6204691585718782e-05, 0.9998427718504856 0.0001572281495143127, 
88, 000000, 000000, 2.626620117935047e-05, 2.626620117935047e-05, 0.9998424027929239 0.00015759720707610284, 
89, 111111, 000000, 0.8744442147656002, 0.8744442147656002, 0.025066055593356517 3.523985573110126e-06 0.004852638589571884 0.035245232621103344 0.10731552906346754 0.26314344756986185 0.5643735725770658, 
90, 000000, 000000, 2.6757073927075187e-05, 2.6757073927075187e-05, 0.9998394575564375 0.00016054244356245113, 
91, 000000, 000000, 2.5848300790307477e-05, 2.5848300790307477e-05, 0.9998449101952581 0.00015508980474184488, 
92, 000000, 000000, 2.568156756963748e-05, 2.568156756963748e-05, 0.9998459105945822 0.00015408940541782493, 
93, 000000, 000000, 2.5743660965512568e-05, 2.5743660965512568e-05, 0.9998456694198887 0.00015419919442941969 1.3138568182786305e-07, 
94, 000000, 000000, 2.592429046796518e-05, 2.592429046796518e-05, 0.9998444542571923 0.0001555457428077911, 
95, 000000, 000000, 2.6753231061824357e-05, 2.6753231061824357e-05, 0.9998394806136292 0.00016051938637094614, 
96, 000000, 000000, 2.716314392309802e-05, 2.716314392309802e-05, 0.9998370384215534 0.00016294429335483418 1.728509187698364e-08, 
97, 000000, 000000, 0.0011281690580932913, 0.0011281690580932913, 0.99653777260692 0.00015544043760035674 0.0033067869554796953, 
98, 000000, 000000, 2.5177655941332967e-05, 2.5177655941332967e-05, 0.999848934064352 0.0001510659356479978, 
99, 000000, 000000, 2.5567103601621783e-05, 2.5567103601621783e-05, 0.9998465973783903 0.0001534026216097307, 
100, 000000, 000000, 2.6067799230760474e-05, 2.6067799230760474e-05, 0.9998435932046155 0.00015640679538456284, 
run, initial grid state, final grid state, mean grid cell occupancy, mean binding site occupancy, fraction of time with N TFs bound, warning
1, 000000, 000000, 2.539867633214144e-05, 2.539867633214144e-05, 0.9998476079420071 0.00015239205799284867, 
2, 000000, 000000, 2.5837227293720785e-05, 2.5837227293720785e-05, 0.9998449766362376 0.00015502336376232474, 
3, 000000, 000000, 2.623163939145504e-05, 2.623163939145504e-05, 0.9998426101636513 0.00015738983634873025, 
4, 000000, 000000, 2.5440170729100173e-05, 2.5440170729100173e-05, 0.9998473589756254 0.00015264102437460107, 
5, 000000, 000000, 2.76713806163015e-05, 2.76713806163015e-05, 0.9998339857815242 0.00016600015325369107 1.4065222058977397e-08, 
6, 000000, 000000, 2.4900577748917093e-05, 2.4900577748917093e-05, 0.9998505965335066 0.0001494034664935026, 
7, 000000, 000000, 2.4427558950006968e-05, 2.4427558950006968e-05, 0.9998534543793375 0.0001465258876248258 1.9733037608010424e-08, 
8, 000000, 000000, 2.6008616132032447e-05, 2.6008616132032447e-05, 0.9998439483032079 0.0001560516967921947, 
9, 000000, 000000, 2.5982389285762388e-05, 2.5982389285762388e-05, 0.9998441291169435 0.00015584743039840314 2.345265808559599e-08, 
10, 000000, 000000, 0.3261331134958896, 0.3261331134958896, 0.6390826285276687 9.789590355550381e-05 0.0016650379478422232 0.009075891061657211 0.03878020853425684 0.0967678262960187 0.21453051172900084, 
11, 000000, 000000, 0.09744910014897587, 0.09744910014897587, 0.8887046928671927 0.00013539686318389342 0.0005881206263772646 0.003829237627315748 0.01155311270999318 0.04545383677962689 0.049735602526310395, 
12, 000000, 000000, 2.6067593341930208e-05, 2.6067593341930208e-05, 0.9998436008404576 0.00015639275903330915 6.400509136063711e-09, 
13, 111111, 000111, 0.8957666079999276, 0.8957666079999276, 0.0 0.0 0.004397598164389339 0.0402870133591588 0.10847878983465582 0.26999133959608906 0.576845259045707, 
14, 000000, 000000, 2.6877219816656942e-05, 2.6877219816656942e-05, 0.9998387366811001 0.00016126331889994167, 
15, 000000, 000000, 2.5872095396909856e-05, 2.5872095396909856e-05, 0.9998447674276185 0.00015523257238145917, 
16, 000000, 000000, 2.4933300912880723e-05, 2.4933300912880723e-05, 0.9998504001945228 0.00014959980547728433, 
17, 000000, 000000, 2.542929836237719e-05, 2.542929836237719e-05, 0.9998474242098258 0.00015257579017426316, 
18, 000000, 000000, 2.5787009721613626e-05, 2.5787009721613626e-05, 0.9998452779416703 0.00015472205832968176, 
19, 000000, 000000, 0.013907005594881396, 0.013907005594881396, 0.9744011055499691 0.00014432954529476486 0.004020719534760514 0.012490631960228113 0.006931697974949166 0.0020115154347983143, 
20, 000000, 000000, 2.4774573938956437e-05, 2.4774573938956437e-05, 0.9998513525563663 0.00014864744363373862, 
21, 000000, 000000, 2.5348541278835062e-05, 2.5348541278835062e-05, 0.999847908752327 0.00015209124767301036, 
22, 000000, 000000, 0.036692042785009045, 0.036692042785009045, 0.9480509902475212 0.00014769811139966644 0.002762331997278758 0.0109871630748499 0.018521265586193342 0.009749962861769084 0.009780588120988096, 
23, 000000, 000000, 2.5833797629260832e-05, 2.5833797629260832e-05, 0.9998449972142244 0.000155002785775565, 
24, 000000, 000000, 2.5830131078092613e-05, 2.5830131078092613e-05, 0.9998450192135314 0.00015498078646855568, 
25, 000000, 000000, 2.511654551476727e-05, 2.511654551476727e-05, 0.9998493007269114 0.0001506992730886036, 
26, 000000, 000000, 2.6109954499088072e-05, 2.6109954499088072e-05, 0.9998433402730055 0.00015665972699452845, 
27, 000000, 000000, 2.5849983714958496e-05, 2.5849983714958496e-05, 0.9998449000977102 0.000155099902289751, 
28, 000000, 000000, 2.65285664141642e-05, 2.65285664141642e-05, 0.999840828601515 0.00015917139848498521, 
29, 000000, 000000, 2.510699905598647e-05, 2.510699905598647e-05, 0.999849358005664 0.00015064199433591886, 
30, 000000, 000000, 2.643485904233267e-05, 2.643485904233267e-05, 0.9998413908457461 0.00015860915425399604, 
31, 000000, 000000, 2.5882391100210845e-05, 2.5882391100210845e-05, 0.9998447056533987 0.0001552943466012651, 
32, 000000, 000000, 2.5792596181495376e-05, 2.5792596181495376e-05, 0.9998452979965665 0.00015464842977794328 5.357365551449003e-08, 
33, 000000, 000000, 2.5774971482335855e-05, 2.5774971482335855e-05, 0.9998453501711061 0.00015464982889401514, 
34, 000000, 000000, 2.575131362456227e-05, 2.575131362456227e-05, 0.9998454921182527 0.00015450788174737362, 
35, 000000, 111110, 0.7635713148361322, 0.7635713148361322, 0.1310505543276337 1.9149546611241722e-05 0.01563179627987098 0.046554957100519476 0.09162683483100399 0.24672731120129746 0.4683893967130632, 
36, 000000, 000000, 2.6125259324467612e-05, 2.6125259324467612e-05, 0.9998432484440533 0.00015675155594680569, 
37, 000000, 000000, 2.6289258027975812e-05, 2.6289258027975812e-05, 0.9998422644518322 0.00015773554816785488, 
38, 000000, 000000, 2.6181432914287825e-05, 2.6181432914287825e-05, 0.9998429114025144 0.00015708859748572696, 
39, 000000, 000000, 2.601645944640684e-05, 2.601645944640684e-05, 0.9998439012433216 0.00015609875667844104, 
40, 000000, 000000, 2.4996564001107098e-05, 2.4996564001107098e-05, 0.9998500206159934 0.0001499793840066426, 
41, 000000, 000000, 2.596288450133681e-05, 2.596288450133681e-05, 0.999844222692992 0.00015577730700802088, 
42, 000000, 000000, 2.5001720753234795e-05, 2.5001720753234795e-05, 0.9998499896754807 0.00015001032451940875, 
43, 000000, 000000, 2.4004082199950137e-05, 2.4004082199950137e-05, 0.9998560082955305 0.0001439589157393437 3.2788730178560524e-08, 
44, 000000, 000000, 2.5721655170858355e-05, 2.5721655170858355e-05, 0.9998456700689748 0.00015432993102515016, 
45, 000000, 000000, 2.6095309835503316e-05, 2.6095309835503316e-05, 0.999843428140987 0.0001565718590130199, 
46, 000000, 000000, 2.542854564310006e-05, 2.542854564310006e-05, 0.9998474287261414 0.00015257127385860037, 
47, 000000, 000000, 2.4329468434499185e-05, 2.4329468434499185e-05, 0.999854023189393 0.00014597681060699513, 
48, 000000, 000000, 2.6417164312865412e-05, 2.6417164312865412e-05, 0.9998414970141228 0.00015850298587719247, 
49, 000000, 000000, 2.4715504496883078e-05, 2.4715504496883078e-05, 0.9998517069730187 0.0001482930269812985, 
50, 000000, 000000, 2.547386259741669e-05, 2.547386259741669e-05, 0.9998471695001742 0.00015281782406707266 1.267575871376764e-08, 
51, 000000, 000000, 2.644663330444188e-05, 2.644663330444188e-05, 0.99984135027852 0.0001586196431335617 3.007834654478799e-08, 
52, 000000, 000000, 2.584664475898544e-05, 2.584664475898544e-05, 0.9998449201314461 0.00015507986855391265, 
53, 000000, 000000, 2.465265220574805e-05, 2.465265220574805e-05, 0.9998520840867654 0.0001479159132344883, 
54, 000000, 000000, 0.0005230175524559749, 0.0005230175524559749, 0.9983529092939237 0.00015626334675544244 0.0014906401099819228 1.8724933885392686e-07, 
55, 000000, 000000, 2.60802127097734e-05, 2.60802127097734e-05, 0.9998435187237413 0.00015648127625864043, 
56, 000000, 000000, 2.6179691436192652e-05, 2.6179691436192652e-05, 0.9998429750025755 0.00015697184623176896 5.315119269348326e-08, 
57, 000000, 111111, 0.5462590844549542, 0.5462590844549542, 0.40026316998858813 6.368391494276113e-05 0.004137447681415932 0.022849355965228135 0.04813321712056557 0.13918376090155277 0.3853693644277067, 
58, 000000, 000000, 2.6544226267678095e-05, 2.6544226267678095e-05, 0.9998408175258051 0.00015909959078374184 8.288341116337549e-08, 
59, 111111, 111111, 0.9177960342573673, 0.9177960342573673, 0.0 0.0 0.001991574848490471 0.014328782262083539 0.0720201698525428 0.2982308085704983 0.6134286644663849, 
60, 000000, 000000, 2.679652491208476e-05, 2.679652491208476e-05, 0.9998392208505276 0.00016077914947250856, 
61, 000000, 000000, 2.6258244128307733e-05, 2.6258244128307733e-05, 0.9998424505352301 0.0001575494647698464, 
62, 000000, 000000, 2.7145098342944555e-05, 2.7145098342944555e-05, 0.9998371294099423 0.00016287059005766735, 
63, 000000, 000000, 2.559243857882803e-05, 2.559243857882803e-05, 0.9998464643282757 0.00015351671197547825 1.89597487449646e-08, 
64, 000000, 000000, 2.624416217795437e-05, 2.624416217795437e-05, 0.9998425350269323 0.00015746497306772623, 
65, 000000, 000000, 2.564096169938344e-05, 2.564096169938344e-05, 0.9998461542298036 0.00015384577019630065, 
66, 111111, 111111, 0.8900498349068239, 0.8900498349068239, 0.0 0.0 0.019855636470679967 0.031118731503361155 0.09274620142970538 0.3014298473068425 0.5548495832894109, 
67, 000000, 000000, 2.606544787786904e-05, 2.606544787786904e-05, 0.9998436220630299 0.0001563631866728481 1.4750297183082216e-08, 
68, 000000, 000000, 2.7203073343333387e-05, 2.7203073343333387e-05, 0.9998367815599399 0.00016321844006000034, 
69, 000000, 000000, 2.4416636716218407e-05, 2.4416636716218407e-05, 0.9998535001797026 0.00014649982029731046, 
70, 000000, 000000, 2.5280566677814606e-05, 2.5280566677814606e-05, 0.999848386338952 0.0001515439220291897 6.973901884896414e-08, 
71, 000000, 000000, 2.5720070850507303e-05, 2.5720070850507303e-05, 0.9998456795748969 0.00015432042510304383, 
72, 000000, 000000, 2.6132097891357092e-05, 2.6132097891357092e-05, 0.999843207412652 0.00015679258734814256, 
73, 000000, 000000, 2.6970541222072212e-05, 2.6970541222072212e-05, 0.9998382025476424 0.00016177165738284104 2.579497479611919e-08, 
74, 000000, 000000, 2.7026356594183887e-05, 2.7026356594183887e-05, 0.999837841860435 0.00016215813956510332, 
75, 000000, 000000, 2.5706909497485507e-05, 2.5706909497485507e-05, 0.999845758543015 0.00015424145698491305, 
76, 000000, 000000, 2.5561248963877015e-05, 2.5561248963877015e-05, 0.9998466364282522 0.00015335964971232799 3.922035467057e-09, 
77, 000000, 000000, 2.555967978492966e-05, 2.555967978492966e-05, 0.9998466419212904 0.000153358078709578, 
78, 000000, 000000, 2.6268483535289052e-05, 2.6268483535289052e-05, 0.9998423890987883 0.0001576109012117343, 
79, 000000, 000000, 2.5913633874091048e-05, 2.5913633874091048e-05, 0.9998445181967555 0.0001554818032445463, 
80, 000000, 000000, 2.438268589902384e-05, 2.438268589902384e-05, 0.9998537175294082 0.0001462688257894565 1.3644802343277703e-08, 
81, 111111, 000000, 0.4307242534002466, 0.4307242534002466, 0.5142491412290429 8.204874719693547e-05 0.006901056611330309 0.02502912042315599 0.05518399071619421 0.11668981934110095 0.2818648229319788, 
82, 000000, 000000, 2.4787410445628787e-05, 2.4787410445628787e-05, 0.9998512755373262 0.00014872446267377273, 
83, 000000, 000000, 2.7033826500745377e-05, 2.7033826500745377e-05, 0.9998378097602296 0.00016217752053641335 1.2719234029452005e-08, 
84, 000000, 111111, 0.32247583069923635, 0.32247583069923635, 0.6516004952516844 0.00010924203582638774 0.004148865855284475 0.005162751102927298 0.02319007200378134 0.07653197337786186 0.23925660037263435, 
85, 000000, 000000, 2.6780471976726044e-05, 2.6780471976726044e-05, 0.9998393171681396 0.00016068283186035625, 
86, 000000, 000000, 2.6797347276206402e-05, 2.6797347276206402e-05, 0.9998392159163427 0.00016078408365723844, 
87, 000000, 000000, 2.5625328844845742e-05, 2.5625328844845742e-05, 0.9998462480269309 0.00015375197306907447, 
88, 000000, 000000, 2.550153547939779e-05, 2.550153547939779e-05, 0.9998470840417014 0.00015282270372084082 9.325457777295793e-08, 
89, 000000, 000000, 2.660031159633737e-05, 2.660031159633737e-05, 0.999840398130422 0.00015960186957802422, 
90, 000000, 000000, 2.585022022652341e-05, 2.585022022652341e-05, 0.9998448986786409 0.0001551013213591405, 
91, 000000, 000000, 2.501137276315556e-05, 2.501137276315556e-05, 0.9998499317634211 0.00015006823657893336, 
92, 000000, 000000, 2.56884199585739e-05, 2.56884199585739e-05, 0.9998458694802486 0.0001541305197514434, 
93, 000000, 000000, 2.54617822371597e-05, 2.54617822371597e-05, 0.9998473156151079 0.00015259807636125238 8.630853085290816e-08, 
94, 000000, 000000, 2.6680927105960435e-05, 2.6680927105960435e-05, 0.9998399144373643 0.0001600855626357626, 
95, 000000, 000000, 2.5338353838189933e-05, 2.5338353838189933e-05, 0.9998479698769709 0.00015203012302913963, 
96, 000000, 000000, 2.6065157822248524e-05, 2.6065157822248524e-05, 0.9998436090530666 0.00015639094693349116, 
97, 000000, 000000, 2.612790307032709e-05, 2.612790307032709e-05, 0.999843232581578 0.00015676741842196254, 
98, 000000, 000000, 2.5841507415923632e-05, 2.5841507415923632e-05, 0.9998449509555044 0.0001550490444955418, 
99, 000000, 000000, 2.6828275821830512e-05, 2.6828275821830512e-05, 0.999839030345069 0.00016096965493098307, 
100, 000000, 000000, 2.577004905944504e-05, 2.577004905944504e-05, 0.999845451877058 0.00015447595152734064 7.217141466481345e-08, 
run, initial grid state, final grid state, mean grid cell occupancy, mean binding site occupancy, fraction of time with N TFs bound, warning
1, 000000, 000000, 2.551268793154217e-05, 2.551268793154217e-05, 0.9998469238724108 0.00015307612758925306, 
2, 000000, 000000, 2.604981720573895e-05, 2.604981720573895e-05, 0.9998437010967656 0.0001562989032344337, 
3, 000000, 000000, 2.5063499662373265e-05, 2.5063499662373265e-05, 0.9998496190020258 0.0001503809979742396, 
4, 000000, 000000, 2.5615440917997237e-05, 2.5615440917997237e-05, 0.9998463073544921 0.00015369264550798344, 
5, 000000, 111111, 0.29269872096055505, 0.29269872096055505, 0.6717562749046099 0.00010652092061337297 0.008870587391787369 0.007405723707928089 0.025468149249763032 0.10410160101548376 0.18229114280981448, 
6, 000000, 000000, 2.5788578864299598e-05, 2.5788578864299598e-05, 0.9998452685268142 0.00015473147318579759, 
7, 000000, 000000, 2.5354847693734866e-05, 2.5354847693734866e-05, 0.9998478709138376 0.00015212908616240922, 
8, 000000, 000000, 2.709638848020928e-05, 2.709638848020928e-05, 0.9998374455390432 0.00016253059103245603 2.3869924399824367e-08, 
9, 000000, 000000, 2.606015269694322e-05, 2.606015269694322e-05, 0.9998436390838183 0.00015636091618165932, 
10, 000000, 111111, 0.40329950688762883, 0.40329950688762883, 0.5515457098132316 8.980566669940126e-05 0.004084829270835149 0.017667785059278917 0.03287060360728116 0.135395791985601 0.2583454745970728, 
11, 000000, 000000, 2.7071963597893442e-05, 2.7071963597893442e-05, 0.9998375682184127 0.00016243178158736066, 
12, 000000, 000000, 2.5804984445054493e-05, 2.5804984445054493e-05, 0.9998451845216706 0.0001548010499886849 1.4428340821039107e-08, 
13, 000000, 111110, 0.2260299507248279, 0.2260299507248279, 0.756472473070463 0.00010578114250459765 0.001127185865035738 0.0008631656975133078 0.015161947718139602 0.0670344155267704 0.15923503097957348, 
