run, initial grid state, final grid state, mean grid cell occupancy, mean binding site occupancy, fraction of time with N TFs bound, warning
1, 0000000000, 0000000000, 3.46781811873956e-06, 5.3718584932755105e-06, 0.9999677688490404 3.223115095965306e-05, 
2, 0000000000, 0000000000, 3.421562665301034e-06, 5.295190732477842e-06, 0.9999682288556051 3.177114439486706e-05, 
3, 0011111110, 0111111111, 0.7378105646745025, 0.9771400121643219, 0.0 0.0 0.0 0.0009868884656875473 0.016473555582769767 0.10125215045146696 0.8812874055000757, 
4, 1111111110, 1111111110, 0.7241113152529505, 0.9723197860589364, 0.0 0.0 0.0 0.001128899681699957 0.02070180741184115 0.12129096977759916 0.8568783231288598, 
5, 0000000000, 0000000000, 3.502866939729975e-06, 5.444150656878241e-06, 0.9999673350960587 3.266490394126945e-05, 
6, 0000000000, 0000000000, 3.3556701178418654e-06, 5.201983483295244e-06, 0.9999687880991003 3.121190089977147e-05, 
7, 0000000000, 0000000000, 3.4438693760883015e-06, 5.319545754138624e-06, 0.9999680827254752 3.191727452483175e-05, 
8, 0000000000, 0000000000, 3.2667353001812864e-06, 5.03340280650074e-06, 0.999969799583161 3.020041683900444e-05, 
9, 0000000000, 0000000000, 3.276875273685941e-06, 5.063803250542117e-06, 0.9999696171804967 3.0382819503252698e-05, 
10, 0000000000, 0000000000, 3.313381085447931e-06, 5.127364342079064e-06, 0.9999692358139475 3.076418605247438e-05, 
11, 0000000000, 0000000000, 3.263697515855642e-06, 5.040819810839078e-06, 0.999969755081135 3.024491886503447e-05, 
12, 0000000000, 0000000000, 3.3709473960815834e-06, 5.210443850439909e-06, 0.9999687373368974 3.126266310263946e-05, 
13, 0011111100, 1111111000, 0.7388371729209995, 0.9769834674055348, 0.0 0.0 0.0 0.0 0.01786592072036508 0.10236735412606092 0.8797667251535739, 
14, 0000000000, 0000000000, 3.2205969449620774e-06, 4.958153957041533e-06, 0.9999702510762578 2.9748923742249204e-05, 
15, 0000000000, 0000000000, 3.2571691970708046e-06, 5.018127050061605e-06, 0.9999698912376996 3.0108762300369628e-05, 
16, 0011111100, 0000000000, 0.1745926087097015, 0.23314258437187232, 0.7563010304078054 0.000261475834184885 0.00277207093848376 0.005612864090331934 0.00694206791403993 0.020219920297998698 0.20789057051715545, 
17, 1111111111, 0011111110, 0.7006365310820171, 0.95107718497175, 0.0 0.0 0.010926340190085483 0.012128989388254326 0.04103492555608173 0.13137471013223187 0.8045350347333466, 
18, 0000000000, 0000000000, 3.4437676447853866e-06, 5.34331544064397e-06, 0.9999679401073561 3.205989264386382e-05, 
19, 0000000000, 0000000000, 3.446510543975764e-06, 5.34999755220242e-06, 0.9999679000146868 3.209998531321453e-05, 
20, 0000000000, 0000000000, 3.350833965176062e-06, 5.17445504095433e-06, 0.9999689532697542 3.1046730245725977e-05, 
21, 0011111100, 0001111110, 0.7451116810930741, 0.9786254537008792, 0.0 0.0 0.0 0.0 0.014731723316439701 0.09878383116184546 0.8864844455217149, 
22, 0000000000, 0000000000, 3.371611743449433e-06, 5.209422270642807e-06, 0.9999687434663761 3.125653362385685e-05, 
23, 1111111111, 0111111100, 0.7321520612415542, 0.974545639300225, 0.0 0.0 0.0 0.0004215530009357134 0.013403743455413468 0.12465401828501574 0.861520685258635, 
24, 0011111110, 0011111110, 0.7317718596404618, 0.9696853468201402, 0.0 0.0 0.0 0.0 0.02276184496909487 0.1363642291409692 0.8408739258899358, 
25, 0011111100, 0111111110, 0.7257712086237478, 0.9631714451294003, 0.0 0.0 0.0 0.00526301557398222 0.04001453222443918 0.12515321805277357 0.8295692341488049, 
26, 0111111110, 0011111111, 0.7267073196730011, 0.9686906693256707, 0.0 0.0 0.0 0.0006809999205429354 0.033584113020342726 0.11864475824366127 0.8470901288154531, 
27, 0000000000, 0000000000, 3.4375414004110883e-06, 5.3254473009963495e-06, 0.9999680473161939 3.19526838059781e-05, 
28, 0000000000, 0000000000, 3.3584128404951766e-06, 5.18980129499776e-06, 0.99996886119223 3.113880776998656e-05, 
29, 0000000000, 0000000000, 3.3996393979033828e-06, 5.246793870998574e-06, 0.9999685192367741 3.148076322599145e-05, 
30, 0011111100, 0011111110, 0.7175528220252881, 0.964176761150829, 0.0 0.0 0.002194054300544943 0.005529605936212539 0.024962107191248497 0.13965018370171167 0.8276640488702823, 
31, 0000000000, 0000000000, 3.3714723811545487e-06, 5.22176311764878e-06, 0.999968669421294 3.133057870589268e-05, 
32, 0000000000, 0000000000, 3.337306606188634e-06, 5.128307916414058e-06, 0.9999692301525015 3.076984749848435e-05, 
33, 0000000000, 0000000000, 3.417319479175595e-06, 5.289684734947023e-06, 0.9999682618915903 3.1738108409682144e-05, 
34, 0000000000, 0000000000, 3.347873559915571e-06, 5.167907690724177e-06, 0.9999689962294324 3.100009499099405e-05 3.675576675505865e-09, 
35, 0000000000, 0000000000, 3.3401570549634492e-06, 5.1618752899643175e-06, 0.9999690287482602 3.09712517397859e-05, 
36, 0000000000, 0000000000, 3.3487410778689877e-06, 5.176806200570423e-06, 0.9999689391627967 3.106083720342254e-05, 
37, 0000000000, 0000000000, 3.3431504709421473e-06, 5.163096667102534e-06, 0.9999690214199973 3.0978580002615205e-05, 
38, 0000000000, 0000000000, 3.280072701437615e-06, 5.057375242948523e-06, 0.9999696557485422 3.0344251457691146e-05, 
39, 0000000000, 0000000000, 3.45047362444068e-06, 5.337054096615396e-06, 0.9999679776754202 3.2022324579692374e-05, 
40, 0000000000, 0000000000, 3.354177668826553e-06, 5.183778700472354e-06, 0.9999688973277971 3.110267220283413e-05, 
41, 0000000000, 0000000000, 3.4556621851862047e-06, 5.3440006878920905e-06, 0.9999679359958726 3.206400412735254e-05, 
42, 0111111100, 1111111100, 0.7316339825829475, 0.9713815855261323, 0.0 0.0 0.0016403232552623748 0.003100360441889727 0.017949142285959754 0.11994982792456901 0.8573603460923191, 
43, 0000000000, 0000000000, 3.3038673359947915e-06, 5.0831477428179885e-06, 0.9999695011135431 3.0498886456907934e-05, 
44, 0000000000, 0000000000, 3.5193307425131515e-06, 5.451494816130029e-06, 0.9999672910311033 3.270896889678017e-05, 
45, 0000000000, 0000000000, 3.427295518549086e-06, 5.305504455661633e-06, 0.9999681669732661 3.18330267339698e-05, 
46, 0000000000, 0000000000, 3.336667319223428e-06, 5.134768793650889e-06, 0.999969191387238 3.080861276190534e-05, 
47, 0000000000, 0000000000, 3.3486874442935727e-06, 5.186296062539554e-06, 0.9999688822236247 3.111777637523733e-05, 
48, 0011111111, 1111111100, 0.7081398506553577, 0.9577738182999567, 0.0 0.0 0.0 0.0052375121206682486 0.042669418186562905 0.15230571746512994 0.799787352227639, 
49, 0000000000, 0000000000, 3.3114189677716378e-06, 5.099914037870882e-06, 0.9999694005157728 3.059948422722529e-05, 
50, 0000000000, 0000000000, 3.314276705134344e-06, 5.104333996698081e-06, 0.9999693739960198 3.0626003980188494e-05, 
51, 0000000000, 0000000000, 3.413346153041613e-06, 5.293921638340493e-06, 0.9999682364701699 3.176352983004296e-05, 
52, 0000000000, 0000000000, 3.3665072712246383e-06, 5.201021326553262e-06, 0.9999687938720406 3.120612795931958e-05, 
53, 0000000000, 0000000000, 3.3827330710735034e-06, 5.225951348189646e-06, 0.9999686442919109 3.1355708089137875e-05, 
54, 0000000000, 0000000000, 3.390508232605502e-06, 5.235765009272384e-06, 0.9999685854099443 3.141459005563431e-05, 
55, 0000000000, 0000000000, 3.3241703677812617e-06, 5.129907165963416e-06, 0.9999692205570043 3.0779442995780505e-05, 
56, 0000000000, 0000000000, 3.411254886407601e-06, 5.271152535137004e-06, 0.9999683730847891 3.1626915210822036e-05, 
57, 0000000000, 0000000000, 3.339233992784802e-06, 5.145312976966725e-06, 0.9999691281221382 3.087187786180035e-05, 
58, 0000000000, 0000000000, 3.2660022017711803e-06, 5.043616886900558e-06, 0.9999697382986786 3.026170132140335e-05, 
59, 0000000000, 0000000000, 3.295044663951305e-06, 5.066807490938437e-06, 0.9999695991550545 3.040084494563063e-05, 
60, 0000000000, 0000000000, 3.2080523043047743e-06, 4.9321931936415006e-06, 0.9999704068408382 2.959315916184901e-05, 
61, 0011111100, 0111111111, 0.724914817244535, 0.9606946990350692, 0.0 0.0 0.0021229528342246156 0.0029146285802901357 0.037626019309324805 0.14334407009316683 0.8139923291829937, 
62, 0000000000, 0000000000, 3.360665529883125e-06, 5.176598957004546e-06, 0.999968940406258 3.105959374202728e-05, 
63, 0000000000, 0000000000, 3.292364633996799e-06, 5.0697558935209245e-06, 0.999969581464639 3.041853536112555e-05, 
64, 0000000000, 0000000000, 3.426146041730826e-06, 5.3096546017632505e-06, 0.9999681420723894 3.1857927610579505e-05, 
65, 0000000000, 0000000000, 3.319558891722065e-06, 5.108255493169949e-06, 0.9999693504670408 3.0649532959019694e-05, 
66, 0000000000, 0000000000, 3.4326203371705593e-06, 5.3133783717413286e-06, 0.9999681257740259 3.186818171786837e-05 6.044256289800008e-09, 
67, 0000000000, 0000000000, 3.3323626705779623e-06, 5.14678754473223e-06, 0.9999691192747316 3.088072526839338e-05, 
68, 0000000000, 0000000000, 3.3699439961695964e-06, 5.199457772742801e-06, 0.9999688032533636 3.119674663645681e-05, 
69, 0000000000, 0000000000, 3.4254099107560243e-06, 5.296285855332286e-06, 0.999968222284868 3.177771513199372e-05, 
70, 0000000000, 0000000000, 3.340955459729505e-06, 5.159848992185068e-06, 0.9999690409060469 3.0959093953110414e-05, 
71, 0000000000, 0000000000, 3.346805955867172e-06, 5.1514143239428645e-06, 0.9999690915140563 3.090848594365719e-05, 
72, 0000000000, 0000000000, 3.450535184972368e-06, 5.342564078394664e-06, 0.9999679446155297 3.205538447036798e-05, 
73, 0000000000, 0000000000, 3.307606165625809e-06, 5.109721178795719e-06, 0.9999693725829204 3.059650708638552e-05 3.090999319439842e-08, 
74, 0111111000, 0011111100, 0.7234295840147028, 0.9645367898846235, 0.0 0.0 3.947014662992386e-05 0.005445751375635521 0.026817330784331187 0.14264946441017032 0.8250479832832331, 
75, 0011111100, 0111111100, 0.7358446955389004, 0.9708442466045325, 0.0 0.0 0.0 0.005688418669744758 0.023964155379991622 0.10994095360358765 0.860406472346676, 
76, 0000000000, 0000000000, 3.38893290952391e-06, 5.24284698655729e-06, 0.9999685429180806 3.145708191934374e-05, 
77, 0000000000, 0000000000, 3.343302249710585e-06, 5.159775745362645e-06, 0.9999690413455279 3.0958654472175873e-05, 
78, 1111111110, 0011111111, 0.7298586765283038, 0.9688491000700618, 0.0 0.0 0.00020729508533988677 0.0019443770555641747 0.023316748338934188 0.13360959139370854 0.8409219881264531, 
79, 1111111110, 0000000000, 0.17486293997543645, 0.2349273104331145, 0.7549144464584658 2.308699130117893e-05 0.001164407690634557 0.0020493627295403534 0.007131635910865373 0.035765032921122056 0.19895202729807063, 
80, 0000000000, 0000000000, 3.237374602415787e-06, 4.988906051955659e-06, 0.9999700665636883 2.993343631173395e-05, 
81, 0000000000, 0000000000, 3.450867564471654e-06, 5.33257015242925e-06, 0.9999680045790854 3.19954209145755e-05, 
82, 0000000000, 0000000000, 3.423056852307671e-06, 5.299384897964101e-06, 0.9999682036906122 3.17963093877846e-05, 
83, 0000000000, 0000000000, 3.3527805847121465e-06, 5.179153284870017e-06, 0.9999689250802908 3.1074919709220106e-05, 
84, 0011111110, 1111111100, 0.7316631908115634, 0.969115538776041, 0.0 0.0 0.0 0.008737234659291335 0.02023161054675715 0.11863184227236537 0.8523993125215861, 
85, 0011111110, 0011111111, 0.7336436831441878, 0.9702181995492543, 0.0 0.0 0.0005661396682199977 0.003428437905200918 0.02791860741222782 0.11030371549153559 0.8577830995228158, 
86, 0111111111, 0111111100, 0.726623019310744, 0.9746411683561533, 0.0 0.0 0.0 0.0020838574712411843 0.013032991987423057 0.11983543347451087 0.8650477170668249, 
87, 0011111111, 0011111111, 0.7332134308176766, 0.9807186591966369, 0.0 0.0 0.0 0.0006414511888967241 0.007399754093806598 0.0989641830658759 0.8929946116514208, 
88, 0000000000, 0000000000, 3.3432465703963053e-06, 5.14770735705848e-06, 0.999969116764869 3.088022611962632e-05 3.0090113622801643e-09, 
89, 0000000000, 1111111110, 0.6294813440342057, 0.8372779561843552, 0.12454960028963086 4.031652192752586e-06 0.0009190446520327102 0.0026278545137653035 0.036317264431304445 0.14482023188308424 0.6907619725779897, 
90, 0000000000, 0000000000, 3.4272132048922463e-06, 5.313011460322922e-06, 0.9999681219312381 3.187806876193754e-05, 
91, 0000000000, 0000000000, 3.336785238615503e-06, 5.14701481623284e-06, 0.9999691179111025 3.088208889739704e-05, 
92, 0000000000, 0000000000, 3.266386387464248e-06, 5.033379313156529e-06, 0.999969799724121 3.0200275878939175e-05, 
93, 0000000000, 0000000000, 3.416458391203905e-06, 5.284002000881767e-06, 0.9999682959879947 3.17040120052906e-05, 
94, 0000000000, 0000000000, 3.453230918504314e-06, 5.323415261082062e-06, 0.9999680595084335 3.1940491566492375e-05, 
95, 0000000000, 0000000000, 3.498813760376566e-06, 5.422939534518022e-06, 0.9999674644180445 3.253352670368436e-05 2.0552517118908107e-09, 
96, 0000000000, 0000000000, 3.433571670865906e-06, 5.318313552004936e-06, 0.999968090118688 3.190988131202962e-05, 
97, 0000000000, 0000000000, 3.2204846512816633e-06, 4.956483655167569e-06, 0.999970261098069 2.9738901931005415e-05, 
98, 0111111110, 0011111100, 0.7367450562111075, 0.9704623476233801, 0.0 0.0 0.0 0.003794942894596812 0.033650865407018005 0.09853935476189314 0.8640148369364921, 
99, 0011111100, 0011111100, 0.7133906651914494, 0.9459474146707044, 0.0 0.0 0.0007578256216258236 0.019964249976781874 0.057226491486667856 0.1469384765855886 0.7751129563293359, 
100, 1111111110, 1111111100, 0.7298539323615755, 0.9727117809449636, 0.0 0.0 0.0 0.004068510468296664 0.021682034162862688 0.10815971459960372 0.8660897407692371, 
run, initial grid state, final grid state, mean grid cell occupancy, mean binding site occupancy, fraction of time with N TFs bound, warning
1, 0000000000, 0000000000, 3.341006970513336e-06, 5.1659571652483125e-06, 0.9999690042570085 3.0995742991489877e-05, 
2, 0000000000, 0000000000, 3.4134347766473485e-06, 5.29194458750476e-06, 0.999968248332475 3.175166752502857e-05, 
3, 0000000000, 0000000000, 3.2748443639421154e-06, 5.052768323792759e-06, 0.9999696833900573 3.0316609942756556e-05, 
4, 0111111110, 0011111111, 0.7207471175067903, 0.9624631953951313, 0.0 0.0 0.0024271799932404923 0.008654053344422279 0.028142044019807546 0.1332658595833685 0.8275108630591612, 
5, 0000000000, 0000000000, 3.4153924418393008e-06, 5.29720312442478e-06, 0.9999682167812535 3.1783218746548683e-05, 
6, 0000000000, 0000000000, 3.3242755152233443e-06, 5.142382829195991e-06, 0.9999691457030248 3.085429697517595e-05, 
7, 0000000000, 0000000000, 3.4210632812323626e-06, 5.299742243096676e-06, 0.9999682015465414 3.179845345858006e-05, 
8, 0000000000, 0000000000, 3.426011758690371e-06, 5.310180717754988e-06, 0.9999681389156936 3.186108430652993e-05, 
9, 0000000000, 0000000000, 3.3857302872676877e-06, 5.228042618137106e-06, 0.9999686317442912 3.136825570882264e-05, 
10, 1111111111, 0111111110, 0.7354203630752889, 0.968198720652254, 0.0 0.0007164739237813722 0.001152416983439979 0.0072867433220347895 0.022850693256925556 0.11505402205385383 0.8529396504599646, 
11, 0000000000, 0000000000, 3.4086268010475846e-06, 5.253426006613742e-06, 0.9999684794439603 3.1520556039682454e-05, 
12, 0000000000, 0000000000, 3.2940004764117975e-06, 5.100792334025451e-06, 0.9999693952459958 3.060475400415271e-05, 
13, 0000000000, 0000000000, 3.425915432119886e-06, 5.295998487991837e-06, 0.9999682240090721 3.177599092795103e-05, 
14, 0000000000, 0000000000, 3.413743742861528e-06, 5.274358777443419e-06, 0.9999683538473353 3.164615266466052e-05, 
15, 0000000000, 0000000000, 3.3521636482669963e-06, 5.187533044769176e-06, 0.9999688748017314 3.112519826861506e-05, 
16, 0000000000, 0000000000, 3.4833257714270174e-06, 5.396579016533796e-06, 0.9999676205259007 3.237947409920278e-05, 
17, 0000000000, 0000000000, 3.3654055099299803e-06, 5.202219944761234e-06, 0.9999687866803315 3.121331966856741e-05, 
18, 0000000000, 0000000000, 3.4166976242328084e-06, 5.295215498596421e-06, 0.9999682287070085 3.1771292991578534e-05, 
19, 0000000000, 0000000000, 3.3259844652001987e-06, 5.131083233705167e-06, 0.9999692135005979 3.0786499402231e-05, 
20, 0000000000, 0000000000, 3.432286760256356e-06, 5.314816060849351e-06, 0.9999681111036348 3.1888896365096104e-05, 
21, 0000000000, 0000000000, 3.523229333394484e-06, 5.465541898009389e-06, 0.999967206748612 3.2793251388056336e-05, 
22, 1111111110, 0011111111, 0.710428646795025, 0.9628722758502978, 0.0 0.0 0.0 0.005629521630787736 0.03177580559029136 0.14232616882526766 0.8202685039536532, 
23, 0011111110, 0111111111, 0.7175473030253541, 0.9630363409138026, 0.0 0.0 0.0 0.005679286814282962 0.0314656285131104 0.14181283704811404 0.8210422476244925, 
24, 0000000000, 0000000000, 3.247888403548816e-06, 4.999058502375276e-06, 0.9999700056489859 2.999435101425166e-05, 
25, 0111111100, 0011111100, 0.7316589030519031, 0.9607880951464468, 0.0 0.0 0.0008310278508633658 0.011374438285556605 0.02927581366173808 0.13927237553772073 0.8192463446641213, 
26, 0111111110, 0111111100, 0.7291417763910109, 0.9714380254439934, 0.0 0.0 8.782820632991336e-05 0.0015090072291558127 0.021851086144470813 0.12279134053431093 0.8537607378857326, 
27, 0000111100, 0011111110, 0.7300254768618091, 0.9671279532543302, 0.0 0.0 0.0018510600767173652 0.007690823512682876 0.028394416642961322 0.10996673634317859 0.8520969634244598, 
28, 0000000000, 0000000000, 3.5380135423700107e-06, 5.48799578374586e-06, 0.9999670720252974 3.292797470247516e-05, 
29, 0000000000, 0000000000, 3.4669198303674128e-06, 5.387146198201853e-06, 0.9999676877994857 3.2301523839241625e-05 1.0676674984750293e-08, 
30, 1111111111, 1111111111, 0.733716233209476, 0.9728486647639722, 0.0 0.0 0.0 0.003914641157627191 0.01779482549267705 0.11557443695793125 0.8627160963917645, 
31, 0111111111, 0011111111, 0.7307693167360707, 0.9660481012812031, 0.0 0.0 0.0006838159420440878 0.0019421154383532772 0.03360910490011718 0.12793157242931083 0.8358333912901745, 
32, 0011111100, 0011111110, 0.7321539250794873, 0.9711941171716376, 0.0 0.0 0.0 0.0017492264529873074 0.024667102242561207 0.1182534131260904 0.8553302581783611, 
33, 0000000000, 0000000000, 3.2860990588487778e-06, 5.0644962751174645e-06, 0.9999696130223493 3.038697765070479e-05, 
34, 0111111111, 0111111111, 0.7230110812641021, 0.9689268914657618, 0.0 0.0 0.0011437692968004657 0.00935931810304897 0.026210051474778878 0.10136551675952268 0.861921344365849, 
35, 0000000000, 0000000000, 3.4895653686520385e-06, 5.409990080588465e-06, 0.9999675400595164 3.245994048353079e-05, 
36, 0000000000, 0000000000, 3.387749619352527e-06, 5.233402558123463e-06, 0.9999685995846512 3.140041534874078e-05, 
37, 0000000000, 0000000000, 3.486122414255703e-06, 5.371917890168667e-06, 0.9999677684926589 3.2231507341012e-05, 
38, 0000000000, 0000000000, 3.4150406076250687e-06, 5.2570435116791694e-06, 0.99996845773893 3.154226107007502e-05, 
39, 0000000000, 0000000000, 3.349446323639957e-06, 5.177367964202929e-06, 0.9999689357922149 3.106420778521757e-05, 
40, 0000000000, 0000000000, 3.4931110664487917e-06, 5.405016834206769e-06, 0.9999675698989947 3.2430101005240616e-05, 
41, 0000000000, 0000000000, 3.3808374105325883e-06, 5.211435359466671e-06, 0.9999687313878431 3.126861215680003e-05, 
42, 0000000000, 0000000000, 3.412400579685485e-06, 5.2840531409474764e-06, 0.9999682956811543 3.1704318845684854e-05, 
43, 0000000000, 0000000000, 3.3422751815666805e-06, 5.173125045693761e-06, 0.9999689612497258 3.103875027416257e-05, 
44, 0000000000, 0000000000, 3.3244693420928798e-06, 5.1358784007099955e-06, 0.9999691847295957 3.081527040425997e-05, 
45, 0000000000, 0011111100, 0.04999723333661336, 0.06281866387904146, 0.9352888927503094 0.00041318870700220774 0.0001450631090121042 0.0017604582233193941 0.001011991301895096 0.0014031069790873072 0.059977298929374555, 
46, 0000000000, 0000000000, 3.370904872452125e-06, 5.2073185264579075e-06, 0.9999687560888412 3.124391115874744e-05, 
47, 0000000000, 0000000000, 3.3911037305491804e-06, 5.226447369076423e-06, 0.9999686413157856 3.135868421445854e-05, 
48, 0000000000, 0000000000, 3.4526865078835255e-06, 5.340165036946058e-06, 0.9999679623621229 3.203428553269588e-05 3.3523444902329212e-09, 
49, 0000000000, 0000000000, 3.336805892859967e-06, 5.15256859207777e-06, 0.9999690845884477 3.0915411552466624e-05, 
50, 0000000000, 0000000000, 3.249990163274348e-06, 5.016653559743232e-06, 0.9999699000786416 3.0099921358459394e-05, 
51, 0000000000, 0000000000, 3.4467991649608133e-06, 5.3324950971141975e-06, 0.9999680050294173 3.1994970582685185e-05, 
52, 1111111110, 1111111100, 0.7331704063238236, 0.9743050555604611, 0.0 0.0 0.0 0.0026689373997420564 0.02010406012973945 0.10595473417852855 0.87127226829199, 
53, 0000000000, 0000000000, 3.423081493577149e-06, 5.328887331083741e-06, 0.9999680266760135 3.197332398650244e-05, 
54, 0111111111, 0011111100, 0.7297642429278302, 0.9697581190787701, 0.0 0.0 0.0 0.004421282565083844 0.01857950827730806 0.1310284212775121 0.845970787880096, 
55, 0011111100, 0011111100, 0.735294554028963, 0.9757509935974265, 0.0 0.0 0.0 0.0 0.018060469696539416 0.10937309902236267 0.8725664312810979, 
56, 0000000000, 0000000000, 3.404687581911511e-06, 5.258421306190771e-06, 0.9999684494721628 3.1550527837144626e-05, 
57, 0000000000, 0000000000, 3.5013353482071154e-06, 5.4390449575413306e-06, 0.9999673657302548 3.263426974524799e-05, 
58, 1111111100, 0011111111, 0.7296993286867459, 0.9702079554190423, 0.0 0.0 0.0 0.006474626407023192 0.015496489176301637 0.12833540991207376 0.8496934745046014, 
59, 0000000000, 0000000000, 3.435291532052589e-06, 5.303280704580966e-06, 0.9999681803157726 3.18196842274858e-05, 
60, 0111111100, 0011111111, 0.7336059542935242, 0.9672019937101695, 0.0 0.0 0.0008872213026393026 0.011075432889898418 0.025054978083804316 0.10990289769112212 0.8530794700325358, 
61, 0000000000, 0000000000, 3.255136728049941e-06, 5.013210411287533e-06, 0.9999699207375323 3.0079262467725198e-05, 
62, 0000000000, 0000000000, 3.42629497412277e-06, 5.307529545798499e-06, 0.9999681548227252 3.1845177274791e-05, 
63, 0111111110, 0011111111, 0.7389245056198595, 0.9759104596570151, 0.0 0.0 0.0008878560481590316 0.00412136113214629 0.01776153240250383 0.09309866966382711 0.8841305807533638, 
64, 0000000000, 0000000000, 3.4571783514219758e-06, 5.342762017979236e-06, 0.9999679434278921 3.2056572107875417e-05, 
65, 0000000000, 0000000000, 3.363267843031202e-06, 5.178906898830956e-06, 0.9999689265586069 3.107344139298573e-05, 
66, 0000000000, 0000000000, 3.3687366616432833e-06, 5.1951572179786635e-06, 0.9999688290566922 3.117094330787198e-05, 
67, 0000000000, 0000000000, 3.451141072435582e-06, 5.339768834395614e-06, 0.9999679613869936 3.203861300637368e-05, 
68, 0000000000, 0000000000, 3.405531777722165e-06, 5.27844061348012e-06, 0.9999683293563191 3.1670643680880725e-05, 
69, 0000000000, 0000000000, 3.3846053859061462e-06, 5.2242041467862485e-06, 0.9999686547751193 3.1345224880717494e-05, 
70, 1111111100, 0011111110, 0.7265687318992553, 0.9705360494875739, 0.0 0.0 6.729049541076024e-05 0.002005953435757387 0.022192693336134352 0.1261112941133724 0.8496227686193252, 
71, 0001111111, 1111111110, 0.7391871838469214, 0.9721464889103557, 0.0 0.0 0.0 0.001430225228319253 0.026295118986872944 0.11024015287916282 0.8620345029056451, 
72, 0111111110, 0011111111, 0.7296757570667924, 0.9721955610338566, 0.0 0.0 0.0 0.0011896830981173968 0.01527618710979663 0.13270521028291477 0.8508289195091712, 
73, 0000000000, 0000000000, 3.3796202123631898e-06, 5.238576208523137e-06, 0.9999685685427488 3.1431457251138826e-05, 
74, 0000000000, 0000000000, 3.4007316168130794e-06, 5.262632902779224e-06, 0.9999684242025834 3.157579741667534e-05, 
75, 1111111100, 1111111110, 0.7309015494182114, 0.9662847769371654, 0.0 0.0 0.0 0.0030500467646602217 0.04185443874701621 0.10943232058899512 0.8456631938993285, 
76, 0111111110, 1111111111, 0.7119672642291194, 0.9608782783755678, 0.0 0.0 0.00588712089656194 0.010661637270775919 0.02354580113636732 0.13210533207528308 0.8278001086210117, 
77, 0000000000, 0000000000, 3.391528097803363e-06, 5.243058232866755e-06, 0.9999685416506028 3.145834939720053e-05, 
78, 0000000000, 0000000000, 3.3271555920028557e-06, 5.1484772373061705e-06, 0.9999691091365761 3.089086342383702e-05, 
79, 0011111100, 0111111110, 0.7239870135165202, 0.9649578351650359, 0.0 0.0 0.0037568806223433923 0.010463448255928187 0.02332182231082603 0.11719147713097505 0.8452663716799275, 
80, 0000000000, 0000000000, 3.3471899497871606e-06, 5.170411329824136e-06, 0.9999689775320211 3.102246797894482e-05, 
81, 0000000000, 0000000000, 3.4423523823468614e-06, 5.328167832953319e-06, 0.9999680309930022 3.1969006997719914e-05, 
82, 0011111100, 1111111110, 0.7290866307247195, 0.9731796934101019, 0.0 0.0 0.0 0.001899810345506462 0.025908109313317506 0.10340618987623378 0.8687858904649423, 
83, 0000000000, 0000000000, 3.3795625419565253e-06, 5.204807067475325e-06, 0.9999687711575952 3.122884240485195e-05, 
84, 0000000000, 0000000000, 3.3190585834779573e-06, 5.132531117800633e-06, 0.9999692048132932 3.07951867068038e-05, 
85, 0000000000, 0000000000, 3.416533679253337e-06, 5.294247400966601e-06, 0.9999682345155941 3.176548440579961e-05, 
86, 0111111100, 0111111100, 0.7327363238777137, 0.9655538594999203, 0.0 0.0 0.0010150101462124074 0.010269304884736707 0.03447280570935569 0.10286327634270721 0.851379602916988, 
87, 0111111100, 1111111100, 0.7387829879135899, 0.9746551297193685, 0.0 0.0 0.0005809935566708586 0.001836563798081534 0.017480945926329164 0.10927366421020226 0.8708278325087162, 
88, 0000000000, 0000000000, 3.362410382629311e-06, 5.192972830890054e-06, 0.9999688421630146 3.115783698534033e-05, 
89, 0000000000, 0000000000, 3.360788672072769e-06, 5.190213030386524e-06, 0.9999688587218176 3.1141278182319145e-05, 
90, 0111111100, 0011111100, 0.7268986532900957, 0.9655024085254204, 0.0 0.0 0.0 0.0012504473689630413 0.03038507391840791 0.1424640589037732 0.8259004198088559, 
91, 0000000000, 0000000000, 3.3377053602057386e-06, 5.174662177070156e-06, 0.9999689520269376 3.104797306242094e-05, 
92, 0000000000, 0000000000, 3.3549380188683184e-06, 5.165898113042921e-06, 0.9999690046113218 3.0995388678257525e-05, 
93, 0000000000, 0011111100, 0.620641050888244, 0.8160137056273506, 0.158964260878998 0.0002827506639597751 0.0026415747596788687 0.006882859515297696 0.014605921549209951 0.08829172695908072 0.728330905673775, 
94, 0000000000, 0000000000, 3.3321466950242323e-06, 5.1630442350108564e-06, 0.9999690217345899 3.0978265410065135e-05, 
95, 0000000000, 0000000000, 3.3551973203077293e-06, 5.191638878493981e-06, 0.9999688501667291 3.114983327096389e-05, 
96, 0000000000, 0000000000, 3.29680589091469e-06, 5.083655564910279e-06, 0.9999694980666105 3.0501933389461674e-05, 
97, 0000000000, 0000000000, 3.225485825654327e-06, 4.975341631506296e-06, 0.9999701479502109 2.9852049789037772e-05, 
98, 0000000000, 0000000000, 3.4060679062177884e-06, 5.255460366661219e-06, 0.9999684672378001 3.1532762199967315e-05, 
99, 0000000000, 0000000000, 3.380716210432183e-06, 5.215420624922787e-06, 0.9999687074762506 3.1292523749536726e-05, 
100, 0111111111, 0111111110, 0.7360009855788082, 0.9678785553498797, 0.0 0.0 0.0004020748999514821 0.010905306640796206 0.025919268920719923 0.10656591053708744 0.856207439001445, 
run, initial grid state, final grid state, mean grid cell occupancy, mean binding site occupancy, fraction of time with N TFs bound, warning
1, 0000000000, 0000000000, 3.3709643496110667e-06, 5.2125678655320795e-06, 0.9999687245928067 3.127540719319248e-05, 
2, 1111111111, 0011111100, 0.7488110120202955, 0.9811201687170054, 0.0 0.0 0.0 0.003260295763563769 0.012170077115457254 0.07915794617636226 0.9054116809446167, 
3, 0000000000, 0000000000, 3.3159057583388333e-06, 5.110152634065786e-06, 0.9999693390841956 3.066091580439472e-05, 
4, 0011111110, 0111111110, 0.7232744007087584, 0.9622781351660897, 0.0 0.0 0.003767448945488163 0.01121171458504652 0.03543051968951391 0.10676521008734126 0.8428251066926101, 
5, 0000000000, 0000000000, 3.4321683460034628e-06, 5.311935501006109e-06, 0.999968128386994 3.187161300603666e-05, 
6, 0000000000, 0000000000, 3.350806760885631e-06, 5.1669642479185355e-06, 0.9999689991680558 3.099987840074147e-05 9.535433848698933e-10, 
7, 0000000000, 0000000000, 3.300046867177093e-06, 5.0808347491732905e-06, 0.9999695149915049 3.048500849503974e-05, 
8, 0000000000, 0000000000, 3.346341054422813e-06, 5.16494169087476e-06, 0.9999690103498549 3.098965014524857e-05, 
9, 0011111100, 0011111110, 0.7290429865271505, 0.9722935945150388, 0.0 0.0 0.0 0.00022169969627777733 0.020537885898201647 0.12449756202452991 0.8547428523809907, 
10, 0000000000, 0000000000, 3.458113883332809e-06, 5.3532084394045e-06, 0.9999678807493636 3.2119250636427006e-05, 
11, 0000000000, 0000000000, 3.2379944080845477e-06, 4.993841110767541e-06, 0.9999700369533355 2.9963046664605246e-05, 
12, 0111111110, 0011111110, 0.7348975266879804, 0.9748283146577144, 0.0 0.0 0.0 5.504545315418924e-05 0.01571487608194214 0.11943522353036698 0.8647948549345368, 
13, 0000000000, 0000000000, 3.3712544892013205e-06, 5.215563152702006e-06, 0.9999687066210837 3.1293378916212047e-05, 
14, 0111111100, 1111111110, 0.7393480336386448, 0.978056444881019, 0.0 0.0 0.0 0.0015908800308220726 0.017520839941728227 0.09184701073796421 0.8890412692894855, 
15, 0000000000, 0000000000, 3.438722469381827e-06, 5.311189323030919e-06, 0.9999681328640618 3.186713593818552e-05, 
16, 0000000000, 0000000000, 3.4359695840672714e-06, 5.3248177751492e-06, 0.9999680537469241 3.194359950089458e-05 2.6535750003088084e-09, 
17, 0001111000, 0111111111, 0.7228602037417706, 0.9645601899131874, 0.0 0.0 0.0006175647782373428 0.004562826093845182 0.03487070228473518 0.1267387185569204 0.8332101882862619, 
18, 0000000000, 0000000000, 3.2860987372537856e-06, 5.071533246529472e-06, 0.9999695708005208 3.0429199479176835e-05, 
19, 0000000000, 0000000000, 3.3592797792919348e-06, 5.1988214279970645e-06, 0.999968807071432 3.1192928567982396e-05, 
20, 1111111100, 0011111100, 0.7189297972553468, 0.9714172237488661, 0.0 0.0 0.0 0.00011528739875827516 0.01829286475461658 0.13456506580129607 0.8470267820453291, 
21, 0111111111, 1111111110, 0.7191617687339982, 0.9660979629409173, 0.0 0.0 0.0 0.0019700357746150377 0.02948177579421217 0.1385385634422265 0.8300096249889464, 
22, 0000000000, 0000000000, 3.4783861613679686e-06, 5.383868491580914e-06, 0.9999676967890505 3.2303210949485485e-05, 
23, 0011111100, 0001111100, 0.7333889474875451, 0.9687369716639483, 0.0 0.0 0.00028287439834467 0.0013355025659517162 0.03252558979356108 0.11738898513795368 0.8484670481041889, 
24, 0000000000, 0000000000, 3.284633898024995e-06, 5.063989437123086e-06, 0.9999696160633773 3.038393662273852e-05, 
25, 0000000000, 0000000000, 3.3162898199604464e-06, 5.138976977213363e-06, 0.9999691661381367 3.083386186328018e-05, 
26, 0000000000, 0000000000, 3.4104103225312455e-06, 5.281390001983174e-06, 0.9999683116599881 3.168834001189904e-05, 
27, 0000000000, 0000000000, 3.480480574341617e-06, 5.374944173542609e-06, 0.9999677503349588 3.2249665041255656e-05, 
28, 0000000000, 0011111100, 0.5484346841686305, 0.732218941216336, 0.23757441112275146 7.152478482300411e-06 0.0025935661122238915 0.006624476806665289 0.019752842390106915 0.11145074392395872 0.6219968071658113, 
29, 0011111110, 0111111111, 0.7288635784664202, 0.9683955278115367, 0.0 0.0 0.0004406286460812886 0.009605183394732588 0.02552005863255903 0.1080086510971396 0.8564254782294874, 
30, 0000000000, 0000000000, 3.3903197151809754e-06, 5.2550650505439755e-06, 0.9999684696096968 3.153039030326386e-05, 
31, 0000000000, 0000000000, 3.3847033890642588e-06, 5.235922127007035e-06, 0.9999685844672379 3.141553276204221e-05, 
32, 0011111110, 0011111100, 0.729627562332346, 0.9730744062431016, 0.0 0.0 0.0 0.003582832740890809 0.014505713051362036 0.12179363821599289 0.8601178159917542, 
33, 0000000000, 0000000000, 3.4819344253786948e-06, 5.366710474233361e-06, 0.9999677997371546 3.2200262845400166e-05, 
34, 0011111100, 1111111100, 0.7265191812079127, 0.9671742785920342, 0.0 0.0 0.0 0.0039386294056820296 0.02985619786272475 0.1254260445052995 0.8407791282262937, 
35, 0011111110, 0111111100, 0.7212858373446405, 0.9662585081366776, 0.0 0.0 0.0 0.0027200792687119895 0.032900237023633705 0.1284882393265317 0.8358914443811226, 
36, 0000000000, 0000000000, 3.2637938326151162e-06, 5.036983779323827e-06, 0.9999697825571309 3.0212983062241008e-05 4.459806850978306e-09, 
37, 0001111100, 1111111100, 0.7371241507657527, 0.9739775821050592, 0.0 0.0 0.0 0.0015318852742706025 0.015894175436709436 0.11975050067341313 0.8628234386156067, 
38, 0111111000, 0000000000, 0.049637188195610624, 0.06762064336430028, 0.928782696686075 2.917974557737509e-05 9.445775040115627e-05 0.003086634178690328 0.0021020688803739915 0.007592189671437361 0.05831277308744469, 
39, 0000000000, 0000000000, 3.370151705671872e-06, 5.213603291116258e-06, 0.9999687183802534 3.128161974669755e-05, 
40, 1111111111, 0111111111, 0.7219414396036447, 0.9610894152487346, 0.0 0.0 0.0 0.005321600235172318 0.049171191018885306 0.11915632576430461 0.8263508829816377, 
41, 0000000000, 0000000000, 3.5655224102888884e-06, 5.529385712499114e-06, 0.999966823685725 3.317631427499469e-05, 
42, 0000000000, 0000000000, 3.4472563024863393e-06, 5.321237495096112e-06, 0.9999680725750295 3.1927424970576674e-05, 
43, 0000000000, 0000000000, 3.3364571584879545e-06, 5.142868006491723e-06, 0.999969142791961 3.085720803895034e-05, 
44, 0000000000, 0000000000, 3.3867350364666217e-06, 5.243394039803173e-06, 0.9999685396357612 3.146036423881904e-05, 
45, 0000000000, 0000000000, 3.3930032226048434e-06, 5.260070608353688e-06, 0.99996843957635 3.1560423650122134e-05, 
46, 0000000000, 0000000000, 3.4388089769432944e-06, 5.313231094633358e-06, 0.9999681206134323 3.187938656780015e-05, 
47, 0000000000, 0000000000, 3.4656383167614254e-06, 5.3862791244057776e-06, 0.9999676823252535 3.2317674746434665e-05, 
48, 0011111111, 0011111100, 0.7370438557335142, 0.9794915661401039, 0.0 0.0 0.0 0.0003482338889932632 0.00943821343879227 0.10312947461481238 0.8870840780574021, 
49, 0000000000, 0000000000, 3.534054030366591e-06, 5.47949335331293e-06, 0.9999671230398801 3.2876960119877586e-05, 
50, 0011111100, 1111111100, 0.719073214546104, 0.9651486554745567, 0.0 0.0 0.0 0.003945074609782716 0.023091287891031927 0.15109026754124752 0.8218733699579379, 
51, 0000000000, 0000000000, 3.3259645782162497e-06, 5.135757799963244e-06, 0.9999691854532002 3.0814546799779466e-05, 
52, 0000000000, 0000000000, 3.434994834883227e-06, 5.316925832361927e-06, 0.9999680984450059 3.190155499417157e-05, 
53, 0000000000, 0000000000, 3.4874376671248097e-06, 5.415051259884891e-06, 0.9999675096924407 3.249030755930935e-05, 
54, 0000000000, 0000000000, 3.2846217185626176e-06, 5.084388281362138e-06, 0.9999694936703117 3.050632968817283e-05, 
55, 0000000000, 0000000000, 3.38337447859754e-06, 5.244124910549457e-06, 0.9999685352505367 3.1464749463296744e-05, 
56, 0011111100, 0111111000, 0.7129207355587184, 0.9595392790950962, 0.0 0.0 0.0 0.007020533029448843 0.040070724278405856 0.14156127778426486 0.8113474649078805, 
57, 0000000000, 0000000000, 3.3725956144838905e-06, 5.215659905368515e-06, 0.9999687060405678 3.1293959432211094e-05, 
58, 0000000000, 0000000000, 3.3596536617726327e-06, 5.215376488780143e-06, 0.9999687077410674 3.129225893268086e-05, 
59, 0000000000, 0000000000, 3.477757758671711e-06, 5.386949876964064e-06, 0.9999676783007382 3.232169926178439e-05, 
60, 0011111110, 0111111100, 0.7116471062941513, 0.960668472561533, 0.0 0.0 0.0 0.004385218020538403 0.02911085681021551 0.1646117969487554 0.8018921282204906, 
61, 0000000000, 0000000000, 3.4455565077982553e-06, 5.33122052776551e-06, 0.9999680126768334 3.198732316659306e-05, 
62, 0000000000, 0000000000, 3.2789712424022373e-06, 5.06812854622826e-06, 0.9999695912287226 3.040877127736956e-05, 
63, 0000000000, 0000000000, 3.3193461511101612e-06, 5.1210525263762486e-06, 0.9999692736848417 3.072631515825749e-05, 
64, 0000000000, 0000000000, 3.3729497255628866e-06, 5.214378286000633e-06, 0.9999687137302841 3.12862697160038e-05, 
65, 0011111100, 0111111000, 0.7300026002738416, 0.9700493290022906, 0.0 0.0 0.0 0.0035145563284386338 0.02528094065694515 0.11859847568705083 0.8526060273275654, 
66, 0111111100, 1111111111, 0.7296595231359113, 0.9674129163369429, 0.0 0.0 0.000830267600498313 0.006297068238175937 0.02884770920125436 0.11561480845931188 0.8484101465007595, 
67, 0000000000, 0000000000, 3.3627947136923618e-06, 5.1785987864523684e-06, 0.9999689284072812 3.107159271871421e-05, 
68, 0000000000, 0000000000, 3.37881594533634e-06, 5.233512845187972e-06, 0.9999685989229289 3.1401077071127834e-05, 
69, 0000000000, 0000000000, 3.320289194317395e-06, 5.121559699858021e-06, 0.9999692706418009 3.072935819914813e-05, 
70, 0000000000, 0000000000, 3.383338344457457e-06, 5.247655856190356e-06, 0.9999685140648629 3.1485935137142134e-05, 
71, 0000000000, 0000000000, 3.4127964692285388e-06, 5.262277831209916e-06, 0.9999684263330129 3.1573666987259495e-05, 
72, 1111111100, 0111111100, 0.7401759845338435, 0.971890694033711, 0.0 0.0 0.0 0.0025632984789940856 0.02947023401350319 0.10202547233374624 0.8659409951737564, 
73, 0011111110, 0011111100, 0.724604535921713, 0.9669760615537913, 0.0 0.0 0.0006985140169955505 0.006310224331549749 0.03040272591331233 0.11561344978799544 0.846975085950147, 
74, 0000000000, 0000000000, 3.3566608080319968e-06, 5.197639356374553e-06, 0.9999688141638617 3.1185836138247324e-05, 
75, 0011111100, 0111111100, 0.733335253729387, 0.967977051702747, 0.0 0.0 0.0 0.00281926178307783 0.022786259719804684 0.13810738499467587 0.8362870935024416, 
76, 0000000000, 0000000000, 3.4235144393081844e-06, 5.298347389096743e-06, 0.9999682099156655 3.1790084334580456e-05, 
77, 0011111110, 1111111111, 0.7465594428880028, 0.9797003944705963, 0.0 0.0 0.0 0.0017663977804603462 0.013954647994411672 0.08858914384621781 0.8956898103789102, 
78, 0000000000, 0000000000, 3.368431201792829e-06, 5.2236921874467694e-06, 0.9999686578468753 3.1342153124680625e-05, 
79, 0000000000, 0000000000, 3.4260194080041433e-06, 5.308317533715141e-06, 0.9999681500947977 3.184990520229084e-05, 
80, 0000000000, 0000000000, 3.3619077677930213e-06, 5.195914003477721e-06, 0.9999688245159791 3.1175484020866334e-05, 
81, 0000000000, 0000000000, 3.421073349055884e-06, 5.275633057221919e-06, 0.9999683462016566 3.1653798343331517e-05, 
82, 0000000000, 0000000000, 3.4434739274395226e-06, 5.347668309927014e-06, 0.9999679139901404 3.208600985956209e-05, 
83, 0001111100, 0011111111, 0.7425508103291053, 0.9729159613212865, 0.0 0.0 0.0 0.00034995768014649194 0.013723635105212875 0.13400708882141504 0.8519193183932255, 
84, 0000000000, 0000000000, 3.5121984070968394e-06, 5.443921040792051e-06, 0.9999673364737552 3.2663526244752306e-05, 
85, 0111111110, 0000000000, 0.5009435933200536, 0.6620989618590617, 0.30925412293414056 1.0439345710504621e-05 0.00042456149090335475 0.007087527409315023 0.027286979971179803 0.0942945063783158 0.5616418624704349, 
86, 0000000000, 0000000000, 3.479014458291881e-06, 5.40033094288261e-06, 0.9999675980143427 3.240198565729566e-05, 
87, 0000000000, 0000000000, 3.3479747062773134e-06, 5.159793258861186e-06, 0.9999690412404468 3.095875955316712e-05, 
88, 0000000000, 0000000000, 3.309024106562736e-06, 5.080668180352473e-06, 0.9999695159909179 3.0484009082114843e-05, 
89, 0000000000, 0011111110, 0.09361917307462028, 0.12259565614440024, 0.8688094027627966 2.611670396863879e-05 0.0016856831890132312 0.007978623793249243 0.005627108699722403 0.009506241501729488 0.10636682334952025, 
90, 0000000000, 0000000000, 3.3031857516403786e-06, 5.094622907193057e-06, 0.9999694322625569 3.0567737443158344e-05, 
91, 0000000000, 0000000000, 3.2977026796219757e-06, 5.076183707879907e-06, 0.9999695428977526 3.0457102247279443e-05, 
92, 0000000000, 0011111100, 0.3365779023826218, 0.46165978223266446, 0.5239897757894554 1.6689146896124292e-05 2.6466056360063094e-05 0.0009992971980786322 0.011067448438187098 0.06078055343674909 0.4031197699342735, 
